OneBody4_E-0.20_plotinterval0.010_ecc0.0_RK4.txt
initial value : [x, y, v_x, v_y] = [22.50,0.00,0.00,0.63] , numerical interval dt = 0.02000 , [M, m] = [ 9, 1]

num|given_position|geodesic|newtonian
num| degree1, x1, y1 | degree2, x2, y2, simple error, relative error, d(rho) | degree2, x2, y2, simple error, relative error, dt
  1|0.000000,22.500000,0.000000|0.000444,22.499998,0.010000,0.000002,0.000010,0.015811|0.000444,22.499998,0.010000,0.000002,0.000010,0.015811
  2|0.020010,22.495496,0.450198|0.020455,22.495489,0.460198,0.004511,0.020049,0.015811|0.020454,22.495489,0.460198,0.004511,0.020049,0.015811
  3|0.040020,22.481984,0.900216|0.040464,22.481973,0.910216,0.018027,0.080120,0.015811|0.040464,22.481973,0.910216,0.018027,0.080120,0.015811
  4|0.060030,22.459471,1.349874|0.060474,22.459456,1.359873,0.040544,0.180198,0.015811|0.060474,22.459456,1.359873,0.040544,0.180198,0.015811
  5|0.080041,22.427965,1.798991|0.080484,22.427945,1.808990,0.072055,0.320243,0.015811|0.080484,22.427945,1.808990,0.072055,0.320243,0.015811
  6|0.100051,22.387480,2.247387|0.100493,22.387455,2.257387,0.112545,0.500198,0.015811|0.100493,22.387455,2.257386,0.112545,0.500198,0.015811
  7|0.120061,22.338030,2.694884|0.120502,22.338001,2.704883,0.161999,0.719993,0.015811|0.120502,22.338001,2.704883,0.161999,0.719993,0.015811
  8|0.140071,22.279637,3.141302|0.140511,22.279604,3.151301,0.220396,0.979539,0.015811|0.140511,22.279604,3.151300,0.220396,0.979539,0.015811
  9|0.160081,22.212323,3.586462|0.160520,22.212285,3.596461,0.287715,1.278732,0.015811|0.160520,22.212285,3.596459,0.287715,1.278732,0.015811
 10|0.180091,22.136115,4.030186|0.180529,22.136073,4.040184,0.363927,1.617452,0.015811|0.180529,22.136073,4.040183,0.363927,1.617452,0.015811
 11|0.200101,22.051044,4.472297|0.200537,22.050998,4.482294,0.449002,1.995564,0.015811|0.200537,22.050998,4.482292,0.449002,1.995564,0.015811
 12|0.220112,21.957145,4.912617|0.220546,21.957094,4.922613,0.542906,2.412916,0.015811|0.220546,21.957094,4.922611,0.542906,2.412916,0.015811
 13|0.240122,21.854453,5.350970|0.240554,21.854398,5.360966,0.645602,2.869341,0.015811|0.240554,21.854398,5.360963,0.645602,2.869341,0.015811
 14|0.260132,21.743012,5.787180|0.260562,21.742952,5.797175,0.757048,3.364657,0.015811|0.260562,21.742952,5.797172,0.757048,3.364657,0.015811
 15|0.280142,21.622864,6.221073|0.280570,21.622800,6.231068,0.877200,3.898665,0.015811|0.280569,21.622800,6.231064,0.877200,3.898665,0.015811
 16|0.300152,21.494059,6.652475|0.300577,21.493991,6.662469,1.006009,4.471151,0.015811|0.300577,21.493991,6.662465,1.006009,4.471151,0.015811
 17|0.320162,21.356648,7.081214|0.320585,21.356576,7.091207,1.143424,5.081886,0.015811|0.320585,21.356576,7.091203,1.143424,5.081886,0.015811
 18|0.340172,21.210686,7.507118|0.340592,21.210609,7.517110,1.289391,5.730625,0.015811|0.340592,21.210609,7.517105,1.289391,5.730625,0.015811
 19|0.360183,21.056231,7.930015|0.360599,21.056150,7.940007,1.443850,6.417109,0.015811|0.360599,21.056150,7.940001,1.443850,6.417109,0.015811
 20|0.380193,20.893345,8.349738|0.380606,20.893261,8.359728,1.606739,7.141063,0.015811|0.380606,20.893261,8.359722,1.606739,7.141063,0.015811
 21|0.400203,20.722094,8.766117|0.400613,20.722006,8.776106,1.777994,7.902198,0.015811|0.400613,20.722006,8.776100,1.777994,7.902198,0.015811
 22|0.420213,20.542546,9.178987|0.420620,20.542453,9.188975,1.957547,8.700207,0.015811|0.420620,20.542453,9.188967,1.957547,8.700207,0.015811
 23|0.440223,20.354773,9.588181|0.440626,20.354676,9.598168,2.145324,9.534772,0.015811|0.440626,20.354676,9.598160,2.145324,9.534772,0.015811
 24|0.460233,20.158850,9.993536|0.460633,20.158749,10.003522,2.341251,10.405559,0.015811|0.460633,20.158749,10.003513,2.341251,10.405559,0.015811
 25|0.480243,19.954856,10.394890|0.480639,19.954751,10.404875,2.545249,11.312219,0.015811|0.480639,19.954751,10.404865,2.545249,11.312219,0.015811
 26|0.500254,19.742871,10.792082|0.500645,19.742763,10.802065,2.757237,12.254388,0.015811|0.500645,19.742763,10.802055,2.757237,12.254388,0.015811
 27|0.520264,19.522982,11.184953|0.520651,19.522870,11.194935,2.977130,13.231691,0.015811|0.520651,19.522870,11.194923,2.977130,13.231691,0.015811
 28|0.540274,19.295276,11.573345|0.540657,19.295160,11.583326,3.204840,14.243734,0.015811|0.540656,19.295160,11.583313,3.204840,14.243735,0.015811
 29|0.560284,19.059844,11.957104|0.560663,19.059724,11.967083,3.440276,15.290114,0.015811|0.560662,19.059724,11.967070,3.440276,15.290115,0.015811
 30|0.580294,18.816781,12.336075|0.580668,18.816657,12.346053,3.683343,16.370411,0.015811|0.580667,18.816657,12.346038,3.683343,16.370412,0.015811
 31|0.600304,18.566184,12.710106|0.600673,18.566057,12.720083,3.933943,17.484193,0.015811|0.600673,18.566056,12.720068,3.933944,17.484193,0.015811
 32|0.620314,18.308153,13.079049|0.620679,18.308022,13.089024,4.191978,18.631014,0.015811|0.620678,18.308022,13.089008,4.191978,18.631014,0.015811
 33|0.640325,18.042792,13.442755|0.640684,18.042657,13.452728,4.457343,19.810414,0.015811|0.640683,18.042657,13.452711,4.457343,19.810414,0.015811
 34|0.660335,17.770206,13.801079|0.660688,17.770068,13.811050,4.729932,21.021921,0.015811|0.660688,17.770068,13.811032,4.729932,21.021921,0.015811
 35|0.680345,17.490505,14.153876|0.680693,17.490364,14.163846,5.009636,22.265051,0.015811|0.680693,17.490364,14.163827,5.009636,22.265051,0.015811
 36|0.700355,17.203802,14.501007|0.700698,17.203656,14.510975,5.296344,23.539305,0.015811|0.700697,17.203656,14.510955,5.296344,23.539305,0.015811
 37|0.720365,16.910210,14.842332|0.720702,16.910061,14.852298,5.589939,24.844173,0.015811|0.720702,16.910061,14.852276,5.589939,24.844173,0.015811
 38|0.740375,16.609847,15.177713|0.740707,16.609695,15.187678,5.890305,26.179133,0.015811|0.740706,16.609695,15.187655,5.890305,26.179134,0.015811
 39|0.760385,16.302834,15.507018|0.760711,16.302679,15.516981,6.197321,27.543651,0.015811|0.760710,16.302678,15.516957,6.197322,27.543651,0.015811
 40|0.780396,15.989293,15.830114|0.780715,15.989135,15.840075,6.510865,28.937179,0.015811|0.780714,15.989135,15.840050,6.510865,28.937180,0.015811
 41|0.800406,15.669350,16.146872|0.800719,15.669189,16.156831,6.830811,30.359161,0.015811|0.800718,15.669189,16.156804,6.830811,30.359161,0.015811
 42|0.820416,15.343134,16.457164|0.820723,15.342969,16.467121,7.157031,31.809026,0.015811|0.820722,15.342969,16.467093,7.157031,31.809026,0.015811
 43|0.840426,15.010774,16.760867|0.840727,15.010606,16.770822,7.489394,33.286194,0.015811|0.840726,15.010606,16.770793,7.489394,33.286195,0.015811
 44|0.860436,14.672404,17.057859|0.860730,14.672233,17.067813,7.827767,34.790075,0.015811|0.860729,14.672233,17.067782,7.827767,34.790075,0.015811
 45|0.880446,14.328159,17.348022|0.880734,14.327986,17.357973,8.172014,36.320064,0.015811|0.880733,14.327985,17.357941,8.172015,36.320065,0.015811
 46|0.900456,13.978177,17.631238|0.900737,13.978001,17.641187,8.521999,37.875551,0.015811|0.900736,13.978001,17.641154,8.521999,37.875551,0.015811
 47|0.920467,13.622599,17.907395|0.920741,13.622420,17.917342,8.877580,39.455912,0.015811|0.920740,13.622420,17.917308,8.877580,39.455912,0.015811
 48|0.940477,13.261566,18.176382|0.940744,13.261384,18.186327,9.238616,41.060514,0.015811|0.940743,13.261384,18.186291,9.238616,41.060514,0.015811
 49|0.960487,12.895223,18.438091|0.960747,12.895039,18.448034,9.604961,42.688715,0.015811|0.960746,12.895039,18.447997,9.604961,42.688715,0.015811
 50|0.980497,12.523717,18.692418|0.980750,12.523531,18.702359,9.976469,44.339863,0.015811|0.980749,12.523531,18.702320,9.976469,44.339863,0.015811
 51|1.000507,12.147197,18.939261|1.000753,12.147008,18.949199,10.352992,46.013297,0.015811|1.000752,12.147008,18.949159,10.352992,46.013298,0.015811
 52|1.020517,11.765813,19.178520|1.020755,11.765622,19.188456,10.734378,47.708347,0.015811|1.020754,11.765622,19.188414,10.734378,47.708347,0.015811
 53|1.040528,11.379718,19.410101|1.040758,11.379525,19.420034,11.120475,49.424334,0.015811|1.040757,11.379525,19.419991,11.120475,49.424335,0.015811
 54|1.060538,10.989067,19.633909|1.060761,10.988871,19.643841,11.511129,51.160571,0.015811|1.060760,10.988871,19.643796,11.511129,51.160572,0.015811
 55|1.080548,10.594016,19.849857|1.080763,10.593818,19.859786,11.906182,52.916364,0.015811|1.080762,10.593818,19.859739,11.906182,52.916364,0.015811
 56|1.100558,10.194723,20.057857|1.100766,10.194523,20.067784,12.305477,54.691008,0.015811|1.100765,10.194523,20.067735,12.305477,54.691008,0.015811
 57|1.120568,9.791349,20.257825|1.120768,9.791146,20.267750,12.708854,56.483793,0.015811|1.120767,9.791146,20.267700,12.708854,56.483794,0.015811
 58|1.140578,9.384053,20.449683|1.140770,9.383849,20.459605,13.116151,58.294002,0.015811|1.140769,9.383849,20.459554,13.116151,58.294003,0.015811
 59|1.160588,8.973001,20.633353|1.160773,8.972795,20.643273,13.527205,60.120910,0.015811|1.160772,8.972795,20.643219,13.527205,60.120911,0.015811
 60|1.180599,8.558356,20.808761|1.180775,8.558148,20.818678,13.941852,61.963786,0.015811|1.180774,8.558148,20.818624,13.941852,61.963786,0.015811
 61|1.200609,8.140284,20.975838|1.200777,8.140075,20.985753,14.359925,63.821890,0.015811|1.200776,8.140075,20.985696,14.359925,63.821890,0.015811
 62|1.220619,7.718953,21.134516|1.220779,7.718742,21.144428,14.781258,65.694480,0.015811|1.220778,7.718742,21.144370,14.781258,65.694480,0.015811
 63|1.240629,7.294531,21.284732|1.240781,7.294319,21.294642,15.205681,67.580806,0.015811|1.240780,7.294319,21.294582,15.205681,67.580806,0.015811
 64|1.260639,6.867188,21.426426|1.260782,6.866975,21.436333,15.633025,69.480112,0.015811|1.260782,6.866975,21.436272,15.633025,69.480112,0.015811
 65|1.280649,6.437096,21.559541|1.280784,6.436881,21.569445,16.063119,71.391638,0.015811|1.280783,6.436881,21.569382,16.063119,71.391638,0.015811
 66|1.300659,6.004427,21.684023|1.300786,6.004211,21.693925,16.495789,73.314619,0.015811|1.300785,6.004211,21.693860,16.495789,73.314619,0.015811
 67|1.320670,5.569353,21.799823|1.320788,5.569136,21.809723,16.930864,75.248284,0.015811|1.320787,5.569136,21.809656,16.930864,75.248284,0.015811
 68|1.340680,5.132050,21.906895|1.340789,5.131832,21.916792,17.368168,77.191860,0.015811|1.340789,5.131832,21.916724,17.368168,77.191860,0.015811
 69|1.360690,4.692692,22.005196|1.360791,4.692472,22.015090,17.807528,79.144568,0.015811|1.360790,4.692472,22.015020,17.807528,79.144568,0.015811
 70|1.380700,4.251454,22.094686|1.380793,4.251234,22.104578,18.248766,81.105626,0.015811|1.380792,4.251234,22.104506,18.248766,81.105626,0.015811
 71|1.400710,3.808515,22.175329|1.400794,3.808294,22.185218,18.691706,83.074250,0.015811|1.400794,3.808294,22.185144,18.691706,83.074249,0.015811
 72|1.420720,3.364051,22.247093|1.420796,3.363829,22.256980,19.136171,85.049650,0.015811|1.420795,3.363829,22.256905,19.136171,85.049650,0.015811
 73|1.440730,2.918239,22.309950|1.440797,2.918017,22.319835,19.581983,87.031037,0.015811|1.440797,2.918017,22.319757,19.581983,87.031036,0.015811
 74|1.460741,2.471260,22.363874|1.460799,2.471036,22.373756,20.028964,89.017616,0.015811|1.460798,2.471037,22.373677,20.028963,89.017615,0.015811
 75|1.480751,2.023290,22.408844|1.480800,2.023067,22.418723,20.476933,91.008592,0.015811|1.480800,2.023067,22.418642,20.476933,91.008591,0.015811
 76|1.500761,1.574511,22.444842|1.500801,1.574287,22.454718,20.925713,93.003169,0.015811|1.500801,1.574287,22.454635,20.925713,93.003168,0.015811
 77|1.520771,1.125101,22.471852|1.520803,1.124877,22.481726,21.375123,95.000547,0.015811|1.520803,1.124877,22.481641,21.375123,95.000546,0.015811
 78|1.540781,0.675241,22.489865|1.540804,0.675017,22.499737,21.824983,96.999927,0.015811|1.540804,0.675017,22.499650,21.824983,96.999925,0.015811
 79|1.560791,0.225110,22.498874|1.560806,0.224886,22.508743,22.275114,99.000508,0.015811|1.560806,0.224886,22.508654,22.275114,99.000506,0.015811
 80|1.580801,-0.225110,22.498874|1.580807,-0.225335,22.508740,22.274665,98.998511,0.015811|1.580807,-0.225335,22.508650,22.274665,98.998513,0.015811
 81|1.600812,-0.675241,22.489865|1.600808,-0.675466,22.499729,21.824534,96.997931,0.015811|1.600808,-0.675465,22.499637,21.824535,96.997933,0.015811
 82|1.620822,-1.125101,22.471852|1.620810,-1.125326,22.481713,21.374674,94.998553,0.015811|1.620810,-1.125325,22.481619,21.374675,94.998555,0.015811
 83|1.640832,-1.574511,22.444842|1.640811,-1.574735,22.454700,20.925265,93.001177,0.015811|1.640811,-1.574735,22.454604,20.925265,93.001179,0.015811
 84|1.660842,-2.023290,22.408844|1.660813,-2.023514,22.418700,20.476486,91.006603,0.015811|1.660813,-2.023514,22.418602,20.476486,91.006606,0.015811
 85|1.680852,-2.471260,22.363874|1.680814,-2.471483,22.373728,20.028517,89.015631,0.015811|1.680814,-2.471482,22.373628,20.028518,89.015634,0.015811
 86|1.700862,-2.918239,22.309950|1.700815,-2.918462,22.319801,19.581538,87.029056,0.015811|1.700816,-2.918462,22.319699,19.581538,87.029059,0.015811
 87|1.720872,-3.364051,22.247093|1.720817,-3.364273,22.256941,19.135727,85.047675,0.015811|1.720817,-3.364272,22.256838,19.135728,85.047678,0.015811
 88|1.740883,-3.808515,22.175329|1.740818,-3.808737,22.185174,18.691263,83.072281,0.015811|1.740819,-3.808736,22.185069,18.691264,83.072284,0.015811
 89|1.760893,-4.251454,22.094686|1.760820,-4.251676,22.104529,18.248324,81.103664,0.015811|1.760821,-4.251675,22.104422,18.248325,81.103668,0.015811
 90|1.780903,-4.692692,22.005196|1.780821,-4.692912,22.015036,17.807088,79.142614,0.015811|1.780822,-4.692911,22.014927,17.807089,79.142618,0.015811
 91|1.800913,-5.132050,21.906895|1.800823,-5.132269,21.916733,17.367731,77.189914,0.015811|1.800824,-5.132268,21.916623,17.367732,77.189918,0.015811
 92|1.820923,-5.569353,21.799823|1.820824,-5.569572,21.809659,16.930428,75.246348,0.015811|1.820826,-5.569571,21.809546,16.930429,75.246352,0.015811
 93|1.840933,-6.004427,21.684023|1.840826,-6.004644,21.693856,16.495356,73.312692,0.015811|1.840827,-6.004643,21.693742,16.495357,73.312697,0.015811
 94|1.860943,-6.437096,21.559541|1.860828,-6.437313,21.569371,16.062687,71.389722,0.015811|1.860829,-6.437311,21.569255,16.062689,71.389727,0.015811
 95|1.880954,-6.867188,21.426426|1.880829,-6.867403,21.436254,15.632597,69.478207,0.015811|1.880831,-6.867402,21.436136,15.632598,69.478213,0.015811
 96|1.900964,-7.294531,21.284732|1.900831,-7.294745,21.294558,15.205255,67.578913,0.015811|1.900833,-7.294743,21.294438,15.205257,67.578919,0.015811
 97|1.920974,-7.718953,21.134516|1.920833,-7.719165,21.144339,14.780835,65.692600,0.015811|1.920835,-7.719163,21.144218,14.780837,65.692607,0.015811
 98|1.940984,-8.140284,20.975838|1.940835,-8.140495,20.985659,14.359505,63.820024,0.015811|1.940837,-8.140493,20.985536,14.359507,63.820031,0.015811
 99|1.960994,-8.558356,20.808761|1.960837,-8.558565,20.818580,13.941435,61.961934,0.015811|1.960839,-8.558563,20.818455,13.941437,61.961941,0.015811
100|1.981004,-8.973001,20.633353|1.980839,-8.973208,20.643169,13.526792,60.119073,0.015811|1.980841,-8.973207,20.643042,13.526793,60.119081,0.015811
101|2.001014,-9.384053,20.449683|2.000841,-9.384259,20.459497,13.115741,58.292181,0.015811|2.000843,-9.384257,20.459369,13.115743,58.292189,0.015811
102|2.021025,-9.791349,20.257825|2.020843,-9.791553,20.267637,12.708447,56.481988,0.015811|2.020845,-9.791551,20.267507,12.708449,56.481997,0.015811
103|2.041035,-10.194723,20.057857|2.040845,-10.194925,20.067666,12.305075,54.689220,0.015811|2.040848,-10.194923,20.067534,12.305077,54.689229,0.015811
104|2.061045,-10.594016,19.849857|2.060848,-10.594216,19.859664,11.905784,52.914594,0.015811|2.060850,-10.594214,19.859530,11.905786,52.914603,0.015811
105|2.081055,-10.989067,19.633909|2.080850,-10.989266,19.643714,11.510734,51.158820,0.015811|2.080853,-10.989263,19.643579,11.510737,51.158830,0.015811
106|2.101065,-11.379718,19.410101|2.100852,-11.379915,19.419903,11.120085,49.422602,0.015811|2.100855,-11.379912,19.419766,11.120088,49.422612,0.015811
107|2.121075,-11.765813,19.178520|2.120855,-11.766007,19.188320,10.733993,47.706634,0.015811|2.120858,-11.766005,19.188182,10.733995,47.706645,0.015811
108|2.141085,-12.147197,18.939261|2.140858,-12.147389,18.949059,10.352611,46.011605,0.015811|2.140861,-12.147386,18.948919,10.352614,46.011616,0.015811
109|2.161096,-12.523717,18.692418|2.160860,-12.523907,18.702214,9.976093,44.338192,0.015811|2.160864,-12.523904,18.702073,9.976096,44.338204,0.015811
110|2.181106,-12.895223,18.438091|2.180863,-12.895410,18.447885,9.604590,42.687066,0.015811|2.180867,-12.895407,18.447742,9.604593,42.687078,0.015811
111|2.201116,-13.261566,18.176382|2.200866,-13.261750,18.186174,9.238250,41.058887,0.015811|2.200870,-13.261748,18.186029,9.238252,41.058900,0.015811
112|2.221126,-13.622599,17.907395|2.220869,-13.622781,17.917185,8.877219,39.454308,0.015811|2.220873,-13.622778,17.917039,8.877222,39.454321,0.015811
113|2.241136,-13.978177,17.631238|2.240872,-13.978357,17.641026,8.521643,37.873970,0.015811|2.240876,-13.978353,17.640878,8.521647,37.873985,0.015811
114|2.261146,-14.328159,17.348022|2.260875,-14.328336,17.357808,8.171664,36.318508,0.015811|2.260880,-14.328332,17.357658,8.171668,36.318523,0.015811
115|2.281156,-14.672404,17.057859|2.280879,-14.672578,17.067643,7.827422,34.788543,0.015811|2.280883,-14.672574,17.067493,7.827426,34.788559,0.015811
116|2.301167,-15.010774,16.760867|2.300882,-15.010945,16.770649,7.489055,33.284688,0.015811|2.300887,-15.010941,16.770497,7.489059,33.284705,0.015811
117|2.321177,-15.343134,16.457164|2.320886,-15.343302,16.466944,7.156698,31.807546,0.015811|2.320890,-15.343298,16.466791,7.156702,31.807563,0.015811
118|2.341187,-15.669350,16.146872|2.340890,-15.669516,16.156650,6.830484,30.357707,0.015811|2.340894,-15.669512,16.156495,6.830488,30.357725,0.015811
119|2.361197,-15.989293,15.830114|2.360893,-15.989456,15.839890,6.510544,28.935753,0.015811|2.360898,-15.989451,15.839734,6.510549,28.935771,0.015811
120|2.381207,-16.302834,15.507018|2.380897,-16.302993,15.516793,6.197007,27.542252,0.015811|2.380902,-16.302989,15.516635,6.197011,27.542271,0.015811
121|2.401217,-16.609847,15.177713|2.400901,-16.610003,15.187486,5.889997,26.177763,0.015811|2.400907,-16.609999,15.187327,5.890001,26.177782,0.015811
122|2.421227,-16.910210,14.842332|2.420906,-16.910363,14.852103,5.589637,24.842831,0.015811|2.420911,-16.910358,14.851943,5.589642,24.842852,0.015811
123|2.441238,-17.203802,14.501007|2.440910,-17.203952,14.510777,5.296048,23.537992,0.015811|2.440915,-17.203947,14.510615,5.296053,23.538013,0.015811
124|2.461248,-17.490505,14.153876|2.460914,-17.490652,14.163644,5.009348,22.263767,0.015811|2.460920,-17.490647,14.163482,5.009353,22.263789,0.015811
125|2.481258,-17.770206,13.801079|2.480919,-17.770350,13.810845,4.729650,21.020668,0.015811|2.480925,-17.770345,13.810681,4.729655,21.020691,0.015811
126|2.501268,-18.042792,13.442755|2.500924,-18.042932,13.452520,4.457068,19.809191,0.015811|2.500930,-18.042927,13.452355,4.457073,19.809215,0.015811
127|2.521278,-18.308153,13.079049|2.520929,-18.308290,13.088813,4.191710,18.629822,0.015811|2.520935,-18.308284,13.088646,4.191716,18.629847,0.015811
128|2.541288,-18.566184,12.710106|2.540934,-18.566317,12.719868,3.933683,17.483033,0.015811|2.540940,-18.566312,12.719701,3.933688,17.483059,0.015811
129|2.561298,-18.816781,12.336075|2.560939,-18.816911,12.345835,3.683089,16.369284,0.015811|2.560945,-18.816905,12.345667,3.683095,16.369310,0.015811
130|2.581309,-19.059844,11.957104|2.580944,-19.059971,11.966863,3.440029,15.289019,0.015811|2.580950,-19.059965,11.966694,3.440035,15.289046,0.015811
131|2.601319,-19.295276,11.573345|2.600950,-19.295399,11.583103,3.204601,14.242672,0.015811|2.600956,-19.295393,11.582933,3.204607,14.242700,0.015811
132|2.621329,-19.522982,11.184953|2.620955,-19.523101,11.194709,2.976899,13.230661,0.015811|2.620962,-19.523095,11.194538,2.976905,13.230690,0.015811
133|2.641339,-19.742871,10.792082|2.640961,-19.742987,10.801837,2.757013,12.253392,0.015811|2.640968,-19.742980,10.801665,2.757020,12.253422,0.015811
134|2.661349,-19.954856,10.394890|2.660967,-19.954967,10.404644,2.545033,11.311257,0.015811|2.660974,-19.954960,10.404471,2.545040,11.311287,0.015811
135|2.681359,-20.158850,9.993536|2.680973,-20.158958,10.003289,2.341042,10.404631,0.015811|2.680980,-20.158951,10.003115,2.341049,10.404663,0.015811
136|2.701369,-20.354773,9.588181|2.700979,-20.354877,9.597933,2.145123,9.533879,0.015811|2.700986,-20.354870,9.597758,2.145130,9.533911,0.015811
137|2.721380,-20.542546,9.178987|2.720986,-20.542646,9.188738,1.957354,8.699349,0.015811|2.720993,-20.542639,9.188562,1.957361,8.699382,0.015811
138|2.741390,-20.722094,8.766117|2.740992,-20.722191,8.775867,1.777809,7.901375,0.015811|2.741000,-20.722183,8.775691,1.777817,7.901409,0.015811
139|2.761400,-20.893345,8.349738|2.760999,-20.893438,8.359487,1.606562,7.140276,0.015811|2.761006,-20.893430,8.359309,1.606570,7.140311,0.015811
140|2.781410,-21.056231,7.930015|2.781006,-21.056319,7.939763,1.443681,6.416358,0.015811|2.781013,-21.056311,7.939585,1.443689,6.416394,0.015811
141|2.801420,-21.210686,7.507118|2.801013,-21.210770,7.516865,1.289230,5.729910,0.015811|2.801020,-21.210762,7.516686,1.289238,5.729947,0.015811
142|2.821430,-21.356648,7.081214|2.821020,-21.356728,7.090961,1.143272,5.081207,0.015811|2.821028,-21.356720,7.090781,1.143280,5.081245,0.015811
143|2.841440,-21.494059,6.652475|2.841028,-21.494136,6.662221,1.005864,4.470509,0.015811|2.841035,-21.494127,6.662041,1.005873,4.470547,0.015811
144|2.861451,-21.622864,6.221073|2.861035,-21.622937,6.230818,0.877063,3.898060,0.015811|2.861043,-21.622928,6.230638,0.877072,3.898099,0.015811
145|2.881461,-21.743012,5.787180|2.881043,-21.743080,5.796924,0.756920,3.364089,0.015811|2.881051,-21.743071,5.796743,0.756929,3.364130,0.015811
146|2.901471,-21.854453,5.350970|2.901051,-21.854518,5.360713,0.645482,2.868811,0.015811|2.901059,-21.854508,5.360532,0.645492,2.868852,0.015811
147|2.921481,-21.957145,4.912617|2.921059,-21.957205,4.922360,0.542795,2.412423,0.015811|2.921067,-21.957195,4.922178,0.542805,2.412465,0.015811
148|2.941491,-22.051044,4.472297|2.941067,-22.051101,4.482040,0.448899,1.995108,0.015811|2.941075,-22.051091,4.481857,0.448909,1.995152,0.015811
149|2.961501,-22.136115,4.030186|2.961076,-22.136167,4.039929,0.363833,1.617034,0.015811|2.961084,-22.136157,4.039746,0.363843,1.617079,0.015811
150|2.981511,-22.212323,3.586462|2.981084,-22.212371,3.596204,0.287629,1.278352,0.015811|2.981092,-22.212361,3.596021,0.287639,1.278398,0.015811
151|3.001522,-22.279637,3.141302|3.001093,-22.279681,3.151044,0.220319,0.979197,0.015811|3.001101,-22.279670,3.150860,0.220330,0.979244,0.015811
152|3.021532,-22.338030,2.694884|3.021102,-22.338070,2.704625,0.161930,0.719690,0.015811|3.021110,-22.338059,2.704442,0.161941,0.719737,0.015811
153|3.041542,-22.387480,2.247387|3.041111,-22.387515,2.257128,0.112485,0.499933,0.015811|3.041119,-22.387504,2.256944,0.112496,0.499982,0.015811
154|3.061552,-22.427965,1.798991|3.061121,-22.427997,1.808731,0.072003,0.320015,0.015811|3.061129,-22.427985,1.808547,0.072015,0.320065,0.015811
155|3.081562,-22.459471,1.349874|3.081130,-22.459498,1.359614,0.040502,0.180009,0.015811|3.081138,-22.459487,1.359430,0.040513,0.180059,0.015811
156|3.101572,-22.481984,0.900216|3.101140,-22.482007,0.909956,0.017993,0.079970,0.015811|3.101148,-22.481995,0.909772,0.018005,0.080021,0.015811
157|3.121583,-22.495496,0.450198|3.121150,-22.495514,0.459938,0.004486,0.019937,0.015811|3.121158,-22.495502,0.459754,0.004498,0.019990,0.015811
158|3.141593,-22.500000,0.000000|3.141160,-22.500014,0.009740,0.000014,0.000063,0.015811|3.141168,-22.500002,0.009556,0.000002,0.000010,0.015811
159|3.161603,-22.495496,-0.450198|3.161170,-22.495506,-0.440458,0.004494,0.019975,0.015811|3.161178,-22.495493,-0.440642,0.004507,0.020030,0.015811
160|3.181613,-22.481984,-0.900216|3.181180,-22.481990,-0.890476,0.018010,0.080044,0.015811|3.181189,-22.481977,-0.890660,0.018023,0.080100,0.015811
161|3.201623,-22.459471,-1.349874|3.201191,-22.459473,-1.340133,0.040527,0.180121,0.015811|3.201199,-22.459460,-1.340317,0.040540,0.180178,0.015811
162|3.221633,-22.427965,-1.798991|3.221202,-22.427963,-1.789250,0.072037,0.320165,0.015811|3.221210,-22.427950,-1.789434,0.072050,0.320223,0.015811
163|3.241643,-22.387480,-2.247387|3.241213,-22.387473,-2.237647,0.112527,0.500120,0.015811|3.241221,-22.387460,-2.237830,0.112540,0.500179,0.015811
164|3.261654,-22.338030,-2.694884|3.261224,-22.338019,-2.685143,0.161981,0.719914,0.015811|3.261232,-22.338006,-2.685327,0.161994,0.719974,0.015811
165|3.281664,-22.279637,-3.141302|3.281235,-22.279622,-3.131561,0.220378,0.979459,0.015811|3.281243,-22.279608,-3.131744,0.220392,0.979519,0.015811
166|3.301674,-22.212323,-3.586462|3.301246,-22.212304,-3.576720,0.287696,1.278651,0.015811|3.301255,-22.212290,-3.576904,0.287710,1.278712,0.015811
167|3.321684,-22.136115,-4.030186|3.321258,-22.136092,-4.020444,0.363908,1.617370,0.015811|3.321266,-22.136078,-4.020627,0.363922,1.617433,0.015811
168|3.341694,-22.051044,-4.472297|3.341270,-22.051017,-4.462554,0.448983,1.995481,0.015811|3.341278,-22.051003,-4.462737,0.448997,1.995544,0.015811
169|3.361704,-21.957145,-4.912617|3.361282,-21.957113,-4.902873,0.542887,2.412832,0.015811|3.361290,-21.957098,-4.903055,0.542902,2.412897,0.015811
170|3.381714,-21.854453,-5.350970|3.381294,-21.854417,-5.341226,0.645583,2.869256,0.015811|3.381302,-21.854403,-5.341407,0.645597,2.869322,0.015811
171|3.401725,-21.743012,-5.787180|3.401306,-21.742972,-5.777435,0.757028,3.364571,0.015811|3.401314,-21.742957,-5.777617,0.757043,3.364637,0.015811
172|3.421735,-21.622864,-6.221073|3.421319,-21.622820,-6.211328,0.877180,3.898577,0.015811|3.421327,-21.622805,-6.211509,0.877195,3.898645,0.015811
173|3.441745,-21.494059,-6.652475|3.441332,-21.494011,-6.642730,1.005989,4.471062,0.015811|3.441339,-21.493996,-6.642910,1.006004,4.471131,0.015811
174|3.461755,-21.356648,-7.081214|3.461344,-21.356596,-7.071467,1.143404,5.081796,0.015811|3.461352,-21.356580,-7.071647,1.143420,5.081866,0.015811
175|3.481765,-21.210686,-7.507118|3.481357,-21.210630,-7.497370,1.289370,5.730535,0.015811|3.481365,-21.210614,-7.497549,1.289386,5.730605,0.015811
176|3.501775,-21.056231,-7.930015|3.501371,-21.056171,-7.920267,1.443829,6.417018,0.015811|3.501378,-21.056155,-7.920445,1.443845,6.417090,0.015811
177|3.521785,-20.893345,-8.349738|3.521384,-20.893281,-8.339989,1.606719,7.140972,0.015811|3.521392,-20.893265,-8.340166,1.606735,7.141044,0.015811
178|3.541796,-20.722094,-8.766117|3.541398,-20.722026,-8.756367,1.777974,7.902105,0.015811|3.541405,-20.722010,-8.756544,1.777990,7.902178,0.015811
179|3.561806,-20.542546,-9.178987|3.561411,-20.542475,-9.169235,1.957525,8.700113,0.015811|3.561419,-20.542458,-9.169411,1.957542,8.700187,0.015811
180|3.581816,-20.354773,-9.588181|3.581425,-20.354698,-9.578429,2.145302,9.534678,0.015811|3.581432,-20.354681,-9.578604,2.145319,9.534753,0.015811
181|3.601826,-20.158850,-9.993536|3.601439,-20.158771,-9.983783,2.341229,10.405463,0.015811|3.601446,-20.158754,-9.983957,2.341246,10.405539,0.015811
182|3.621836,-19.954856,-10.394890|3.621453,-19.954772,-10.385136,2.545228,11.312122,0.015811|3.621460,-19.954755,-10.385309,2.545245,11.312199,0.015811
183|3.641846,-19.742871,-10.792082|3.641468,-19.742784,-10.782326,2.757216,12.254291,0.015811|3.641475,-19.742767,-10.782499,2.757233,12.254369,0.015811
184|3.661856,-19.522982,-11.184953|3.661482,-19.522892,-11.175196,2.977108,13.231593,0.015811|3.661489,-19.522874,-11.175367,2.977126,13.231671,0.015811
185|3.681867,-19.295276,-11.573345|3.681497,-19.295182,-11.563587,3.204818,14.243636,0.015811|3.681504,-19.295164,-11.563758,3.204836,14.243715,0.015811
186|3.701877,-19.059844,-11.957104|3.701511,-19.059747,-11.947344,3.440253,15.290015,0.015811|3.701518,-19.059729,-11.947514,3.440271,15.290095,0.015811
187|3.721887,-18.816781,-12.336075|3.721526,-18.816680,-12.326314,3.683320,16.370311,0.015811|3.721533,-18.816662,-12.326483,3.683338,16.370392,0.015811
188|3.741897,-18.566184,-12.710106|3.741542,-18.566079,-12.700344,3.933921,17.484092,0.015811|3.741548,-18.566061,-12.700512,3.933939,17.484174,0.015811
189|3.761907,-18.308153,-13.079049|3.761557,-18.308045,-13.069286,4.191955,18.630912,0.015811|3.761563,-18.308026,-13.069452,4.191974,18.630994,0.015811
190|3.781917,-18.042792,-13.442755|3.781572,-18.042680,-13.432990,4.457320,19.810311,0.015811|3.781579,-18.042661,-13.433155,4.457339,19.810394,0.015811
191|3.801927,-17.770206,-13.801079|3.801588,-17.770091,-13.791312,4.729909,21.021817,0.015811|3.801594,-17.770072,-13.791476,4.729928,21.021902,0.015811
192|3.821938,-17.490505,-14.153876|3.821603,-17.490387,-14.144108,5.009613,22.264946,0.015811|3.821609,-17.490368,-14.144271,5.009632,22.265031,0.015811
193|3.841948,-17.203802,-14.501007|3.841619,-17.203680,-14.491237,5.296320,23.539200,0.015811|3.841625,-17.203661,-14.491399,5.296339,23.539286,0.015811
194|3.861958,-16.910210,-14.842332|3.861635,-16.910085,-14.832560,5.589915,24.844067,0.015811|3.861641,-16.910065,-14.832721,5.589935,24.844154,0.015811
195|3.881968,-16.609847,-15.177713|3.881651,-16.609719,-15.167940,5.890281,26.179027,0.015811|3.881657,-16.609699,-15.168099,5.890301,26.179114,0.015811
196|3.901978,-16.302834,-15.507018|3.901667,-16.302703,-15.497243,6.197297,27.543544,0.015811|3.901673,-16.302683,-15.497401,6.197317,27.543632,0.015811
197|3.921988,-15.989293,-15.830114|3.921684,-15.989159,-15.820337,6.510841,28.937071,0.015811|3.921689,-15.989139,-15.820494,6.510861,28.937160,0.015811
198|3.941998,-15.669350,-16.146872|3.941700,-15.669213,-16.137093,6.830787,30.359052,0.015811|3.941705,-15.669193,-16.137248,6.830807,30.359142,0.015811
199|3.962009,-15.343134,-16.457164|3.961717,-15.342994,-16.447384,7.157006,31.808917,0.015811|3.961722,-15.342973,-16.447538,7.157027,31.809007,0.015811
200|3.982019,-15.010774,-16.760867|3.981733,-15.010631,-16.751085,7.489369,33.286085,0.015811|3.981738,-15.010611,-16.751237,7.489389,33.286175,0.015811
201|4.002029,-14.672404,-17.057859|4.001750,-14.672258,-17.048076,7.827742,34.789964,0.015811|4.001755,-14.672238,-17.048226,7.827762,34.790056,0.015811
202|4.022039,-14.328159,-17.348022|4.021767,-14.328011,-17.338236,8.171989,36.319953,0.015811|4.021772,-14.327990,-17.338385,8.172010,36.320045,0.015811
203|4.042049,-13.978177,-17.631238|4.041784,-13.978026,-17.621450,8.521974,37.875439,0.015811|4.041789,-13.978005,-17.621598,8.521995,37.875532,0.015811
204|4.062059,-13.622599,-17.907395|4.061801,-13.622445,-17.897605,8.877555,39.455799,0.015811|4.061806,-13.622424,-17.897752,8.877576,39.455893,0.015811
205|4.082069,-13.261566,-18.176382|4.081818,-13.261410,-18.166590,9.238590,41.060401,0.015811|4.081823,-13.261389,-18.166735,9.238611,41.060495,0.015811
206|4.102080,-12.895223,-18.438091|4.101836,-12.895065,-18.428298,9.604935,42.688602,0.015811|4.101840,-12.895043,-18.428441,9.604957,42.688696,0.015811
207|4.122090,-12.523717,-18.692418|4.121853,-12.523556,-18.682622,9.976444,44.339749,0.015811|4.121858,-12.523535,-18.682764,9.976465,44.339844,0.015811
208|4.142100,-12.147197,-18.939261|4.141871,-12.147034,-18.929463,10.352966,46.013183,0.015811|4.141875,-12.147012,-18.929603,10.352988,46.013278,0.015811
209|4.162110,-11.765813,-19.178520|4.161888,-11.765648,-19.168720,10.734352,47.708232,0.015811|4.161892,-11.765626,-19.168858,10.734374,47.708328,0.015811
210|4.182120,-11.379718,-19.410101|4.181906,-11.379551,-19.400298,11.120449,49.424219,0.015811|4.181910,-11.379529,-19.400435,11.120471,49.424315,0.015811
211|4.202130,-10.989067,-19.633909|4.201924,-10.988898,-19.624105,11.511102,51.160456,0.015811|4.201928,-10.988876,-19.624240,11.511124,51.160553,0.015811
212|4.222140,-10.594016,-19.849857|4.221942,-10.593844,-19.840050,11.906156,52.916247,0.015811|4.221946,-10.593822,-19.840184,11.906178,52.916345,0.015811
213|4.242151,-10.194723,-20.057857|4.241960,-10.194550,-20.048048,12.305450,54.690891,0.015811|4.241963,-10.194527,-20.048179,12.305473,54.690989,0.015811
214|4.262161,-9.791349,-20.257825|4.261978,-9.791173,-20.248014,12.708827,56.483676,0.015811|4.261981,-9.791151,-20.248144,12.708849,56.483774,0.015811
215|4.282171,-9.384053,-20.449683|4.281996,-9.383876,-20.439869,13.116124,58.293885,0.015811|4.281999,-9.383854,-20.439998,13.116146,58.293984,0.015811
216|4.302181,-8.973001,-20.633353|4.302014,-8.972822,-20.623537,13.527178,60.120792,0.015811|4.302017,-8.972799,-20.623664,13.527201,60.120891,0.015811
217|4.322191,-8.558356,-20.808761|4.322033,-8.558175,-20.798943,13.941825,61.963667,0.015811|4.322036,-8.558153,-20.799068,13.941847,61.963767,0.015811
218|4.342201,-8.140284,-20.975838|4.342051,-8.140102,-20.966017,14.359898,63.821771,0.015811|4.342054,-8.140079,-20.966140,14.359921,63.821871,0.015811
219|4.362211,-7.718953,-21.134516|4.362069,-7.718769,-21.124693,14.781231,65.694361,0.015811|4.362072,-7.718746,-21.124814,14.781254,65.694461,0.015811
220|4.382222,-7.294531,-21.284732|4.382088,-7.294346,-21.274906,15.205654,67.580686,0.015811|4.382090,-7.294323,-21.275026,15.205677,67.580787,0.015811
221|4.402232,-6.867188,-21.426426|4.402106,-6.867002,-21.416598,15.632998,69.479992,0.015811|4.402109,-6.866979,-21.416716,15.633021,69.480093,0.015811
222|4.422242,-6.437096,-21.559541|4.422125,-6.436909,-21.549710,16.063091,71.391517,0.015811|4.422127,-6.436886,-21.549826,16.063114,71.391619,0.015811
223|4.442252,-6.004427,-21.684023|4.442143,-6.004238,-21.674190,16.495762,73.314498,0.015811|4.442146,-6.004215,-21.674304,16.495785,73.314600,0.015811
224|4.462262,-5.569353,-21.799823|4.462162,-5.569163,-21.789988,16.930837,75.248163,0.015811|4.462164,-5.569140,-21.790100,16.930860,75.248265,0.015811
225|4.482272,-5.132050,-21.906895|4.482181,-5.131859,-21.897057,17.368141,77.191738,0.015811|4.482183,-5.131836,-21.897168,17.368164,77.191841,0.015811
226|4.502282,-4.692692,-22.005196|4.502200,-4.692500,-21.995355,17.807500,79.144446,0.015811|4.502202,-4.692477,-21.995464,17.807523,79.144548,0.015811
227|4.522293,-4.251454,-22.094686|4.522218,-4.251262,-22.084843,18.248738,81.105504,0.015811|4.522220,-4.251238,-22.084950,18.248762,81.105607,0.015811
228|4.542303,-3.808515,-22.175329|4.542237,-3.808321,-22.165483,18.691679,83.074127,0.015811|4.542239,-3.808298,-22.165589,18.691702,83.074230,0.015811
229|4.562313,-3.364051,-22.247093|4.562256,-3.363856,-22.237245,19.136144,85.049527,0.015811|4.562258,-3.363833,-22.237349,19.136167,85.049630,0.015811
230|4.582323,-2.918239,-22.309950|4.582275,-2.918045,-22.300100,19.581955,87.030913,0.015811|4.582276,-2.918021,-22.300201,19.581979,87.031017,0.015811
231|4.602333,-2.471260,-22.363874|4.602294,-2.471064,-22.354021,20.028936,89.017492,0.015811|4.602295,-2.471041,-22.354121,20.028959,89.017596,0.015811
232|4.622343,-2.023290,-22.408844|4.622313,-2.023095,-22.398988,20.476905,91.008468,0.015811|4.622314,-2.023071,-22.399086,20.476929,91.008572,0.015811
233|4.642353,-1.574511,-22.444842|4.642331,-1.574315,-22.434983,20.925685,93.003044,0.015811|4.642333,-1.574292,-22.435079,20.925708,93.003149,0.015811
234|4.662364,-1.125101,-22.471852|4.662350,-1.124905,-22.461991,21.375095,95.000422,0.015811|4.662352,-1.124882,-22.462085,21.375118,95.000527,0.015811
235|4.682374,-0.675241,-22.489865|4.682369,-0.675045,-22.480002,21.824955,96.999801,0.015811|4.682370,-0.675021,-22.480094,21.824979,96.999906,0.015811
236|4.702384,-0.225110,-22.498874|4.702388,-0.224914,-22.489008,22.275086,99.000382,0.015811|4.702389,-0.224890,-22.489098,22.275110,99.000487,0.015811
237|4.722394,0.225110,-22.498874|4.722407,0.225307,-22.489005,22.274693,98.998637,0.015811|4.722408,0.225330,-22.489094,22.274670,98.998532,0.015811
238|4.742404,0.675241,-22.489865|4.742426,0.675437,-22.479994,21.824563,96.998057,0.015811|4.742427,0.675461,-22.480081,21.824539,96.997952,0.015811
239|4.762414,1.125101,-22.471852|4.762445,1.125297,-22.461978,21.374703,94.998679,0.015811|4.762446,1.125321,-22.462063,21.374679,94.998574,0.015811
240|4.782424,1.574511,-22.444842|4.782464,1.574707,-22.434965,20.925293,93.001304,0.015811|4.782465,1.574730,-22.435048,20.925270,93.001198,0.015811
241|4.802435,2.023290,-22.408844|4.802483,2.023486,-22.398965,20.476514,91.006731,0.015811|4.802484,2.023509,-22.399046,20.476491,91.006625,0.015811
242|4.822445,2.471260,-22.363874|4.822502,2.471454,-22.353993,20.028546,89.015758,0.015811|4.822502,2.471478,-22.354072,20.028522,89.015653,0.015811
243|4.842455,2.918239,-22.309950|4.842520,2.918434,-22.300066,19.581566,87.029184,0.015811|4.842521,2.918457,-22.300143,19.581543,87.029078,0.015811
244|4.862465,3.364051,-22.247093|4.862539,3.364244,-22.237206,19.135756,85.047803,0.015811|4.862540,3.364268,-22.237282,19.135732,85.047698,0.015811
245|4.882475,3.808515,-22.175329|4.882558,3.808708,-22.165439,18.691292,83.072409,0.015811|4.882559,3.808732,-22.165513,18.691268,83.072303,0.015811
246|4.902485,4.251454,-22.094686|4.902577,4.251647,-22.084794,18.248353,81.103793,0.015811|4.902577,4.251670,-22.084866,18.248330,81.103687,0.015811
247|4.922495,4.692692,-22.005196|4.922596,4.692883,-21.995301,17.807117,79.142743,0.015811|4.922596,4.692907,-21.995372,17.807093,79.142637,0.015811
248|4.942506,5.132050,-21.906895|4.942614,5.132240,-21.896998,17.367760,77.190044,0.015811|4.942615,5.132264,-21.897067,17.367736,77.189938,0.015811
249|4.962516,5.569353,-21.799823|4.962633,5.569543,-21.789924,16.930457,75.246478,0.015811|4.962633,5.569566,-21.789990,16.930434,75.246371,0.015811
250|4.982526,6.004427,-21.684023|4.982651,6.004615,-21.674121,16.495385,73.312822,0.015811|4.982652,6.004639,-21.674186,16.495361,73.312716,0.015811
251|5.002536,6.437096,-21.559541|5.002670,6.437283,-21.549636,16.062717,71.389853,0.015811|5.002670,6.437307,-21.549699,16.062693,71.389746,0.015811
252|5.022546,6.867188,-21.426426|5.022689,6.867374,-21.416518,15.632626,69.478338,0.015811|5.022689,6.867398,-21.416580,15.632602,69.478232,0.015811
253|5.042556,7.294531,-21.284732|5.042707,7.294715,-21.274822,15.205285,67.579045,0.015811|5.042707,7.294739,-21.274882,15.205261,67.578938,0.015811
254|5.062567,7.718953,-21.134516|5.062725,7.719135,-21.124604,14.780865,65.692732,0.015811|5.062725,7.719159,-21.124662,14.780841,65.692626,0.015811
255|5.082577,8.140284,-20.975838|5.082744,8.140465,-20.965923,14.359535,63.820156,0.015811|5.082744,8.140489,-20.965980,14.359511,63.820050,0.015811
256|5.102587,8.558356,-20.808761|5.102762,8.558535,-20.798844,13.941465,61.962066,0.015811|5.102762,8.558559,-20.798899,13.941441,61.961960,0.015811
257|5.122597,8.973001,-20.633353|5.122780,8.973179,-20.623433,13.526821,60.119207,0.015811|5.122780,8.973202,-20.623486,13.526798,60.119100,0.015811
258|5.142607,9.384053,-20.449683|5.142798,9.384229,-20.439761,13.115771,58.292315,0.015811|5.142798,9.384253,-20.439812,13.115747,58.292208,0.015811
259|5.162617,9.791349,-20.257825|5.162816,9.791522,-20.247901,12.708478,56.482123,0.015811|5.162816,9.791546,-20.247951,12.708454,56.482016,0.015811
260|5.182627,10.194723,-20.057857|5.182834,10.194895,-20.047930,12.305105,54.689355,0.015811|5.182834,10.194919,-20.047978,12.305081,54.689248,0.015811
261|5.202638,10.594016,-19.849857|5.202852,10.594186,-19.839928,11.905814,52.914729,0.015811|5.202852,10.594210,-19.839974,11.905790,52.914622,0.015811
262|5.222648,10.989067,-19.633909|5.222870,10.989235,-19.623978,11.510765,51.158955,0.015811|5.222870,10.989259,-19.624023,11.510741,51.158849,0.015811
263|5.242658,11.379718,-19.410101|5.242888,11.379884,-19.400167,11.120116,49.422738,0.015811|5.242887,11.379908,-19.400210,11.120092,49.422631,0.015811
264|5.262668,11.765813,-19.178520|5.262905,11.765977,-19.168584,10.734023,47.706771,0.015811|5.262905,11.766000,-19.168626,10.734000,47.706665,0.015811
265|5.282678,12.147197,-18.939261|5.282923,12.147358,-18.929322,10.352642,46.011742,0.015811|5.282923,12.147382,-18.929363,10.352618,46.011636,0.015811
266|5.302688,12.523717,-18.692418|5.302940,12.523876,-18.682478,9.976124,44.338330,0.015811|5.302940,12.523900,-18.682517,9.976100,44.338223,0.015811
267|5.322698,12.895223,-18.438091|5.322957,12.895379,-18.428149,9.604621,42.687204,0.015811|5.322957,12.895403,-18.428186,9.604597,42.687097,0.015811
268|5.342709,13.261566,-18.176382|5.342975,13.261719,-18.166437,9.238281,41.059026,0.015811|5.342975,13.261743,-18.166473,9.238257,41.058919,0.015811
269|5.362719,13.622599,-17.907395|5.362992,13.622749,-17.897448,8.877251,39.454447,0.015811|5.362992,13.622773,-17.897483,8.877227,39.454341,0.015811
270|5.382729,13.978177,-17.631238|5.383009,13.978325,-17.621289,8.521675,37.874110,0.015811|5.383009,13.978349,-17.621322,8.521651,37.874004,0.015811
271|5.402739,14.328159,-17.348022|5.403026,14.328304,-17.338071,8.171696,36.318648,0.015811|5.403026,14.328328,-17.338102,8.171672,36.318542,0.015811
272|5.422749,14.672404,-17.057859|5.423042,14.672546,-17.047906,7.827454,34.788684,0.015811|5.423042,14.672570,-17.047937,7.827430,34.788578,0.015811
273|5.442759,15.010774,-16.760867|5.443059,15.010913,-16.750912,7.489087,33.284830,0.015811|5.443059,15.010937,-16.750941,7.489063,33.284724,0.015811
274|5.462769,15.343134,-16.457164|5.463076,15.343270,-16.447207,7.156730,31.807688,0.015811|5.463076,15.343294,-16.447235,7.156706,31.807582,0.015811
275|5.482780,15.669350,-16.146872|5.483092,15.669484,-16.136912,6.830516,30.357850,0.015811|5.483092,15.669508,-16.136939,6.830492,30.357744,0.015811
276|5.502790,15.989293,-15.830114|5.503108,15.989423,-15.820153,6.510577,28.935897,0.015811|5.503108,15.989447,-15.820178,6.510553,28.935791,0.015811
277|5.522800,16.302834,-15.507018|5.523125,16.302961,-15.497055,6.197039,27.542396,0.015811|5.523125,16.302985,-15.497079,6.197015,27.542290,0.015811
278|5.542810,16.609847,-15.177713|5.543141,16.609971,-15.167749,5.890029,26.177908,0.015811|5.543141,16.609995,-15.167771,5.890005,26.177802,0.015811
279|5.562820,16.910210,-14.842332|5.563157,16.910330,-14.832365,5.589670,24.842977,0.015811|5.563157,16.910354,-14.832387,5.589646,24.842871,0.015811
280|5.582830,17.203802,-14.501007|5.583172,17.203919,-14.491039,5.296081,23.538138,0.015811|5.583172,17.203943,-14.491059,5.296057,23.538033,0.015811
281|5.602840,17.490505,-14.153876|5.603188,17.490619,-14.143907,5.009381,22.263915,0.015811|5.603188,17.490643,-14.143926,5.009357,22.263809,0.015811
282|5.622851,17.770206,-13.801079|5.623204,17.770316,-13.791107,4.729684,21.020816,0.015811|5.623204,17.770340,-13.791125,4.729660,21.020710,0.015811
283|5.642861,18.042792,-13.442755|5.643219,18.042898,-13.432782,4.457102,19.809340,0.015811|5.643219,18.042922,-13.432799,4.457078,19.809234,0.015811
284|5.662871,18.308153,-13.079049|5.663234,18.308256,-13.069074,4.191744,18.629972,0.015811|5.663234,18.308280,-13.069090,4.191720,18.629866,0.015811
285|5.682881,18.566184,-12.710106|5.683249,18.566284,-12.700130,3.933716,17.483184,0.015811|5.683249,18.566307,-12.700145,3.933693,17.483078,0.015811
286|5.702891,18.816781,-12.336075|5.703264,18.816877,-12.326097,3.683123,16.369435,0.015811|5.703264,18.816901,-12.326111,3.683099,16.369329,0.015811
287|5.722901,19.059844,-11.957104|5.723279,19.059937,-11.947124,3.440063,15.289171,0.015811|5.723279,19.059960,-11.947137,3.440040,15.289065,0.015811
288|5.742911,19.295276,-11.573345|5.743294,19.295364,-11.563364,3.204636,14.242825,0.015811|5.743294,19.295388,-11.563377,3.204612,14.242719,0.015811
289|5.762922,19.522982,-11.184953|5.763308,19.523067,-11.174971,2.976933,13.230815,0.015811|5.763309,19.523090,-11.174982,2.976910,13.230709,0.015811
290|5.782932,19.742871,-10.792082|5.783323,19.742952,-10.782099,2.757048,12.253547,0.015811|5.783323,19.742976,-10.782109,2.757024,12.253442,0.015811
291|5.802942,19.954856,-10.394890|5.803337,19.954932,-10.384905,2.545068,11.311412,0.015811|5.803337,19.954956,-10.384915,2.545044,11.311307,0.015811
292|5.822952,20.158850,-9.993536|5.823351,20.158923,-9.983550,2.341077,10.404788,0.015811|5.823351,20.158947,-9.983559,2.341053,10.404682,0.015811
293|5.842962,20.354773,-9.588181|5.843365,20.354842,-9.578194,2.145158,9.534036,0.015811|5.843365,20.354866,-9.578202,2.145134,9.533931,0.015811
294|5.862972,20.542546,-9.178987|5.863379,20.542611,-9.168998,1.957389,8.699507,0.015811|5.863379,20.542635,-9.169006,1.957365,8.699402,0.015811
295|5.882982,20.722094,-8.766117|5.883392,20.722155,-8.756128,1.777845,7.901534,0.015811|5.883393,20.722179,-8.756134,1.777821,7.901428,0.015811
296|5.902993,20.893345,-8.349738|5.903406,20.893402,-8.339748,1.606598,7.140436,0.015811|5.903406,20.893426,-8.339753,1.606574,7.140331,0.015811
297|5.923003,21.056231,-7.930015|5.923419,21.056283,-7.920024,1.443717,6.416519,0.015811|5.923419,21.056307,-7.920029,1.443693,6.416414,0.015811
298|5.943013,21.210686,-7.507118|5.943432,21.210734,-7.497125,1.289266,5.730072,0.015811|5.943432,21.210758,-7.497130,1.289242,5.729966,0.015811
299|5.963023,21.356648,-7.081214|5.963445,21.356692,-7.071221,1.143308,5.081369,0.015811|5.963445,21.356716,-7.071225,1.143284,5.081264,0.015811
300|5.983033,21.494059,-6.652475|5.983458,21.494099,-6.642482,1.005901,4.470672,0.015811|5.983458,21.494122,-6.642485,1.005878,4.470567,0.015811
301|6.003043,21.622864,-6.221073|6.003471,21.622900,-6.211078,0.877100,3.898224,0.015811|6.003471,21.622923,-6.211082,0.877077,3.898119,0.015811
302|6.023053,21.743012,-5.787180|6.023483,21.743043,-5.777185,0.756957,3.364254,0.015811|6.023483,21.743066,-5.777187,0.756934,3.364149,0.015811
303|6.043064,21.854453,-5.350970|6.043495,21.854480,-5.340974,0.645520,2.868977,0.015811|6.043496,21.854504,-5.340976,0.645496,2.868872,0.015811
304|6.063074,21.957145,-4.912617|6.063508,21.957167,-4.902620,0.542833,2.412590,0.015811|6.063508,21.957191,-4.902622,0.542809,2.412485,0.015811
305|6.083084,22.051044,-4.472297|6.083520,22.051063,-4.462300,0.448937,1.995277,0.015811|6.083520,22.051086,-4.462301,0.448914,1.995172,0.015811
306|6.103094,22.136115,-4.030186|6.103531,22.136129,-4.020189,0.363871,1.617204,0.015811|6.103531,22.136153,-4.020190,0.363847,1.617099,0.015811
307|6.123104,22.212323,-3.586462|6.123543,22.212332,-3.576464,0.287668,1.278523,0.015811|6.123543,22.212356,-3.576465,0.287644,1.278417,0.015811
308|6.143114,22.279637,-3.141302|6.143554,22.279642,-3.131304,0.220358,0.979369,0.015811|6.143555,22.279666,-3.131304,0.220334,0.979264,0.015811
309|6.163124,22.338030,-2.694884|6.163566,22.338031,-2.684885,0.161969,0.719862,0.015811|6.163566,22.338055,-2.684886,0.161945,0.719757,0.015811
310|6.183135,22.387480,-2.247387|6.183577,22.387476,-2.237388,0.112524,0.500106,0.015811|6.183577,22.387500,-2.237388,0.112500,0.500001,0.015811
311|6.203145,22.427965,-1.798991|6.203588,22.427957,-1.788991,0.072043,0.320190,0.015811|6.203588,22.427981,-1.788991,0.072019,0.320085,0.015811
312|6.223155,22.459471,-1.349874|6.223598,22.459459,-1.339874,0.040541,0.180184,0.015811|6.223599,22.459482,-1.339874,0.040518,0.180079,0.015811
313|6.243165,22.481984,-0.900216|6.243609,22.481967,-0.890216,0.018033,0.080146,0.015811|6.243609,22.481991,-0.890216,0.018009,0.080041,0.015811
314|6.263175,22.495496,-0.450198|6.263619,22.495474,-0.440198,0.004526,0.020115,0.015811|6.263620,22.495498,-0.440198,0.004502,0.020010,0.015811
