OneBody4_E-0.20_plotinterval0.050_ecc0.0_RK4.txt
initial value : [x, y, v_x, v_y] = [22.50,0.00,0.00,0.63] , numerical interval dt = 0.02000 , [M, m] = [ 9, 1]

num|given_position|geodesic|newtonian
num| degree1, x1, y1 | degree2, x2, y2, simple error, relative error, d(rho) | degree2, x2, y2, simple error, relative error, dt
  1|0.000000,22.500000,0.000000|0.002222,22.499944,0.050000,0.000056,0.000247,0.079057|0.002222,22.499944,0.050000,0.000056,0.000247,0.079057
  2|0.020010,22.495496,0.450198|0.022232,22.495329,0.500197,0.004671,0.020760,0.079057|0.022232,22.495329,0.500197,0.004671,0.020760,0.079057
  3|0.040020,22.481984,0.900216|0.042241,22.481706,0.950213,0.018294,0.081305,0.079057|0.042241,22.481706,0.950211,0.018294,0.081305,0.079057
  4|0.060030,22.459471,1.349874|0.062249,22.459082,1.399867,0.040918,0.181856,0.079057|0.062249,22.459082,1.399863,0.040918,0.181856,0.079057
  5|0.080041,22.427965,1.798991|0.082257,22.427466,1.848979,0.072534,0.322374,0.079057|0.082256,22.427466,1.848972,0.072534,0.322374,0.079057
  6|0.100051,22.387480,2.247387|0.102263,22.386870,2.297369,0.113130,0.502802,0.079057|0.102263,22.386870,2.297359,0.113130,0.502801,0.079057
  7|0.120061,22.338030,2.694884|0.122269,22.337310,2.744858,0.162690,0.723068,0.079057|0.122269,22.337310,2.744844,0.162690,0.723067,0.079057
  8|0.140071,22.279637,3.141302|0.142274,22.278806,3.191266,0.221194,0.983083,0.079057|0.142274,22.278806,3.191247,0.221194,0.983083,0.079057
  9|0.160081,22.212323,3.586462|0.162279,22.211382,3.636416,0.288618,1.282745,0.079057|0.162278,22.211382,3.636390,0.288618,1.282745,0.079057
 10|0.180091,22.136115,4.030186|0.182283,22.135065,4.080127,0.364935,1.621932,0.079057|0.182281,22.135065,4.080095,0.364935,1.621932,0.079057
 11|0.200101,22.051044,4.472297|0.202286,22.049886,4.522224,0.450114,2.000509,0.079057|0.202284,22.049886,4.522185,0.450114,2.000509,0.079057
 12|0.220112,21.957145,4.912617|0.222288,21.955877,4.962529,0.544123,2.418324,0.079057|0.222286,21.955877,4.962481,0.544123,2.418324,0.079057
 13|0.240122,21.854453,5.350970|0.242289,21.853078,5.400866,0.646922,2.875210,0.079057|0.242287,21.853078,5.400809,0.646922,2.875211,0.079057
 14|0.260132,21.743012,5.787180|0.262290,21.741529,5.837058,0.758471,3.370984,0.079057|0.262287,21.741528,5.836991,0.758472,3.370985,0.079057
 15|0.280142,21.622864,6.221073|0.282290,21.621274,6.270932,0.878726,3.905448,0.079057|0.282287,21.621274,6.270855,0.878726,3.905449,0.079057
 16|0.300152,21.494059,6.652475|0.302289,21.492363,6.702314,1.007637,4.478387,0.079057|0.302285,21.492362,6.702225,1.007638,4.478389,0.079057
 17|0.320162,21.356648,7.081214|0.322288,21.354846,7.131031,1.145154,5.089573,0.079057|0.322284,21.354846,7.130930,1.145154,5.089575,0.079057
 18|0.340172,21.210686,7.507118|0.342286,21.208779,7.556911,1.291221,5.738760,0.079057|0.342281,21.208778,7.556797,1.291222,5.738762,0.079057
 19|0.360183,21.056231,7.930015|0.362283,21.054220,7.979785,1.445780,6.425688,0.079057|0.362277,21.054219,7.979657,1.445781,6.425692,0.079057
 20|0.380193,20.893345,8.349738|0.382279,20.891231,8.399481,1.608769,7.150083,0.079057|0.382273,20.891230,8.399339,1.608770,7.150087,0.079057
 21|0.400203,20.722094,8.766117|0.402275,20.719878,8.815834,1.780122,7.911654,0.079057|0.402268,20.719877,8.815676,1.780123,7.911659,0.079057
 22|0.420213,20.542546,9.178987|0.422270,20.540228,9.228675,1.959772,8.710097,0.079057|0.422263,20.540227,9.228501,1.959773,8.710103,0.079057
 23|0.440223,20.354773,9.588181|0.442264,20.352354,9.637840,2.147646,9.545091,0.079057|0.442256,20.352353,9.637649,2.147647,9.545098,0.079057
 24|0.460233,20.158850,9.993536|0.462257,20.156332,10.043164,2.343668,10.416303,0.079057|0.462249,20.156330,10.042956,2.343670,10.416311,0.079057
 25|0.480243,19.954856,10.394890|0.482250,19.952239,10.444486,2.547761,11.323384,0.079057|0.482241,19.952237,10.444260,2.547763,11.323393,0.079057
 26|0.500254,19.742871,10.792082|0.502242,19.740157,10.841645,2.759843,12.265970,0.079057|0.502233,19.740154,10.841399,2.759846,12.265980,0.079057
 27|0.520264,19.522982,11.184953|0.522234,19.520171,11.234481,2.979829,13.243684,0.079057|0.522224,19.520168,11.234216,2.979832,13.243696,0.079057
 28|0.540274,19.295276,11.573345|0.542225,19.292370,11.622838,3.207630,14.256135,0.079057|0.542214,19.292367,11.622552,3.207633,14.256148,0.079057
 29|0.560284,19.059844,11.957104|0.562215,19.056844,12.006560,3.443156,15.302917,0.079057|0.562203,19.056841,12.006252,3.443159,15.302931,0.079057
 30|0.580294,18.816781,12.336075|0.582204,18.813688,12.385494,3.686312,16.383611,0.079057|0.582192,18.813684,12.385163,3.686316,16.383626,0.079057
 31|0.600304,18.566184,12.710106|0.602193,18.562999,12.759486,3.937001,17.497784,0.079057|0.602180,18.562995,12.759133,3.937005,17.497801,0.079057
 32|0.620314,18.308153,13.079049|0.622181,18.304877,13.128389,4.195123,18.644991,0.079057|0.622168,18.304873,13.128012,4.195127,18.645010,0.079057
 33|0.640325,18.042792,13.442755|0.642169,18.039426,13.492054,4.460574,19.824771,0.079057|0.642155,18.039422,13.491653,4.460578,19.824792,0.079057
 34|0.660335,17.770206,13.801079|0.662156,17.766753,13.850336,4.733247,21.036654,0.079057|0.662141,17.766748,13.849909,4.733252,21.036676,0.079057
 35|0.680345,17.490505,14.153876|0.682142,17.486966,14.203091,5.013034,22.280152,0.079057|0.682126,17.486960,14.202638,5.013040,22.280176,0.079057
 36|0.700355,17.203802,14.501007|0.702128,17.200177,14.550177,5.299823,23.554769,0.079057|0.702111,17.200171,14.549697,5.299829,23.554795,0.079057
 37|0.720365,16.910210,14.842332|0.722113,16.906501,14.891457,5.593499,24.859995,0.079057|0.722096,16.906495,14.890950,5.593505,24.860022,0.079057
 38|0.740375,16.609847,15.177713|0.742097,16.606056,15.226793,5.893944,26.195306,0.079057|0.742080,16.606050,15.226257,5.893950,26.195335,0.079057
 39|0.760385,16.302834,15.507018|0.762081,16.298962,15.556051,6.201038,27.560168,0.079057|0.762063,16.298955,15.555486,6.201045,27.560198,0.079057
 40|0.780396,15.989293,15.830114|0.782064,15.985342,15.879099,6.514658,28.954034,0.079057|0.782045,15.985335,15.878505,6.514665,28.954066,0.079057
 41|0.800406,15.669350,16.146872|0.802047,15.665322,16.195808,6.834678,30.376347,0.079057|0.802028,15.665314,16.195183,6.834686,30.376380,0.079057
 42|0.820416,15.343134,16.457164|0.822029,15.339029,16.506052,7.160971,31.826537,0.079057|0.822009,15.339021,16.505395,7.160979,31.826571,0.079057
 43|0.840426,15.010774,16.760867|0.842010,15.006595,16.809705,7.493405,33.304023,0.079057|0.841990,15.006587,16.809017,7.493413,33.304059,0.079057
 44|0.860436,14.672404,17.057859|0.861991,14.668152,17.106646,7.831848,34.808213,0.079057|0.861971,14.668144,17.105925,7.831856,34.808251,0.079057
 45|0.880446,14.328159,17.348022|0.881971,14.323836,17.396757,8.176164,36.338507,0.079057|0.881950,14.323827,17.396003,8.176173,36.338545,0.079057
 46|0.900456,13.978177,17.631238|0.901951,13.973785,17.679921,8.526215,37.894290,0.079057|0.901930,13.973776,17.679133,8.526224,37.894329,0.079057
 47|0.920467,13.622599,17.907395|0.921931,13.618138,17.956025,8.881862,39.474940,0.079057|0.921909,13.618129,17.955202,8.881871,39.474980,0.079057
 48|0.940477,13.261566,18.176382|0.941909,13.257040,18.224958,9.242960,41.079824,0.079057|0.941887,13.257030,18.224100,9.242970,41.079865,0.079057
 49|0.960487,12.895223,18.438091|0.961888,12.890633,18.486613,9.609367,42.708300,0.079057|0.961865,12.890623,18.485719,9.609377,42.708341,0.079057
 50|0.980497,12.523717,18.692418|0.981866,12.519064,18.740885,9.980936,44.359715,0.079057|0.981843,12.519055,18.739955,9.980945,44.359756,0.079057
 51|1.000507,12.147197,18.939261|1.001843,12.142483,18.987672,10.357517,46.033409,0.079057|1.001820,12.142474,18.986704,10.357526,46.033449,0.079057
 52|1.020517,11.765813,19.178520|1.021820,11.761040,19.226876,10.738960,47.728710,0.079057|1.021797,11.761031,19.225870,10.738969,47.728750,0.079057
 53|1.040528,11.379718,19.410101|1.041796,11.374888,19.458400,11.125112,49.444941,0.079057|1.041773,11.374879,19.457355,11.125121,49.444981,0.079057
 54|1.060538,10.989067,19.633909|1.061772,10.984182,19.682152,11.515818,51.181415,0.079057|1.061749,10.984173,19.681067,11.515827,51.181453,0.079057
 55|1.080548,10.594016,19.849857|1.081748,10.589077,19.898042,11.910923,52.937435,0.079057|1.081725,10.589069,19.896918,11.910931,52.937472,0.079057
 56|1.100558,10.194723,20.057857|1.101723,10.189733,20.105984,12.310267,54.712300,0.079057|1.101700,10.189725,20.104819,12.310275,54.712334,0.079057
 57|1.120568,9.791349,20.257825|1.121697,9.786308,20.305894,12.713692,56.505298,0.079057|1.121674,9.786301,20.304688,12.713699,56.505330,0.079057
 58|1.140578,9.384053,20.449683|1.141672,9.378965,20.497693,13.121035,58.315711,0.079057|1.141649,9.378958,20.496446,13.121042,58.315740,0.079057
 59|1.160588,8.973001,20.633353|1.161646,8.967867,20.681304,13.532133,60.142815,0.079057|1.161623,8.967861,20.680014,13.532139,60.142841,0.079057
 60|1.180599,8.558356,20.808761|1.181619,8.553177,20.856653,13.946823,61.985878,0.079057|1.181597,8.553172,20.855320,13.946828,61.985900,0.079057
 61|1.200609,8.140284,20.975838|1.201592,8.135063,21.023670,14.364937,63.844162,0.079057|1.201570,8.135059,21.022294,14.364941,63.844180,0.079057
 62|1.220619,7.718953,21.134516|1.221565,7.713692,21.182289,14.786308,65.716924,0.079057|1.221544,7.713689,21.180868,14.786311,65.716937,0.079057
 63|1.240629,7.294531,21.284732|1.241537,7.289232,21.332444,15.210768,67.603413,0.079057|1.241517,7.289230,21.330980,15.210770,67.603420,0.079057
 64|1.260639,6.867188,21.426426|1.261510,6.861853,21.474078,15.638147,69.502874,0.079057|1.261489,6.861853,21.472568,15.638147,69.502875,0.079057
 65|1.280649,6.437096,21.559541|1.281481,6.431727,21.607132,16.068273,71.414547,0.079057|1.281462,6.431728,21.605577,16.068272,71.414541,0.079057
 66|1.300659,6.004427,21.684023|1.301453,5.999025,21.731554,16.500975,73.337666,0.079057|1.301434,5.999028,21.729953,16.500972,73.337652,0.079057
 67|1.320670,5.569353,21.799823|1.321424,5.563921,21.847294,16.936079,75.271461,0.079057|1.321406,5.563926,21.845646,16.936074,75.271439,0.079057
 68|1.340680,5.132050,21.906895|1.341395,5.126589,21.954305,17.373411,77.215158,0.079057|1.341378,5.126597,21.952610,17.373403,77.215127,0.079057
 69|1.360690,4.692692,22.005196|1.361366,4.687205,22.052545,17.812795,79.167979,0.079057|1.361349,4.687214,22.050803,17.812786,79.167938,0.079057
 70|1.380700,4.251454,22.094686|1.381336,4.245943,22.141974,18.254057,81.129142,0.079057|1.381321,4.245955,22.140184,18.254045,81.129090,0.079057
 71|1.400710,3.808515,22.175329|1.401307,3.802981,22.222556,18.697019,83.097861,0.079057|1.401292,3.802996,22.220718,18.697004,83.097798,0.079057
 72|1.420720,3.364051,22.247093|1.421277,3.358496,22.294260,19.141504,85.073350,0.079057|1.421263,3.358514,22.292373,19.141486,85.073273,0.079057
 73|1.440730,2.918239,22.309950|1.441246,2.912667,22.357056,19.587333,87.054815,0.079057|1.441234,2.912687,22.355120,19.587313,87.054726,0.079057
 74|1.460741,2.471260,22.363874|1.461216,2.465670,22.410919,20.034330,89.041465,0.079057|1.461205,2.465694,22.408934,20.034306,89.041361,0.079057
 75|1.480751,2.023290,22.408844|1.481186,2.017687,22.455829,20.482313,91.032504,0.079057|1.481176,2.017713,22.453793,20.482287,91.032385,0.079057
 76|1.500761,1.574511,22.444842|1.501155,1.568895,22.491766,20.931105,93.027135,0.079057|1.501147,1.568925,22.489680,20.931075,93.026999,0.079057
 77|1.520771,1.125101,22.471852|1.521124,1.119474,22.518716,21.380526,95.024558,0.079057|1.521118,1.119509,22.516580,21.380491,95.024405,0.079057
 78|1.540781,0.675241,22.489865|1.541093,0.669606,22.536669,21.830394,97.023975,0.079057|1.541089,0.669644,22.534483,21.830356,97.023803,0.079057
 79|1.560791,0.225110,22.498874|1.561062,0.219468,22.545618,22.280532,99.024585,0.079057|1.561059,0.219511,22.543380,22.280489,99.024394,0.079057
 80|1.580801,-0.225110,22.498874|1.581031,-0.230757,22.545558,22.269243,98.974413,0.079057|1.581030,-0.230709,22.543269,22.269291,98.974625,0.079057
 81|1.600812,-0.675241,22.489865|1.601000,-0.680890,22.536490,21.819110,96.973820,0.079057|1.601001,-0.680838,22.534150,21.819162,96.974055,0.079057
 82|1.620822,-1.125101,22.471852|1.620969,-1.130751,22.518418,21.369249,94.974438,0.079057|1.620971,-1.130693,22.516026,21.369307,94.974696,0.079057
 83|1.640832,-1.574511,22.444842|1.640937,-1.580160,22.491348,20.919840,92.977067,0.079057|1.640942,-1.580097,22.488905,20.919903,92.977349,0.079057
 84|1.660842,-2.023290,22.408844|1.660906,-2.028936,22.455292,20.471064,90.982506,0.079057|1.660913,-2.028867,22.452797,20.471133,90.982813,0.079057
 85|1.680852,-2.471260,22.363874|1.680875,-2.476900,22.410264,20.023100,88.991554,0.079057|1.680884,-2.476825,22.407717,20.023175,88.991888,0.079057
 86|1.700862,-2.918239,22.309950|1.700844,-2.923873,22.356282,19.576127,87.005008,0.079057|1.700855,-2.923792,22.353682,19.576208,87.005371,0.079057
 87|1.720872,-3.364051,22.247093|1.720812,-3.369676,22.293368,19.130324,85.023663,0.079057|1.720826,-3.369587,22.290716,19.130413,85.024056,0.079057
 88|1.740883,-3.808515,22.175329|1.740781,-3.814129,22.221547,18.685871,83.048314,0.079057|1.740797,-3.814034,22.218842,18.685966,83.048737,0.079057
 89|1.760893,-4.251454,22.094686|1.760750,-4.257056,22.140847,18.242944,81.079750,0.079057|1.760768,-4.256954,22.138090,18.243046,81.080205,0.079057
 90|1.780903,-4.692692,22.005196|1.780719,-4.698279,22.051301,17.801721,79.118760,0.079057|1.780740,-4.698169,22.048491,17.801831,79.119249,0.079057
 91|1.800913,-5.132050,21.906895|1.800688,-5.137621,21.952945,17.362379,77.166129,0.079057|1.800712,-5.137503,21.950082,17.362497,77.166653,0.079057
 92|1.820923,-5.569353,21.799823|1.820657,-5.574906,21.845817,16.925094,75.222639,0.079057|1.820683,-5.574780,21.842903,16.925220,75.223199,0.079057
 93|1.840933,-6.004427,21.684023|1.840626,-6.009960,21.729962,16.490040,73.289067,0.079057|1.840655,-6.009825,21.726995,16.490175,73.289666,0.079057
 94|1.860943,-6.437096,21.559541|1.860595,-6.442607,21.605426,16.057393,71.366189,0.079057|1.860628,-6.442464,21.602406,16.057536,71.366827,0.079057
 95|1.880954,-6.867188,21.426426|1.880565,-6.872676,21.472257,15.627324,69.454774,0.079057|1.880600,-6.872523,21.469185,15.627477,69.455452,0.079057
 96|1.900964,-7.294531,21.284732|1.900535,-7.299993,21.330511,15.200007,67.555586,0.079057|1.900573,-7.299831,21.327386,15.200169,67.556307,0.079057
 97|1.920974,-7.718953,21.134516|1.920504,-7.724388,21.180242,14.775612,65.669388,0.079057|1.920546,-7.724216,21.177066,14.775784,65.670153,0.079057
 98|1.940984,-8.140284,20.975838|1.940475,-8.145690,21.021512,14.354310,63.796933,0.079057|1.940519,-8.145508,21.018284,14.354492,63.797743,0.079057
 99|1.960994,-8.558356,20.808761|1.960445,-8.563731,20.854384,13.936269,61.938972,0.079057|1.960492,-8.563539,20.851104,13.936461,61.939829,0.079057
100|1.981004,-8.973001,20.633353|1.980415,-8.978344,20.678925,13.521656,60.096248,0.079057|1.980466,-8.978141,20.675594,13.521859,60.097153,0.079057
101|2.001014,-9.384053,20.449683|2.000386,-9.389363,20.495206,13.110637,58.269499,0.079057|2.000440,-9.389148,20.491823,13.110852,58.270454,0.079057
102|2.021025,-9.791349,20.257825|2.020357,-9.796622,20.303299,12.703378,56.459457,0.079057|2.020415,-9.796396,20.299865,12.703604,56.460464,0.079057
103|2.041035,-10.194723,20.057857|2.040329,-10.199960,20.103281,12.300040,54.666845,0.079057|2.040389,-10.199721,20.099797,12.300279,54.667906,0.079057
104|2.061045,-10.594016,19.849857|2.060300,-10.599214,19.895233,11.900786,52.892383,0.079057|2.060364,-10.598963,19.891698,11.901037,52.893498,0.079057
105|2.081055,-10.989067,19.633909|2.080273,-10.994224,19.679239,11.505776,51.136781,0.079057|2.080340,-10.993961,19.675654,11.506039,51.137952,0.079057
106|2.101065,-11.379718,19.410101|2.100245,-11.384833,19.455383,11.115167,49.400740,0.079057|2.100316,-11.384557,19.451748,11.115443,49.401969,0.079057
107|2.121075,-11.765813,19.178520|2.120218,-11.770885,19.223757,10.729115,47.684957,0.079057|2.120292,-11.770595,19.220073,10.729405,47.686246,0.079057
108|2.141085,-12.147197,18.939261|2.140191,-12.152223,18.984453,10.347777,45.990119,0.079057|2.140269,-12.151920,18.980720,10.348080,45.991468,0.079057
109|2.161096,-12.523717,18.692418|2.160164,-12.528697,18.737566,9.971303,44.316903,0.079057|2.160246,-12.528379,18.733784,9.971621,44.318315,0.079057
110|2.181106,-12.895223,18.438091|2.180138,-12.900155,18.483195,9.599845,42.665980,0.079057|2.180223,-12.899822,18.479366,9.600178,42.667456,0.079057
111|2.201116,-13.261566,18.176382|2.200112,-13.266448,18.221443,9.233552,41.038011,0.079057|2.200201,-13.266101,18.217566,9.233899,41.039553,0.079057
112|2.221126,-13.622599,17.907395|2.220087,-13.627429,17.952414,8.872571,39.433648,0.079057|2.220180,-13.627067,17.948490,8.872933,39.435257,0.079057
113|2.241136,-13.978177,17.631238|2.240062,-13.982955,17.676216,8.517045,37.853532,0.079057|2.240159,-13.982578,17.672246,8.517422,37.855211,0.079057
114|2.261146,-14.328159,17.348022|2.260038,-14.332883,17.392960,8.167117,36.298298,0.079057|2.260138,-14.332490,17.388943,8.167510,36.300046,0.079057
115|2.281156,-14.672404,17.057859|2.280014,-14.677073,17.102758,7.822927,34.768566,0.079057|2.280118,-14.676663,17.098696,7.823337,34.770387,0.079057
116|2.301167,-15.010774,16.760867|2.299991,-15.015386,16.805727,7.484614,33.264951,0.079057|2.300098,-15.014960,16.801620,7.485040,33.266845,0.079057
117|2.321177,-15.343134,16.457164|2.319968,-15.347688,16.501986,7.152312,31.788053,0.079057|2.320079,-15.347245,16.497835,7.152755,31.790022,0.079057
118|2.341187,-15.669350,16.146872|2.339946,-15.673845,16.191656,6.826155,30.338465,0.079057|2.340061,-15.673385,16.187462,6.826615,30.340510,0.079057
119|2.361197,-15.989293,15.830114|2.359924,-15.993728,15.874862,6.506272,28.916766,0.079057|2.360043,-15.993250,15.870626,6.506750,28.918889,0.079057
120|2.381207,-16.302834,15.507018|2.379903,-16.307207,15.551731,6.192793,27.523526,0.079057|2.380025,-16.306711,15.547452,6.193289,27.525729,0.079057
121|2.401217,-16.609847,15.177713|2.399883,-16.614157,15.222392,5.885843,26.159302,0.079057|2.400009,-16.613643,15.218072,5.886357,26.161586,0.079057
122|2.421227,-16.910210,14.842332|2.419863,-16.914456,14.886977,5.585544,24.824642,0.079057|2.419992,-16.913923,14.882616,5.586077,24.827008,0.079057
123|2.441238,-17.203802,14.501007|2.439843,-17.207982,14.545619,5.292018,23.520078,0.079057|2.439977,-17.207431,14.541219,5.292569,23.522528,0.079057
124|2.461248,-17.490505,14.153876|2.459825,-17.494620,14.198457,5.005380,22.246134,0.079057|2.459962,-17.494049,14.194018,5.005951,22.248669,0.079057
125|2.481258,-17.770206,13.801079|2.479806,-17.774253,13.845628,4.725747,21.003320,0.079057|2.479947,-17.773663,13.841151,4.726337,21.005941,0.079057
126|2.501268,-18.042792,13.442755|2.499789,-18.046770,13.487275,4.453230,19.792133,0.079057|2.499933,-18.046161,13.482760,4.453839,19.794842,0.079057
127|2.521278,-18.308153,13.079049|2.519772,-18.312062,13.123540,4.187938,18.613058,0.079057|2.519920,-18.311432,13.118989,4.188568,18.615856,0.079057
128|2.541288,-18.566184,12.710106|2.539756,-18.570022,12.754569,3.929978,17.466567,0.079057|2.539908,-18.569372,12.749982,3.930628,17.469456,0.079057
129|2.561298,-18.816781,12.336075|2.559741,-18.820548,12.380510,3.679452,16.353120,0.079057|2.559896,-18.819877,12.375889,3.680123,16.356100,0.079057
130|2.581309,-19.059844,11.957104|2.579726,-19.063539,12.001513,3.436461,15.273162,0.079057|2.579884,-19.062847,11.996858,3.437153,15.276235,0.079057
131|2.601319,-19.295276,11.573345|2.599712,-19.298897,11.617729,3.201103,14.227125,0.079057|2.599874,-19.298184,11.613041,3.201816,14.230292,0.079057
132|2.621329,-19.522982,11.184953|2.619698,-19.526529,11.229312,2.973471,13.215429,0.079057|2.619864,-19.525795,11.224593,2.974205,13.218691,0.079057
133|2.641339,-19.742871,10.792082|2.639686,-19.746343,10.836417,2.753657,12.238478,0.079057|2.639855,-19.745587,10.831668,2.754413,12.241836,0.079057
134|2.661349,-19.954856,10.394890|2.659674,-19.958251,10.439203,2.541749,11.296663,0.079057|2.659846,-19.957473,10.434423,2.542527,11.300119,0.079057
135|2.681359,-20.158850,9.993536|2.679663,-20.162168,10.037827,2.337832,10.390362,0.079057|2.679838,-20.161369,10.033019,2.338631,10.393916,0.079057
136|2.701369,-20.354773,9.588181|2.699653,-20.358014,9.632451,2.141986,9.519938,0.079057|2.699831,-20.357192,9.627615,2.142808,9.523591,0.079057
137|2.721380,-20.542546,9.178987|2.719643,-20.545709,9.223237,1.954291,8.685739,0.079057|2.719825,-20.544864,9.218375,1.955136,8.689492,0.079057
138|2.741390,-20.722094,8.766117|2.739634,-20.725178,8.810349,1.774822,7.888098,0.079057|2.739819,-20.724311,8.805461,1.775689,7.891953,0.079057
139|2.761400,-20.893345,8.349738|2.759626,-20.896349,8.393952,1.603651,7.127337,0.079057|2.759814,-20.895459,8.389039,1.604541,7.131293,0.079057
140|2.781410,-21.056231,7.930015|2.779619,-21.059154,7.974213,1.440846,6.403758,0.079057|2.779810,-21.058241,7.969276,1.441759,6.407818,0.079057
141|2.801420,-21.210686,7.507118|2.799613,-21.213528,7.551299,1.286472,5.717652,0.079057|2.799806,-21.212592,7.546341,1.287408,5.721815,0.079057
142|2.821430,-21.356648,7.081214|2.819607,-21.359409,7.125381,1.140591,5.069293,0.079057|2.819803,-21.358449,7.120401,1.141551,5.073561,0.079057
143|2.841440,-21.494059,6.652475|2.839602,-21.496738,6.696628,1.003262,4.458942,0.079057|2.839801,-21.495754,6.691628,1.004246,4.463315,0.079057
144|2.861451,-21.622864,6.221073|2.859598,-21.625461,6.265212,0.874539,3.886842,0.079057|2.859800,-21.624453,6.260194,0.875547,3.891321,0.079057
145|2.881461,-21.743012,5.787180|2.879595,-21.745525,5.831307,0.754475,3.353222,0.079057|2.879800,-21.744493,5.826271,0.755507,3.357807,0.079057
146|2.901471,-21.854453,5.350970|2.899593,-21.856883,5.395086,0.643117,2.858296,0.079057|2.899800,-21.855827,5.390033,0.644173,2.862989,0.079057
147|2.921481,-21.957145,4.912617|2.919592,-21.959491,4.956723,0.540509,2.402263,0.079057|2.919801,-21.958411,4.951655,0.541589,2.407064,0.079057
148|2.941491,-22.051044,4.472297|2.939591,-22.053306,4.516394,0.446694,1.985305,0.079057|2.939803,-22.052202,4.511312,0.447798,1.990213,0.079057
149|2.961501,-22.136115,4.030186|2.959592,-22.138293,4.074275,0.361707,1.607589,0.079057|2.959805,-22.137164,4.069181,0.362836,1.612606,0.079057
150|2.981511,-22.212323,3.586462|2.979593,-22.214415,3.630544,0.285585,1.269266,0.079057|2.979809,-22.213262,3.625437,0.286738,1.274391,0.079057
151|3.001522,-22.279637,3.141302|2.999595,-22.281644,3.185378,0.218356,0.970471,0.079057|2.999813,-22.280466,3.180261,0.219534,0.975706,0.079057
152|3.021532,-22.338030,2.694884|3.019598,-22.339952,2.738954,0.160048,0.711325,0.079057|3.019818,-22.338749,2.733828,0.161251,0.716669,0.079057
153|3.041542,-22.387480,2.247387|3.039602,-22.389316,2.291453,0.110684,0.491930,0.079057|3.039823,-22.388088,2.286319,0.111912,0.497385,0.079057
154|3.061552,-22.427965,1.798991|3.059607,-22.429715,1.843053,0.070285,0.312376,0.079057|3.059830,-22.428464,1.837912,0.071536,0.317940,0.079057
155|3.081562,-22.459471,1.349874|3.079612,-22.461135,1.393934,0.038865,0.172733,0.079057|3.079837,-22.459858,1.388787,0.040142,0.178407,0.079057
156|3.101572,-22.481984,0.900216|3.099619,-22.483562,0.944275,0.016438,0.073058,0.079057|3.099845,-22.482260,0.939124,0.017740,0.078842,0.079057
157|3.121583,-22.495496,0.450198|3.119626,-22.496987,0.494257,0.003013,0.013391,0.079057|3.119854,-22.495661,0.489103,0.004339,0.019285,0.079057
158|3.141593,-22.500000,0.000000|3.139635,-22.501405,0.044059,0.001405,0.006246,0.079057|3.139864,-22.500054,0.038903,0.000054,0.000241,0.079057
159|3.161603,-22.495496,-0.450198|3.159644,-22.496814,-0.406138,0.003186,0.014158,0.079057|3.159874,-22.495439,-0.411294,0.004561,0.020273,0.079057
160|3.181613,-22.481984,-0.900216|3.179654,-22.483217,-0.856153,0.016783,0.074592,0.079057|3.179885,-22.481816,-0.861308,0.018184,0.080817,0.079057
161|3.201623,-22.459471,-1.349874|3.199665,-22.460617,-1.305807,0.039383,0.175034,0.079057|3.199897,-22.459192,-1.310960,0.040808,0.181368,0.079057
162|3.221633,-22.427965,-1.798991|3.219677,-22.429026,-1.754920,0.070974,0.315442,0.079057|3.219910,-22.427576,-1.760070,0.072424,0.321886,0.079057
163|3.241643,-22.387480,-2.247387|3.239690,-22.388454,-2.203311,0.111546,0.495761,0.079057|3.239924,-22.386979,-2.208457,0.113021,0.502314,0.079057
164|3.261654,-22.338030,-2.694884|3.259703,-22.338918,-2.650802,0.161082,0.715918,0.079057|3.259938,-22.337419,-2.655941,0.162581,0.722581,0.079057
165|3.281664,-22.279637,-3.141302|3.279718,-22.280439,-3.097212,0.219561,0.975826,0.079057|3.279953,-22.278916,-3.102345,0.221084,0.982597,0.079057
166|3.301674,-22.212323,-3.586462|3.299733,-22.213040,-3.542364,0.286960,1.275379,0.079057|3.299969,-22.211492,-3.547489,0.288508,1.282259,0.079057
167|3.321684,-22.136115,-4.030186|3.319750,-22.136747,-3.986079,0.363253,1.614459,0.079057|3.319986,-22.135175,-3.991194,0.364825,1.621446,0.079057
168|3.341694,-22.051044,-4.472297|3.339767,-22.051591,-4.428179,0.448409,1.992929,0.079057|3.340003,-22.049995,-4.433284,0.450005,2.000024,0.079057
169|3.361704,-21.957145,-4.912617|3.359785,-21.957606,-4.868488,0.542394,2.410639,0.079057|3.360022,-21.955986,-4.873580,0.544014,2.417840,0.079057
170|3.381714,-21.854453,-5.350970|3.379804,-21.854831,-5.306828,0.645169,2.867420,0.079057|3.380041,-21.853186,-5.311908,0.646814,2.874727,0.079057
171|3.401725,-21.743012,-5.787180|3.399824,-21.743305,-5.743026,0.756695,3.363090,0.079057|3.400061,-21.741637,-5.748091,0.758363,3.370502,0.079057
172|3.421735,-21.622864,-6.221073|3.419845,-21.623074,-6.176905,0.876926,3.897450,0.079057|3.420081,-21.621382,-6.181954,0.878618,3.904967,0.079057
173|3.441745,-21.494059,-6.652475|3.439866,-21.494186,-6.608292,1.005814,4.470286,0.079057|3.440103,-21.492471,-6.613325,1.007529,4.477907,0.079057
174|3.461755,-21.356648,-7.081214|3.459889,-21.356692,-7.037015,1.143308,5.081370,0.079057|3.460125,-21.354954,-7.042030,1.145046,5.089094,0.079057
175|3.481765,-21.210686,-7.507118|3.479912,-21.210647,-7.462902,1.289353,5.730456,0.079057|3.480147,-21.208886,-7.467897,1.291114,5.738283,0.079057
176|3.501775,-21.056231,-7.930015|3.499936,-21.056111,-7.885782,1.443889,6.417285,0.079057|3.500171,-21.054327,-7.890757,1.445673,6.425213,0.079057
177|3.521785,-20.893345,-8.349738|3.519961,-20.893144,-8.305485,1.606856,7.141581,0.079057|3.520195,-20.891338,-8.310439,1.608662,7.149609,0.079057
178|3.541796,-20.722094,-8.766117|3.539987,-20.721813,-8.721845,1.778187,7.903055,0.079057|3.540221,-20.719984,-8.726776,1.780016,7.911182,0.079057
179|3.561806,-20.542546,-9.178987|3.560013,-20.542185,-9.134694,1.957815,8.701401,0.079057|3.560246,-20.540334,-9.139602,1.959666,8.709627,0.079057
180|3.581816,-20.354773,-9.588181|3.580041,-20.354333,-9.543867,2.145667,9.536300,0.079057|3.580273,-20.352460,-9.548750,2.147540,9.544623,0.079057
181|3.601826,-20.158850,-9.993536|3.600069,-20.158331,-9.949200,2.341669,10.407418,0.079057|3.600300,-20.156437,-9.954057,2.343563,10.415838,0.079057
182|3.621836,-19.954856,-10.394890|3.620098,-19.954259,-10.350530,2.545741,11.314406,0.079057|3.620328,-19.952343,-10.355360,2.547657,11.322921,0.079057
183|3.641846,-19.742871,-10.792082|3.640128,-19.742197,-10.747698,2.757803,12.256900,0.079057|3.640357,-19.740260,-10.752500,2.759740,12.265509,0.079057
184|3.661856,-19.522982,-11.184953|3.660159,-19.522232,-11.140544,2.977768,13.234524,0.079057|3.660386,-19.520274,-11.145316,2.979726,13.243226,0.079057
185|3.681867,-19.295276,-11.573345|3.680190,-19.294451,-11.528910,3.205549,14.246886,0.079057|3.680416,-19.292472,-11.533653,3.207528,14.255679,0.079057
186|3.701877,-19.059844,-11.957104|3.700222,-19.058944,-11.912642,3.441056,15.293580,0.079057|3.700447,-19.056946,-11.917353,3.443054,15.302464,0.079057
187|3.721887,-18.816781,-12.336075|3.720255,-18.815808,-12.291585,3.684192,16.374188,0.079057|3.720479,-18.813789,-12.296264,3.686211,16.383160,0.079057
188|3.741897,-18.566184,-12.710106|3.740289,-18.565138,-12.665588,3.934862,17.488277,0.079057|3.740511,-18.563099,-12.670234,3.936901,17.497337,0.079057
189|3.761907,-18.308153,-13.079049|3.760323,-18.307035,-13.034501,4.192965,18.635400,0.079057|3.760543,-18.304977,-13.039113,4.195023,18.644546,0.079057
190|3.781917,-18.042792,-13.442755|3.780358,-18.041603,-13.398177,4.458397,19.815099,0.079057|3.780577,-18.039526,-13.402754,4.460474,19.824330,0.079057
191|3.801927,-17.770206,-13.801079|3.800394,-17.768947,-13.756469,4.731053,21.026901,0.079057|3.800611,-17.766852,-13.761010,4.733148,21.036215,0.079057
192|3.821938,-17.490505,-14.153876|3.820430,-17.489178,-14.109234,5.010822,22.270321,0.079057|3.820645,-17.487064,-14.113739,5.012936,22.279717,0.079057
193|3.841948,-17.203802,-14.501007|3.840468,-17.202406,-14.456332,5.297594,23.544861,0.079057|3.840681,-17.200274,-14.460798,5.299726,23.554337,0.079057
194|3.861958,-16.910210,-14.842332|3.860505,-16.908748,-14.797623,5.591252,24.850010,0.079057|3.860717,-16.906598,-14.802050,5.593402,24.859566,0.079057
195|3.881968,-16.609847,-15.177713|3.880544,-16.608319,-15.132970,5.891681,26.185247,0.079057|3.880753,-16.606152,-15.137358,5.893848,26.194880,0.079057
196|3.901978,-16.302834,-15.507018|3.900583,-16.301242,-15.462239,6.198758,27.550036,0.079057|3.900790,-16.299057,-15.466587,6.200943,27.559745,0.079057
197|3.921988,-15.989293,-15.830114|3.920623,-15.987638,-15.785298,6.512362,28.943831,0.079057|3.920828,-15.985437,-15.789605,6.514563,28.953614,0.079057
198|3.941998,-15.669350,-16.146872|3.940663,-15.667633,-16.102019,6.832367,30.366074,0.079057|3.940866,-15.665416,-16.106284,6.834584,30.375930,0.079057
199|3.962009,-15.343134,-16.457164|3.960704,-15.341356,-16.412273,7.158644,31.816196,0.079057|3.960905,-15.339122,-16.416496,7.160878,31.826122,0.079057
200|3.982019,-15.010774,-16.760867|3.980745,-15.008936,-16.715938,7.491064,33.293616,0.079057|3.980944,-15.006687,-16.720117,7.493313,33.303611,0.079057
201|4.002029,-14.672404,-17.057859|4.000787,-14.670508,-17.012890,7.829492,34.797741,0.079057|4.000984,-14.668244,-17.017026,7.831756,34.807805,0.079057
202|4.022039,-14.328159,-17.348022|4.020830,-14.326206,-17.303012,8.173794,36.327971,0.079057|4.021024,-14.323927,-17.307103,8.176073,36.338101,0.079057
203|4.042049,-13.978177,-17.631238|4.040873,-13.976169,-17.586188,8.523831,37.883692,0.079057|4.041065,-13.973876,-17.590233,8.526124,37.893886,0.079057
204|4.062059,-13.622599,-17.907395|4.060917,-13.620537,-17.862303,8.879463,39.464282,0.079057|4.061107,-13.618229,-17.866302,8.881771,39.474538,0.079057
205|4.082069,-13.261566,-18.176382|4.080961,-13.259451,-18.131247,9.240549,41.069107,0.079057|4.081148,-13.257129,-18.135200,9.242871,41.079425,0.079057
206|4.102080,-12.895223,-18.438091|4.101006,-12.893057,-18.392913,9.606943,42.697525,0.079057|4.101191,-12.890722,-18.396818,9.609278,42.707902,0.079057
207|4.122090,-12.523717,-18.692418|4.121051,-12.521501,-18.647196,9.978499,44.348884,0.079057|4.121234,-12.519153,-18.651053,9.980847,44.359318,0.079057
208|4.142100,-12.147197,-18.939261|4.141097,-12.144932,-18.893994,10.355068,46.022523,0.079057|4.141277,-12.142572,-18.897803,10.357428,46.033013,0.079057
209|4.162110,-11.765813,-19.178520|4.161143,-11.763501,-19.133208,10.736499,47.717771,0.079057|4.161320,-11.761129,-19.136968,10.738871,47.728316,0.079057
210|4.182120,-11.379718,-19.410101|4.181189,-11.377361,-19.364742,11.122639,49.433950,0.079057|4.181364,-11.374977,-19.368453,11.125023,49.444547,0.079057
211|4.202130,-10.989067,-19.633909|4.201236,-10.986666,-19.588504,11.513334,51.170373,0.079057|4.201409,-10.984270,-19.592165,11.515730,51.181021,0.079057
212|4.222140,-10.594016,-19.849857|4.221284,-10.591573,-19.804404,11.908427,52.926344,0.079057|4.221454,-10.589166,-19.808015,11.910834,52.937041,0.079057
213|4.242151,-10.194723,-20.057857|4.241331,-10.192239,-20.012355,12.307761,54.701160,0.079057|4.241499,-10.189822,-20.015916,12.310178,54.711904,0.079057
214|4.262161,-9.791349,-20.257825|4.261379,-9.788825,-20.212275,12.711175,56.494111,0.079057|4.261545,-9.786397,-20.215785,12.713603,56.504901,0.079057
215|4.282171,-9.384053,-20.449683|4.281428,-9.381492,-20.404084,13.118508,58.304479,0.079057|4.281591,-9.379055,-20.407542,13.120945,58.315313,0.079057
216|4.302181,-8.973001,-20.633353|4.301476,-8.970404,-20.587703,13.529596,60.131539,0.079057|4.301637,-8.967957,-20.591111,13.532043,60.142414,0.079057
217|4.322191,-8.558356,-20.808761|4.321525,-8.555724,-20.763061,13.944276,61.974558,0.079057|4.321684,-8.553268,-20.766416,13.946732,61.985475,0.079057
218|4.342201,-8.140284,-20.975838|4.341575,-8.137620,-20.930087,14.362380,63.832800,0.079057|4.341730,-8.135155,-20.933390,14.364845,63.843756,0.079057
219|4.362211,-7.718953,-21.134516|4.361624,-7.716258,-21.088713,14.783742,65.705521,0.079057|4.361778,-7.713785,-21.091964,14.786215,65.716513,0.079057
220|4.382222,-7.294531,-21.284732|4.381674,-7.291807,-21.238877,15.208193,67.591969,0.079057|4.381825,-7.289326,-21.242075,15.210674,67.602997,0.079057
221|4.402232,-6.867188,-21.426426|4.401724,-6.864437,-21.380518,15.635563,69.491391,0.079057|4.401873,-6.861948,-21.383663,15.638052,69.502453,0.079057
222|4.422242,-6.437096,-21.559541|4.421775,-6.434319,-21.513579,16.065681,71.403025,0.079057|4.421921,-6.431823,-21.516671,16.068177,71.414120,0.079057
223|4.442252,-6.004427,-21.684023|4.441825,-6.001626,-21.638008,16.498374,73.326106,0.079057|4.441969,-5.999123,-21.641047,16.500877,73.337232,0.079057
224|4.462262,-5.569353,-21.799823|4.461876,-5.566530,-21.753754,16.933470,75.259865,0.079057|4.462017,-5.564021,-21.756740,16.935979,75.271019,0.079057
225|4.482272,-5.132050,-21.906895|4.481927,-5.129207,-21.860771,17.370793,77.203526,0.079057|4.482066,-5.126691,-21.863703,17.373309,77.214708,0.079057
226|4.502282,-4.692692,-22.005196|4.501978,-4.689830,-21.959016,17.810170,79.156311,0.079057|4.502115,-4.687308,-21.961895,17.812692,79.167520,0.079057
227|4.522293,-4.251454,-22.094686|4.522029,-4.248576,-22.048451,18.251424,81.117439,0.079057|4.522164,-4.246049,-22.051276,18.253951,81.128672,0.079057
228|4.542303,-3.808515,-22.175329|4.542081,-3.805622,-22.129038,18.694378,83.086125,0.079057|4.542213,-3.803089,-22.131810,18.696911,83.097381,0.079057
229|4.562313,-3.364051,-22.247093|4.562132,-3.361145,-22.200746,19.138855,85.061579,0.079057|4.562262,-3.358607,-22.203464,19.141393,85.072857,0.079057
230|4.582323,-2.918239,-22.309950|4.582184,-2.915322,-22.263546,19.584678,87.043012,0.079057|4.582311,-2.912780,-22.266211,19.587220,87.054310,0.079057
231|4.602333,-2.471260,-22.363874|4.602235,-2.468333,-22.317413,20.031667,89.029629,0.079057|4.602361,-2.465787,-22.320024,20.034213,89.040946,0.079057
232|4.622343,-2.023290,-22.408844|4.622287,-2.020357,-22.362325,20.479643,91.020635,0.079057|4.622410,-2.017807,-22.364883,20.482193,91.031969,0.079057
233|4.642353,-1.574511,-22.444842|4.642339,-1.571572,-22.398265,20.928428,93.015234,0.079057|4.642460,-1.569019,-22.400770,20.930981,93.026584,0.079057
234|4.662364,-1.125101,-22.471852|4.662391,-1.122159,-22.425218,21.377841,95.012625,0.079057|4.662510,-1.119602,-22.427670,21.380398,95.023990,0.079057
235|4.682374,-0.675241,-22.489865|4.682442,-0.672298,-22.443173,21.827702,97.012011,0.079057|4.682560,-0.669738,-22.445572,21.830262,97.023389,0.079057
236|4.702384,-0.225110,-22.498874|4.702494,-0.222168,-22.452123,22.277832,99.012589,0.079057|4.702609,-0.219605,-22.454469,22.280395,99.023979,0.079057
237|4.722394,0.225110,-22.498874|4.722546,0.228051,-22.452064,22.271949,98.986441,0.079057|4.722659,0.230616,-22.454357,22.269384,98.975040,0.079057
238|4.742404,0.675241,-22.489865|4.742598,0.678177,-22.442997,21.821823,96.985880,0.079057|4.742709,0.680744,-22.445238,21.819256,96.974470,0.079057
239|4.762414,1.125101,-22.471852|4.762649,1.128031,-22.424925,21.371969,94.986530,0.079057|4.762759,1.130600,-22.427113,21.369400,94.975111,0.079057
240|4.782424,1.574511,-22.444842|4.782701,1.577432,-22.397855,20.922568,92.989190,0.079057|4.782808,1.580003,-22.399991,20.919997,92.977764,0.079057
241|4.802435,2.023290,-22.408844|4.802752,2.026201,-22.361798,20.473799,90.994661,0.079057|4.802858,2.028774,-22.363883,20.471226,90.983229,0.079057
242|4.822445,2.471260,-22.363874|4.822804,2.474158,-22.316769,20.025842,89.003742,0.079057|4.822907,2.476732,-22.318802,20.023268,88.992304,0.079057
243|4.842455,2.918239,-22.309950|4.842855,2.921124,-22.262785,19.578876,87.017228,0.079057|4.842957,2.923698,-22.264768,19.576302,87.005786,0.079057
244|4.862465,3.364051,-22.247093|4.862906,3.366919,-22.199869,19.133081,85.035917,0.079057|4.863006,3.369494,-22.201801,19.130506,85.024472,0.079057
245|4.882475,3.808515,-22.175329|4.882957,3.811365,-22.128045,18.688635,83.060601,0.079057|4.883056,3.813940,-22.129926,18.686060,83.049154,0.079057
246|4.902485,4.251454,-22.094686|4.903007,4.254284,-22.047343,18.245716,81.092071,0.079057|4.903105,4.256860,-22.049174,18.243140,81.080623,0.079057
247|4.922495,4.692692,-22.005196|4.923058,4.695499,-21.957793,17.804501,79.131116,0.079057|4.923154,4.698075,-21.959575,17.801925,79.119667,0.079057
248|4.942506,5.132050,-21.906895|4.943108,5.134833,-21.859434,17.365167,77.178520,0.079057|4.943202,5.137409,-21.861165,17.362591,77.167071,0.079057
249|4.962516,5.569353,-21.799823|4.963159,5.572110,-21.752302,16.927890,75.235065,0.079057|4.963251,5.574686,-21.753985,16.925314,75.223618,0.079057
250|4.982526,6.004427,-21.684023|4.983209,6.007156,-21.636443,16.492844,73.301530,0.079057|4.983300,6.009731,-21.638078,16.490269,73.290086,0.079057
251|5.002536,6.437096,-21.559541|5.003258,6.439795,-21.511902,16.060205,71.378689,0.079057|5.003348,6.442369,-21.513488,16.057631,71.367247,0.079057
252|5.022546,6.867188,-21.426426|5.023308,6.869855,-21.378728,15.630145,69.467312,0.079057|5.023396,6.872428,-21.380267,15.627572,69.455874,0.079057
253|5.042556,7.294531,-21.284732|5.043357,7.297163,-21.236976,15.202837,67.568163,0.079057|5.043443,7.299736,-21.238468,15.200264,67.556730,0.079057
254|5.062567,7.718953,-21.134516|5.063406,7.721549,-21.086701,14.778451,65.682004,0.079057|5.063491,7.724120,-21.088147,14.775880,65.670576,0.079057
255|5.082577,8.140284,-20.975838|5.083454,8.142842,-20.927965,14.357158,63.809590,0.079057|5.083538,8.145412,-20.929364,14.354588,63.798167,0.079057
256|5.102587,8.558356,-20.808761|5.103502,8.560874,-20.760831,13.939126,61.951671,0.079057|5.103585,8.563443,-20.762184,13.936557,61.940254,0.079057
257|5.122597,8.973001,-20.633353|5.123550,8.975477,-20.585365,13.524523,60.108989,0.079057|5.123632,8.978045,-20.586674,13.521955,60.097579,0.079057
258|5.142607,9.384053,-20.449683|5.143598,9.386486,-20.401638,13.113514,58.282284,0.079057|5.143678,9.389052,-20.402902,13.110948,58.270882,0.079057
259|5.162617,9.791349,-20.257825|5.163645,9.793735,-20.209723,12.706265,56.472287,0.079057|5.163724,9.796299,-20.210944,12.703701,56.460892,0.079057
260|5.182627,10.194723,-20.057857|5.183692,10.197063,-20.009698,12.302937,54.679722,0.079057|5.183770,10.199625,-20.010875,12.300375,54.668335,0.079057
261|5.202638,10.594016,-19.849857|5.203738,10.596306,-19.801643,11.903694,52.905307,0.079057|5.203815,10.598866,-19.802777,11.901134,52.893929,0.079057
262|5.222648,10.989067,-19.633909|5.223784,10.991306,-19.585640,11.508694,51.149753,0.079057|5.223860,10.993864,-19.586732,11.506136,51.138384,0.079057
263|5.242658,11.379718,-19.410101|5.243830,11.381903,-19.361776,11.118097,49.413763,0.079057|5.243904,11.384459,-19.362826,11.115541,49.402403,0.079057
264|5.262668,11.765813,-19.178520|5.263875,11.767943,-19.130141,10.732057,47.698031,0.079057|5.263948,11.770497,-19.131151,10.729503,47.686680,0.079057
265|5.282678,12.147197,-18.939261|5.283920,12.149270,-18.890827,10.350730,46.003245,0.079057|5.283992,12.151822,-18.891797,10.348178,45.991904,0.079057
266|5.302688,12.523717,-18.692418|5.303964,12.525731,-18.643932,9.974269,44.330083,0.079057|5.304035,12.528281,-18.644861,9.971719,44.318752,0.079057
267|5.322698,12.895223,-18.438091|5.324008,12.897177,-18.389552,9.602823,42.679215,0.079057|5.324078,12.899724,-18.390443,9.600276,42.667895,0.079057
268|5.342709,13.261566,-18.176382|5.344052,13.263457,-18.127790,9.236543,41.051303,0.079057|5.344121,13.266002,-18.128643,9.233998,41.039993,0.079057
269|5.362719,13.622599,-17.907395|5.364095,13.624426,-17.858752,8.875574,39.446998,0.079057|5.364162,13.626968,-17.859567,8.873032,39.435698,0.079057
270|5.382729,13.978177,-17.631238|5.384137,13.979938,-17.582544,8.520062,37.866942,0.079057|5.384204,13.982478,-17.583322,8.517522,37.855653,0.079057
271|5.402739,14.328159,-17.348022|5.404179,14.329852,-17.299277,8.170148,36.311768,0.079057|5.404245,14.332390,-17.300019,8.167610,36.300490,0.079057
272|5.422749,14.672404,-17.057859|5.424220,14.674028,-17.009066,7.825972,34.782099,0.079057|5.424285,14.676563,-17.009772,7.823437,34.770833,0.079057
273|5.442759,15.010774,-16.760867|5.444261,15.012327,-16.712025,7.487673,33.278548,0.079057|5.444325,15.014859,-16.712696,7.485141,33.267292,0.079057
274|5.462769,15.343134,-16.457164|5.464302,15.344614,-16.408274,7.155386,31.801716,0.079057|5.464365,15.347144,-16.408911,7.152856,31.790471,0.079057
275|5.482780,15.669350,-16.146872|5.484341,15.670756,-16.097934,6.829244,30.352194,0.079057|5.484403,15.673284,-16.098538,6.826716,30.340960,0.079057
276|5.502790,15.989293,-15.830114|5.504381,15.990623,-15.781130,6.509377,28.930564,0.079057|5.504442,15.993148,-15.781701,6.506852,28.919341,0.079057
277|5.522800,16.302834,-15.507018|5.524419,16.304086,-15.457989,6.195914,27.537394,0.079057|5.524479,16.306609,-15.458528,6.193391,27.526182,0.079057
278|5.542810,16.609847,-15.177713|5.544458,16.611021,-15.128640,5.888979,26.173242,0.079057|5.544516,16.613541,-15.129147,5.886459,26.162040,0.079057
279|5.562820,16.910210,-14.842332|5.564495,16.911303,-14.793214,5.588697,24.838655,0.079057|5.564553,16.913821,-14.793691,5.586179,24.827464,0.079057
280|5.582830,17.203802,-14.501007|5.584532,17.204813,-14.451847,5.295187,23.534166,0.079057|5.584589,17.207328,-14.452294,5.292672,23.522985,0.079057
281|5.602840,17.490505,-14.153876|5.604569,17.491433,-14.104675,5.008567,22.260298,0.079057|5.604624,17.493946,-14.105093,5.006054,22.249128,0.079057
282|5.622851,17.770206,-13.801079|5.624604,17.771049,-13.751837,4.728951,21.017561,0.079057|5.624659,17.773560,-13.752226,4.726440,21.006402,0.079057
283|5.642861,18.042792,-13.442755|5.644639,18.043548,-13.393473,4.456452,19.806453,0.079057|5.644693,18.046057,-13.393835,4.453943,19.795304,0.079057
284|5.662871,18.308153,-13.079049|5.664674,18.308822,-13.029729,4.191178,18.627459,0.079057|5.664727,18.311328,-13.030064,4.188672,18.616319,0.079057
285|5.682881,18.566184,-12.710106|5.684708,18.566764,-12.660748,3.933236,17.481050,0.079057|5.684759,18.569268,-12.661057,3.930732,17.469920,0.079057
286|5.702891,18.816781,-12.336075|5.704741,18.817271,-12.286680,3.682729,16.367687,0.079057|5.704791,18.819773,-12.286964,3.680227,16.356566,0.079057
287|5.722901,19.059844,-11.957104|5.724774,19.060242,-11.907674,3.439758,15.287813,0.079057|5.724823,19.062742,-11.907933,3.437258,15.276702,0.079057
288|5.742911,19.295276,-11.573345|5.744806,19.295581,-11.523881,3.204419,14.241863,0.079057|5.744854,19.298079,-11.524116,3.201921,14.230760,0.079057
289|5.762922,19.522982,-11.184953|5.764837,19.523193,-11.135455,2.976807,13.230254,0.079057|5.764884,19.525689,-11.135668,2.974311,13.219160,0.079057
290|5.782932,19.742871,-10.792082|5.784868,19.742987,-10.742553,2.757013,12.253392,0.079057|5.784913,19.745481,-10.742743,2.754519,12.242307,0.079057
291|5.802942,19.954856,-10.394890|5.804898,19.954875,-10.345330,2.545125,11.311668,0.079057|5.804942,19.957367,-10.345499,2.542633,11.300591,0.079057
292|5.822952,20.158850,-9.993536|5.824927,20.158772,-9.943946,2.341228,10.405459,0.079057|5.824970,20.161262,-9.944094,2.338738,10.394389,0.079057
293|5.842962,20.354773,-9.588181|5.844956,20.354596,-9.538563,2.145404,9.535127,0.079057|5.844997,20.357085,-9.538691,2.142915,9.524065,0.079057
294|5.862972,20.542546,-9.178987|5.864984,20.542270,-9.129341,1.957730,8.701022,0.079057|5.865024,20.544757,-9.129450,1.955243,8.689968,0.079057
295|5.882982,20.722094,-8.766117|5.885011,20.721718,-8.716446,1.778282,7.903477,0.079057|5.885050,20.724203,-8.716537,1.775797,7.892430,0.079057
296|5.902993,20.893345,-8.349738|5.905037,20.892867,-8.300042,1.607133,7.142812,0.079057|5.905075,20.895352,-8.300115,1.604648,7.131771,0.079057
297|5.923003,21.056231,-7.930015|5.925063,21.055651,-7.880296,1.444349,6.419330,0.079057|5.925100,21.058133,-7.880352,1.441867,6.408296,0.079057
298|5.943013,21.210686,-7.507118|5.945088,21.210002,-7.457376,1.289998,5.733323,0.079057|5.945123,21.212484,-7.457417,1.287516,5.722295,0.079057
299|5.963023,21.356648,-7.081214|5.965113,21.355861,-7.031452,1.144139,5.085064,0.079057|5.965146,21.358341,-7.031477,1.141659,5.074042,0.079057
300|5.983033,21.494059,-6.652475|5.985136,21.493167,-6.602694,1.006833,4.474813,0.079057|5.985168,21.495646,-6.602705,1.004354,4.463796,0.079057
301|6.003043,21.622864,-6.221073|6.005159,21.621867,-6.171274,0.878133,3.902814,0.079057|6.005190,21.624344,-6.171271,0.875656,3.891803,0.079057
302|6.023053,21.743012,-5.787180|6.025182,21.741908,-5.737364,0.758092,3.369297,0.079057|6.025210,21.744385,-5.737348,0.755615,3.358290,0.079057
303|6.043064,21.854453,-5.350970|6.045203,21.853243,-5.301138,0.646757,2.874475,0.079057|6.045230,21.855719,-5.301110,0.644281,2.863473,0.079057
304|6.063074,21.957145,-4.912617|6.065224,21.955827,-4.862771,0.544173,2.418546,0.079057|6.065249,21.958302,-4.862732,0.541698,2.407548,0.079057
305|6.083084,22.051044,-4.472297|6.085244,22.049619,-4.422439,0.450381,2.001692,0.079057|6.085268,22.052093,-4.422389,0.447907,1.990698,0.079057
306|6.103094,22.136115,-4.030186|6.105263,22.134582,-3.980317,0.365418,1.624081,0.079057|6.105285,22.137055,-3.980258,0.362945,1.613091,0.079057
307|6.123104,22.212323,-3.586462|6.125282,22.210681,-3.536584,0.289319,1.285864,0.079057|6.125302,22.213153,-3.536515,0.286847,1.274877,0.079057
308|6.143114,22.279637,-3.141302|6.145300,22.277885,-3.091415,0.222115,0.987176,0.079057|6.145318,22.280357,-3.091339,0.219643,0.976192,0.079057
309|6.163124,22.338030,-2.694884|6.165317,22.336169,-2.644990,0.163831,0.728137,0.079057|6.165333,22.338640,-2.644906,0.161360,0.717156,0.079057
310|6.183135,22.387480,-2.247387|6.185333,22.385509,-2.197488,0.114491,0.508850,0.079057|6.185348,22.387979,-2.197397,0.112021,0.497872,0.079057
311|6.203145,22.427965,-1.798991|6.205349,22.425884,-1.749087,0.074116,0.329404,0.079057|6.205362,22.428354,-1.748991,0.071646,0.318427,0.079057
312|6.223155,22.459471,-1.349874|6.225364,22.457279,-1.299967,0.042721,0.189869,0.079057|6.225374,22.459749,-1.299866,0.040251,0.178895,0.079057
313|6.243165,22.481984,-0.900216|6.245378,22.479682,-0.850308,0.020318,0.090303,0.079057|6.245387,22.482151,-0.850203,0.017849,0.079330,0.079057
314|6.263175,22.495496,-0.450198|6.265391,22.493083,-0.400291,0.006917,0.030744,0.079057|6.265398,22.495551,-0.400182,0.004449,0.019773,0.079057
