OneBody4_E-0.05_plotinterval0.050_ecc0.0_RK4.txt
initial value : [x, y, v_x, v_y] = [90.00,0.00,0.00,0.32] , numerical interval dt = 0.02000 , [M, m] = [ 9, 1]

num|given_position|geodesic|newtonian
num| degree1, x1, y1 | degree2, x2, y2, simple error, relative error, d(rho) | degree2, x2, y2, simple error, relative error, dt
  1|0.000000,90.000000,0.000000|0.000556,89.999986,0.050000,0.000014,0.000015,0.158114|0.000556,89.999986,0.050000,0.000014,0.000015,0.158114
  2|0.020010,89.981982,1.800793|0.020566,89.981941,1.850793,0.018059,0.020066,0.158114|0.020566,89.981941,1.850793,0.018059,0.020066,0.158114
  3|0.040020,89.927937,3.600865|0.040575,89.927867,3.650864,0.072133,0.080148,0.158114|0.040575,89.927867,3.650863,0.072133,0.080148,0.158114
  4|0.060030,89.837884,5.399495|0.060585,89.837787,5.449492,0.162213,0.180237,0.158114|0.060585,89.837787,5.449492,0.162213,0.180237,0.158114
  5|0.080041,89.711862,7.195963|0.080594,89.711737,7.245959,0.288263,0.320292,0.158114|0.080594,89.711737,7.245958,0.288263,0.320292,0.158114
  6|0.100051,89.549919,8.989550|0.100604,89.549766,9.039543,0.450234,0.500259,0.158114|0.100604,89.549766,9.039543,0.450234,0.500259,0.158114
  7|0.120061,89.352121,10.779537|0.120613,89.351941,10.829528,0.648059,0.720065,0.158114|0.120613,89.351941,10.829527,0.648059,0.720065,0.158114
  8|0.140071,89.118548,12.565209|0.140621,89.118340,12.615196,0.881660,0.979622,0.158114|0.140621,89.118340,12.615195,0.881660,0.979622,0.158114
  9|0.160081,88.849292,14.345849|0.160630,88.849056,14.395833,1.150944,1.278826,0.158114|0.160630,88.849056,14.395831,1.150944,1.278826,0.158114
 10|0.180091,88.544461,16.120746|0.180638,88.544198,16.170725,1.455802,1.617557,0.158114|0.180638,88.544198,16.170723,1.455802,1.617557,0.158114
 11|0.200101,88.204178,17.889188|0.200646,88.203888,17.939162,1.796112,1.995680,0.158114|0.200646,88.203888,17.939160,1.796112,1.995680,0.158114
 12|0.220112,87.828578,19.650467|0.220654,87.828261,19.700436,2.171739,2.413043,0.158114|0.220654,87.828261,19.700433,2.171739,2.413043,0.158114
 13|0.240122,87.417813,21.403878|0.240662,87.417469,21.453842,2.582531,2.869479,0.158114|0.240662,87.417469,21.453838,2.582531,2.869479,0.158114
 14|0.260132,86.972046,23.148719|0.260669,86.971675,23.198677,3.028325,3.364805,0.158114|0.260669,86.971675,23.198673,3.028325,3.364805,0.158114
 15|0.280142,86.491456,24.884292|0.280677,86.491059,24.934243,3.508941,3.898824,0.158114|0.280676,86.491059,24.934238,3.508941,3.898824,0.158114
 16|0.300152,85.976236,26.609901|0.300684,85.975812,26.659845,4.024188,4.471320,0.158114|0.300684,85.975812,26.659839,4.024188,4.471320,0.158114
 17|0.320162,85.426591,28.324856|0.320690,85.426141,28.374793,4.573859,5.082066,0.158114|0.320690,85.426141,28.374786,4.573859,5.082066,0.158114
 18|0.340172,84.842743,30.028470|0.340697,84.842266,30.078398,5.157734,5.730816,0.158114|0.340697,84.842266,30.078390,5.157734,5.730816,0.158114
 19|0.360183,84.224924,31.720061|0.360704,84.224421,31.769980,5.775579,6.417310,0.158114|0.360703,84.224420,31.769972,5.775580,6.417311,0.158114
 20|0.380193,83.573381,33.398951|0.380710,83.572853,33.448861,6.427147,7.141275,0.158114|0.380710,83.572852,33.448852,6.427148,7.141275,0.158114
 21|0.400203,82.888377,35.064468|0.400716,82.887823,35.114369,7.112177,7.902419,0.158114|0.400716,82.887822,35.114359,7.112178,7.902419,0.158114
 22|0.420213,82.170185,36.715946|0.420722,82.169605,36.765837,7.830395,8.700438,0.158114|0.420722,82.169605,36.765825,7.830395,8.700439,0.158114
 23|0.440223,81.419092,38.352723|0.440727,81.418488,38.402604,8.581512,9.535014,0.158114|0.440727,81.418487,38.402591,8.581513,9.535014,0.158114
 24|0.460233,80.635400,39.974144|0.460733,80.634771,40.024014,9.365229,10.405810,0.158114|0.460733,80.634770,40.024000,9.365230,10.405811,0.158114
 25|0.480243,79.819422,41.579560|0.480738,79.818768,41.629419,10.181232,11.312480,0.158114|0.480738,79.818767,41.629403,10.181233,11.312481,0.158114
 26|0.500254,78.971485,43.168328|0.500743,78.970807,43.218174,11.029193,12.254659,0.158114|0.500743,78.970806,43.218157,11.029194,12.254660,0.158114
 27|0.520264,78.091929,44.739811|0.520748,78.091226,44.789645,11.908774,13.231971,0.158114|0.520748,78.091225,44.789627,11.908775,13.231972,0.158114
 28|0.540274,77.181105,46.293381|0.540753,77.180378,46.343203,12.819622,14.244024,0.158114|0.540752,77.180377,46.343183,12.819623,14.244026,0.158114
 29|0.560284,76.239378,47.828415|0.560757,76.238628,47.878224,13.761372,15.290413,0.158114|0.560757,76.238626,47.878202,13.761374,15.290415,0.158114
 30|0.580294,75.267125,49.344299|0.580761,75.266352,49.394094,14.733648,16.370720,0.158114|0.580761,75.266351,49.394071,14.733649,16.370722,0.158114
 31|0.600304,74.264737,50.840426|0.600766,74.263940,50.890208,15.736060,17.484511,0.158114|0.600765,74.263939,50.890183,15.736061,17.484513,0.158114
 32|0.620314,73.232613,52.316197|0.620770,73.231794,52.365964,16.768206,18.631340,0.158114|0.620769,73.231792,52.365938,16.768208,18.631342,0.158114
 33|0.640325,72.171167,53.771021|0.640773,72.170326,53.820773,17.829674,19.810749,0.158114|0.640773,72.170324,53.820745,17.829676,19.810751,0.158114
 34|0.660335,71.080825,55.204315|0.660777,71.079962,55.254053,18.920038,21.022265,0.158114|0.660777,71.079959,55.254023,18.920041,21.022267,0.158114
 35|0.680345,69.962022,56.615506|0.680780,69.961137,56.665228,20.038863,22.265403,0.158114|0.680780,69.961135,56.665197,20.038865,22.265406,0.158114
 36|0.700355,68.815207,58.004028|0.700784,68.814301,58.053735,21.185699,23.539665,0.158114|0.700783,68.814299,58.053701,21.185701,23.539668,0.158114
 37|0.720365,67.640839,59.369326|0.720787,67.639912,59.419017,22.360088,24.844542,0.158114|0.720787,67.639909,59.418981,22.360091,24.844545,0.158114
 38|0.740375,66.439388,60.710854|0.740790,66.438441,60.760527,23.561559,26.179510,0.158114|0.740789,66.438438,60.760490,23.561562,26.179514,0.158114
 39|0.760385,65.211335,62.028073|0.760793,65.210368,62.077730,24.789632,27.544036,0.158114|0.760792,65.210365,62.077690,24.789635,27.544039,0.158114
 40|0.780396,63.957172,63.320456|0.780795,63.956185,63.370096,26.043815,28.937572,0.158114|0.780795,63.956182,63.370054,26.043818,28.937576,0.158114
 41|0.800406,62.677401,64.587486|0.800798,62.676395,64.637108,27.323605,30.359561,0.158114|0.800797,62.676391,64.637065,27.323609,30.359565,0.158114
 42|0.820416,61.372535,65.828656|0.820800,61.371510,65.878261,28.628490,31.809433,0.158114|0.820800,61.371506,65.878214,28.628494,31.809438,0.158114
 43|0.840426,60.043095,67.043469|0.840802,60.042052,67.093055,29.957948,33.286609,0.158114|0.840802,60.042048,67.093007,29.957952,33.286614,0.158114
 44|0.860436,58.689615,68.231438|0.860804,58.688553,68.281005,31.311447,34.790496,0.158114|0.860804,58.688549,68.280955,31.311451,34.790501,0.158114
 45|0.880446,57.312636,69.392087|0.880806,57.311557,69.441636,32.688443,36.320493,0.158114|0.880806,57.311552,69.441583,32.688448,36.320498,0.158114
 46|0.900456,55.912709,70.524953|0.900808,55.911613,70.574483,34.088387,37.875986,0.158114|0.900807,55.911608,70.574427,34.088392,37.875992,0.158114
 47|0.920467,54.490395,71.629581|0.920809,54.489282,71.679091,35.510718,39.456353,0.158114|0.920809,54.489277,71.679033,35.510723,39.456359,0.158114
 48|0.940477,53.046264,72.705529|0.940811,53.045134,72.755019,36.954866,41.060962,0.158114|0.940811,53.045129,72.754959,36.954871,41.060968,0.158114
 49|0.960487,51.580893,73.752366|0.960812,51.579748,73.801837,38.420252,42.689169,0.158114|0.960812,51.579742,73.801773,38.420258,42.689176,0.158114
 50|0.980497,50.094870,74.769673|0.980813,50.093709,74.819124,39.906291,44.340323,0.158114|0.980813,50.093703,74.819058,39.906297,44.340330,0.158114
 51|1.000507,48.588789,75.757043|1.000815,48.587613,75.806473,41.412387,46.013763,0.158114|1.000814,48.587607,75.806405,41.412393,46.013770,0.158114
 52|1.020517,47.063253,76.714081|1.020816,47.062063,76.763490,42.937937,47.708819,0.158114|1.020815,47.062057,76.763419,42.937943,47.708826,0.158114
 53|1.040528,45.518874,77.640403|1.040816,45.517670,77.689791,44.482330,49.424811,0.158114|1.040816,45.517663,77.689716,44.482337,49.424819,0.158114
 54|1.060538,43.956269,78.535638|1.060817,43.955052,78.585005,46.044948,51.161054,0.158114|1.060817,43.955044,78.584928,46.044956,51.161062,0.158114
 55|1.080548,42.376065,79.399428|1.080818,42.374834,79.448773,47.625166,52.916851,0.158114|1.080818,42.374827,79.448693,47.625173,52.916859,0.158114
 56|1.100558,40.778893,80.231427|1.100818,40.777650,80.280751,49.222350,54.691500,0.158114|1.100818,40.777642,80.280668,49.222358,54.691508,0.158114
 57|1.120568,39.165394,81.031302|1.120819,39.164139,81.080604,50.835861,56.484290,0.158114|1.120819,39.164131,81.080518,50.835869,56.484299,0.158114
 58|1.140578,37.536214,81.798733|1.140819,37.534947,81.848013,52.465053,58.294504,0.158114|1.140819,37.534939,81.847923,52.465061,58.294513,0.158114
 59|1.160588,35.892004,82.533412|1.160820,35.890726,82.582670,54.109274,60.121416,0.158114|1.160819,35.890717,82.582577,54.109283,60.121425,0.158114
 60|1.180599,34.233423,83.235045|1.180820,34.232135,83.284281,55.767865,61.964295,0.158114|1.180819,34.232126,83.284185,55.767874,61.964305,0.158114
 61|1.200609,32.561136,83.903352|1.200820,32.559837,83.952565,57.440163,63.822403,0.158114|1.200820,32.559828,83.952466,57.440172,63.822413,0.158114
 62|1.220619,30.875811,84.538064|1.220820,30.874503,84.587254,59.125497,65.694997,0.158114|1.220820,30.874494,84.587152,59.125506,65.695007,0.158114
 63|1.240629,29.178124,85.138928|1.240820,29.176806,85.188096,60.823194,67.581326,0.158114|1.240820,29.176797,85.187990,60.823203,67.581337,0.158114
 64|1.260639,27.468754,85.705703|1.260820,27.467428,85.754848,62.532572,69.480636,0.158114|1.260819,27.467418,85.754739,62.532582,69.480646,0.158114
 65|1.280649,25.748385,86.238162|1.280819,25.747052,86.287284,64.252948,71.392165,0.158114|1.280819,25.747042,86.287171,64.252958,71.392176,0.158114
 66|1.300659,24.017708,86.736092|1.300819,24.016367,86.785190,65.983633,73.315148,0.158114|1.300819,24.016357,86.785075,65.983643,73.315159,0.158114
 67|1.320670,22.277414,87.199294|1.320819,22.276066,87.248369,67.723934,75.248816,0.158114|1.320819,22.276055,87.248249,67.723945,75.248827,0.158114
 68|1.340680,20.528200,87.627581|1.340819,20.526845,87.676633,69.473155,77.192394,0.158114|1.340818,20.526835,87.676510,69.473165,77.192406,0.158114
 69|1.360690,18.770767,88.020783|1.360818,18.769406,88.069811,71.230594,79.145104,0.158114|1.360818,18.769396,88.069685,71.230604,79.145116,0.158114
 70|1.380700,17.005818,88.378743|1.380818,17.004452,88.427747,72.995548,81.106165,0.158114|1.380818,17.004441,88.427617,72.995559,81.106176,0.158114
 71|1.400710,15.234060,88.701316|1.400817,15.232689,88.750296,74.767311,83.074790,0.158114|1.400817,15.232678,88.750163,74.767322,83.074802,0.158114
 72|1.420720,13.456202,88.988373|1.420817,13.454827,89.037330,76.545173,85.050192,0.158114|1.420817,13.454817,89.037193,76.545183,85.050204,0.158114
 73|1.440730,11.672957,89.239801|1.440816,11.671578,89.288734,78.328422,87.031580,0.158114|1.440816,11.671567,89.288593,78.328433,87.031592,0.158114
 74|1.460741,9.885038,89.455497|1.460815,9.883656,89.504407,80.116344,89.018160,0.158114|1.460815,9.883645,89.504262,80.116355,89.018172,0.158114
 75|1.480751,8.093161,89.635377|1.480815,8.091776,89.684262,81.908224,91.009137,0.158114|1.480815,8.091765,89.684114,81.908235,91.009150,0.158114
 76|1.500761,6.298044,89.779366|1.500814,6.296657,89.828228,83.703343,93.003715,0.158114|1.500814,6.296646,89.828076,83.703354,93.003727,0.158114
 77|1.520771,4.500405,89.887409|1.520813,4.499016,89.936247,85.500984,95.001093,0.158114|1.520814,4.499005,89.936091,85.500995,95.001105,0.158114
 78|1.540781,2.700964,89.959462|1.540813,2.699574,90.008276,87.300426,97.000473,0.158114|1.540813,2.699563,90.008116,87.300437,97.000485,0.158114
 79|1.560791,0.900441,89.995495|1.560812,0.899051,90.044286,89.100949,99.001054,0.158114|1.560812,0.899040,90.044121,89.100960,99.001067,0.158114
 80|1.580801,-0.900441,89.995495|1.580811,-0.901832,90.044262,89.098168,98.997965,0.158114|1.580812,-0.901843,90.044094,89.098157,98.997952,0.158114
 81|1.600812,-2.700964,89.959462|1.600811,-2.702354,90.008204,87.297646,96.997385,0.158114|1.600811,-2.702365,90.008032,87.297635,96.997373,0.158114
 82|1.620822,-4.500405,89.887409|1.620810,-4.501794,89.936128,85.498206,94.998007,0.158114|1.620810,-4.501805,89.935952,85.498195,94.997995,0.158114
 83|1.640832,-6.298044,89.779366|1.640809,-6.299431,89.828062,83.700569,93.000632,0.158114|1.640810,-6.299442,89.827882,83.700558,93.000620,0.158114
 84|1.660842,-8.093161,89.635377|1.660809,-8.094547,89.684048,81.905453,91.006059,0.158114|1.660809,-8.094557,89.683864,81.905443,91.006048,0.158114
 85|1.680852,-9.885038,89.455497|1.680808,-9.886421,89.504145,80.113579,89.015088,0.158114|1.680808,-9.886431,89.503957,80.113569,89.015076,0.158114
 86|1.700862,-11.672957,89.239801|1.700807,-11.674337,89.288425,78.325663,87.028514,0.158114|1.700808,-11.674347,89.288233,78.325653,87.028503,0.158114
 87|1.720872,-13.456202,88.988373|1.720807,-13.457579,89.036974,76.542421,85.047135,0.158114|1.720807,-13.457588,89.036778,76.542412,85.047124,0.158114
 88|1.740883,-15.234060,88.701316|1.740806,-15.235432,88.749893,74.764568,83.071742,0.158114|1.740807,-15.235441,88.749693,74.764559,83.071732,0.158114
 89|1.760893,-17.005818,88.378743|1.760806,-17.007185,88.427297,72.992815,81.103127,0.158114|1.760806,-17.007194,88.427093,72.992806,81.103118,0.158114
 90|1.780903,-18.770767,88.020783|1.780805,-18.772129,88.069315,71.227871,79.142079,0.158114|1.780806,-18.772138,88.069106,71.227862,79.142069,0.158114
 91|1.800913,-20.528200,87.627581|1.800805,-20.529557,87.676090,69.470443,77.189382,0.158114|1.800805,-20.529565,87.675877,69.470435,77.189373,0.158114
 92|1.820923,-22.277414,87.199294|1.820804,-22.278764,87.247779,67.721236,75.245817,0.158114|1.820805,-22.278772,87.247563,67.721228,75.245809,0.158114
 93|1.840933,-24.017708,86.736092|1.840804,-24.019052,86.784555,65.980948,73.312165,0.158114|1.840805,-24.019059,86.784334,65.980941,73.312157,0.158114
 94|1.860943,-25.748385,86.238162|1.860804,-25.749722,86.286603,64.250278,71.389197,0.158114|1.860805,-25.749729,86.286378,64.250271,71.389190,0.158114
 95|1.880954,-27.468754,85.705703|1.880804,-27.470083,85.754121,62.529917,69.477686,0.158114|1.880804,-27.470089,85.753892,62.529911,69.477679,0.158114
 96|1.900964,-29.178124,85.138928|1.900803,-29.179445,85.187324,60.820555,67.578395,0.158114|1.900804,-29.179450,85.187091,60.820550,67.578389,0.158114
 97|1.920974,-30.875811,84.538064|1.920803,-30.877123,84.586438,59.122877,65.692085,0.158114|1.920804,-30.877128,84.586200,59.122872,65.692080,0.158114
 98|1.940984,-32.561136,83.903352|1.940803,-32.562439,83.951704,57.437561,63.819512,0.158114|1.940804,-32.562443,83.951462,57.437557,63.819508,0.158114
 99|1.960994,-34.233423,83.235045|1.960803,-34.234717,83.283375,55.765283,61.961426,0.158114|1.960804,-34.234720,83.283130,55.765280,61.961422,0.158114
100|1.981004,-35.892004,82.533412|1.980803,-35.893287,82.581720,54.106713,60.118569,0.158114|1.980805,-35.893290,82.581471,54.106710,60.118567,0.158114
101|2.001014,-37.536214,81.798733|2.000804,-37.537487,81.847020,52.462513,58.291681,0.158114|2.000805,-37.537489,81.846766,52.462511,58.291679,0.158114
102|2.021025,-39.165394,81.031302|2.020804,-39.166656,81.079568,50.833344,56.481493,0.158114|2.020805,-39.166657,81.079310,50.833343,56.481492,0.158114
103|2.041035,-40.778893,80.231427|2.040804,-40.780144,80.279672,49.219856,54.688729,0.158114|2.040806,-40.780144,80.279410,49.219856,54.688729,0.158114
104|2.061045,-42.376065,79.399428|2.060805,-42.377304,79.447652,47.622696,52.914107,0.158114|2.060806,-42.377303,79.447387,47.622697,52.914108,0.158114
105|2.081055,-43.956269,78.535638|2.080805,-43.957496,78.583842,46.042504,51.158338,0.158114|2.080807,-43.957494,78.583572,46.042506,51.158340,0.158114
106|2.101065,-45.518874,77.640403|2.100806,-45.520088,77.688587,44.479912,49.422125,0.158114|2.100808,-45.520085,77.688313,44.479915,49.422128,0.158114
107|2.121075,-47.063253,76.714081|2.120807,-47.064454,76.762245,42.935546,47.706162,0.158114|2.120809,-47.064450,76.761967,42.935550,47.706167,0.158114
108|2.141085,-48.588789,75.757043|2.140808,-48.589976,75.805188,41.410024,46.011138,0.158114|2.140810,-48.589971,75.804906,41.410029,46.011144,0.158114
109|2.161096,-50.094870,74.769673|2.160809,-50.096042,74.817799,39.903958,44.337731,0.158114|2.160811,-50.096036,74.817513,39.903964,44.337737,0.158114
110|2.181106,-51.580893,73.752366|2.180810,-51.582051,73.800472,38.417949,42.686610,0.158114|2.180812,-51.582044,73.800183,38.417956,42.686618,0.158114
111|2.201116,-53.046264,72.705529|2.200811,-53.047407,72.753616,36.952593,41.058437,0.158114|2.200813,-53.047399,72.753323,36.952601,41.058446,0.158114
112|2.221126,-54.490395,71.629581|2.220813,-54.491523,71.677650,35.508477,39.453863,0.158114|2.220815,-54.491513,71.677353,35.508487,39.453874,0.158114
113|2.241136,-55.912709,70.524953|2.240814,-55.913821,70.573004,34.086179,37.873532,0.158114|2.240816,-55.913810,70.572703,34.086190,37.873544,0.158114
114|2.261146,-57.312636,69.392087|2.260816,-57.313732,69.440120,32.686268,36.318076,0.158114|2.260818,-57.313719,69.439816,32.686281,36.318090,0.158114
115|2.281156,-58.689615,68.231438|2.280818,-58.690695,68.279453,31.309305,34.788117,0.158114|2.280820,-58.690681,68.279145,31.309319,34.788132,0.158114
116|2.301167,-60.043095,67.043469|2.300820,-60.044158,67.091467,29.955842,33.284269,0.158114|2.300822,-60.044143,67.091155,29.955857,33.284286,0.158114
117|2.321177,-61.372535,65.828656|2.320822,-61.373581,65.876637,28.626419,31.807133,0.158114|2.320824,-61.373564,65.876322,28.626436,31.807151,0.158114
118|2.341187,-62.677401,64.587486|2.340824,-62.678429,64.635450,27.321571,30.357301,0.158114|2.340826,-62.678411,64.635132,27.321589,30.357321,0.158114
119|2.361197,-63.957172,63.320456|2.360826,-63.958182,63.368404,26.041818,28.935353,0.158114|2.360829,-63.958162,63.368082,26.041838,28.935375,0.158114
120|2.381207,-65.211335,62.028073|2.380829,-65.212327,62.076004,24.787673,27.541859,0.158114|2.380831,-65.212305,62.075679,24.787695,27.541883,0.158114
121|2.401217,-66.439388,60.710854|2.400832,-66.440361,60.758770,23.559639,26.177376,0.158114|2.400834,-66.440338,60.758441,23.559662,26.177402,0.158114
122|2.421227,-67.640839,59.369326|2.420835,-67.641793,59.417227,22.358207,24.842452,0.158114|2.420837,-67.641768,59.416896,22.358232,24.842480,0.158114
123|2.441238,-68.815207,58.004028|2.440838,-68.816142,58.051914,21.183858,23.537620,0.158114|2.440840,-68.816115,58.051580,21.183885,23.537650,0.158114
124|2.461248,-69.962022,56.615506|2.460841,-69.962937,56.663377,20.037063,22.263403,0.158114|2.460844,-69.962909,56.663039,20.037091,22.263435,0.158114
125|2.481258,-71.080825,55.204315|2.480844,-71.081720,55.252172,18.918280,21.020311,0.158114|2.480847,-71.081690,55.251831,18.918310,21.020345,0.158114
126|2.501268,-72.171167,53.771021|2.500848,-72.172042,53.818864,17.827958,19.808842,0.158114|2.500851,-72.172010,53.818520,17.827990,19.808878,0.158114
127|2.521278,-73.232613,52.316197|2.520851,-73.233468,52.364027,16.766532,18.629481,0.158114|2.520854,-73.233433,52.363680,16.766567,18.629519,0.158114
128|2.541288,-74.264737,50.840426|2.540855,-74.265571,50.888243,15.734429,17.482699,0.158114|2.540858,-74.265534,50.887893,15.734466,17.482740,0.158114
129|2.561298,-75.267125,49.344299|2.560859,-75.267938,49.392103,14.732062,16.368957,0.158114|2.560862,-75.267900,49.391751,14.732100,16.369000,0.158114
130|2.581309,-76.239378,47.828415|2.580864,-76.240170,47.876207,13.759830,15.288701,0.158114|2.580867,-76.240129,47.875851,13.759871,15.288745,0.158114
131|2.601319,-77.181105,46.293381|2.600868,-77.181875,46.341161,12.818125,14.242361,0.158114|2.600871,-77.181832,46.340803,12.818168,14.242408,0.158114
132|2.621329,-78.091929,44.739811|2.620873,-78.092677,44.787579,11.907323,13.230359,0.158114|2.620876,-78.092632,44.787219,11.907368,13.230408,0.158114
133|2.641339,-78.971485,43.168328|2.640877,-78.972211,43.216085,11.027789,12.253098,0.158114|2.640881,-78.972165,43.215722,11.027835,12.253150,0.158114
134|2.661349,-79.819422,41.579560|2.660882,-79.820126,41.627307,10.179874,11.310971,0.158114|2.660886,-79.820077,41.626942,10.179923,11.311025,0.158114
135|2.681359,-80.635400,39.974144|2.680888,-80.636081,40.021881,9.363919,10.404354,0.158114|2.680891,-80.636031,40.021513,9.363969,10.404410,0.158114
136|2.701369,-81.419092,38.352723|2.700893,-81.419751,38.400450,8.580249,9.533610,0.158114|2.700896,-81.419698,38.400080,8.580302,9.533669,0.158114
137|2.721380,-82.170185,36.715946|2.720899,-82.170820,36.763663,7.829180,8.699089,0.158114|2.720902,-82.170765,36.763292,7.829235,8.699150,0.158114
138|2.741390,-82.888377,35.064468|2.740904,-82.888989,35.112176,7.111011,7.901123,0.158114|2.740908,-82.888932,35.111803,7.111068,7.901187,0.158114
139|2.761400,-83.573381,33.398951|2.760910,-83.573970,33.446650,6.426030,7.140033,0.158114|2.760914,-83.573910,33.446274,6.426090,7.140100,0.158114
140|2.781410,-84.224924,31.720061|2.780916,-84.225489,31.767752,5.774511,6.416124,0.158114|2.780920,-84.225427,31.767374,5.774573,6.416193,0.158114
141|2.801420,-84.842743,30.028470|2.800923,-84.843284,30.076153,5.156716,5.729684,0.158114|2.800927,-84.843220,30.075774,5.156780,5.729756,0.158114
142|2.821430,-85.426591,28.324856|2.820929,-85.427109,28.372532,4.572891,5.080990,0.158114|2.820933,-85.427042,28.372151,4.572958,5.081064,0.158114
143|2.841440,-85.976236,26.609901|2.840936,-85.976730,26.657570,4.023270,4.470300,0.158114|2.840940,-85.976660,26.657188,4.023340,4.470378,0.158114
144|2.861451,-86.491456,24.884292|2.860943,-86.491926,24.931955,3.508074,3.897860,0.158114|2.860947,-86.491854,24.931571,3.508146,3.897940,0.158114
145|2.881461,-86.972046,23.148719|2.880950,-86.972491,23.196376,3.027509,3.363899,0.158114|2.880954,-86.972417,23.195990,3.027583,3.363981,0.158114
146|2.901471,-87.417813,21.403878|2.900958,-87.418234,21.451529,2.581766,2.868629,0.158114|2.900962,-87.418157,21.451142,2.581843,2.868715,0.158114
147|2.921481,-87.828578,19.650467|2.920965,-87.828974,19.698112,2.171026,2.412251,0.158114|2.920969,-87.828895,19.697725,2.171105,2.412339,0.158114
148|2.941491,-88.204178,17.889188|2.940973,-88.204549,17.936829,1.795451,1.994945,0.158114|2.940977,-88.204467,17.936440,1.795533,1.995036,0.158114
149|2.961501,-88.544461,16.120746|2.960981,-88.544808,16.168382,1.455192,1.616880,0.158114|2.960985,-88.544723,16.167992,1.455277,1.616974,0.158114
150|2.981511,-88.849292,14.345849|2.980990,-88.849613,14.393482,1.150387,1.278207,0.158114|2.980994,-88.849527,14.393091,1.150473,1.278304,0.158114
151|3.001522,-89.118548,12.565209|3.000998,-89.118845,12.612838,0.881155,0.979062,0.158114|3.001002,-89.118755,12.612447,0.881245,0.979161,0.158114
152|3.021532,-89.352121,10.779537|3.021007,-89.352393,10.827164,0.647607,0.719563,0.158114|3.021011,-89.352301,10.826772,0.647699,0.719665,0.158114
153|3.041542,-89.549919,8.989550|3.041016,-89.550166,9.037174,0.449834,0.499816,0.158114|3.041020,-89.550072,9.036781,0.449928,0.499921,0.158114
154|3.061552,-89.711862,7.195963|3.061025,-89.712084,7.243585,0.287916,0.319907,0.158114|3.061029,-89.711987,7.243191,0.288013,0.320015,0.158114
155|3.081562,-89.837884,5.399495|3.081034,-89.838081,5.447115,0.161919,0.179910,0.158114|3.081039,-89.837981,5.446721,0.162019,0.180021,0.158114
156|3.101572,-89.927937,3.600865|3.101044,-89.928108,3.648484,0.071892,0.079880,0.158114|3.101048,-89.928006,3.648090,0.071994,0.079993,0.158114
157|3.121583,-89.981982,1.800793|3.121054,-89.982129,1.848412,0.017871,0.019857,0.158114|3.121058,-89.982024,1.848017,0.017976,0.019973,0.158114
158|3.141593,-90.000000,0.000000|3.141064,-90.000121,0.047618,0.000121,0.000135,0.158114|3.141068,-90.000014,0.047224,0.000014,0.000015,0.158114
159|3.161603,-89.981982,-1.800793|3.161074,-89.982078,-1.753174,0.017922,0.019913,0.158114|3.161078,-89.981968,-1.753568,0.018032,0.020035,0.158114
160|3.181613,-89.927937,-3.600865|3.181084,-89.928007,-3.553245,0.071993,0.079992,0.158114|3.181089,-89.927895,-3.553639,0.072105,0.080117,0.158114
161|3.201623,-89.837884,-5.399495|3.201095,-89.837930,-5.351874,0.162070,0.180078,0.158114|3.201099,-89.837815,-5.352268,0.162185,0.180206,0.158114
162|3.221633,-89.711862,-7.195963|3.221106,-89.711882,-7.148341,0.288118,0.320131,0.158114|3.221110,-89.711765,-7.148734,0.288235,0.320262,0.158114
163|3.241643,-89.549919,-8.989550|3.241117,-89.549914,-8.941925,0.450086,0.500095,0.158114|3.241121,-89.549794,-8.942318,0.450206,0.500229,0.158114
164|3.261654,-89.352121,-10.779537|3.261128,-89.352092,-10.731911,0.647908,0.719898,0.158114|3.261133,-89.351969,-10.732303,0.648031,0.720035,0.158114
165|3.281664,-89.118548,-12.565209|3.281140,-89.118493,-12.517579,0.881507,0.979452,0.158114|3.281144,-89.118368,-12.517971,0.881632,0.979591,0.158114
166|3.301674,-88.849292,-14.345849|3.301151,-88.849212,-14.298216,1.150788,1.278653,0.158114|3.301156,-88.849084,-14.298607,1.150916,1.278795,0.158114
167|3.321684,-88.544461,-16.120746|3.321163,-88.544357,-16.073109,1.455643,1.617382,0.158114|3.321168,-88.544226,-16.073499,1.455774,1.617527,0.158114
168|3.341694,-88.204178,-17.889188|3.341176,-88.204049,-17.841547,1.795951,1.995502,0.158114|3.341180,-88.203916,-17.841936,1.796084,1.995649,0.158114
169|3.361704,-87.828578,-19.650467|3.361188,-87.828424,-19.602821,2.171576,2.412862,0.158114|3.361192,-87.828289,-19.603209,2.171711,2.413012,0.158114
170|3.381714,-87.417813,-21.403878|3.381201,-87.417634,-21.356227,2.582366,2.869295,0.158114|3.381205,-87.417497,-21.356614,2.582503,2.869448,0.158114
171|3.401725,-86.972046,-23.148719|3.401213,-86.971843,-23.101063,3.028157,3.364619,0.158114|3.401218,-86.971703,-23.101448,3.028297,3.364775,0.158114
172|3.421735,-86.491456,-24.884292|3.421226,-86.491229,-24.836630,3.508771,3.898634,0.158114|3.421231,-86.491086,-24.837014,3.508914,3.898793,0.158114
173|3.441745,-85.976236,-26.609901|3.441240,-85.975985,-26.562232,4.024015,4.471128,0.158114|3.441244,-85.975839,-26.562615,4.024161,4.471290,0.158114
174|3.461755,-85.426591,-28.324856|3.461253,-85.426316,-28.277180,4.573684,5.081871,0.158114|3.461258,-85.426168,-28.277562,4.573832,5.082035,0.158114
175|3.481765,-84.842743,-30.028470|3.481267,-84.842443,-29.980787,5.157557,5.730618,0.158114|3.481271,-84.842293,-29.981166,5.157707,5.730785,0.158114
176|3.501775,-84.224924,-31.720061|3.501281,-84.224601,-31.672370,5.775399,6.417111,0.158114|3.501285,-84.224448,-31.672747,5.775552,6.417280,0.158114
177|3.521785,-83.573381,-33.398951|3.521295,-83.573035,-33.351252,6.426965,7.141072,0.158114|3.521299,-83.572880,-33.351628,6.427120,7.141244,0.158114
178|3.541796,-82.888377,-35.064468|3.541309,-82.888007,-35.016760,7.111993,7.902214,0.158114|3.541313,-82.887850,-35.017135,7.112150,7.902389,0.158114
179|3.561806,-82.170185,-36.715946|3.561323,-82.169792,-36.668229,7.830208,8.700231,0.158114|3.561328,-82.169632,-36.668601,7.830368,8.700408,0.158114
180|3.581816,-81.419092,-38.352723|3.581338,-81.418676,-38.304997,8.581324,9.534804,0.158114|3.581342,-81.418515,-38.305367,8.581485,9.534984,0.158114
181|3.601826,-80.635400,-39.974144|3.601353,-80.634961,-39.926408,9.365039,10.405599,0.158114|3.601357,-80.634797,-39.926776,9.365203,10.405781,0.158114
182|3.621836,-79.819422,-41.579560|3.621368,-79.818961,-41.531813,10.181039,11.312266,0.158114|3.621372,-79.818795,-41.532179,10.181205,11.312450,0.158114
183|3.641846,-78.971485,-43.168328|3.641383,-78.971001,-43.120570,11.028999,12.254443,0.158114|3.641388,-78.970833,-43.120933,11.029167,12.254630,0.158114
184|3.661856,-78.091929,-44.739811|3.661399,-78.091423,-44.692042,11.908577,13.231752,0.158114|3.661403,-78.091252,-44.692403,11.908748,13.231942,0.158114
185|3.681867,-77.181105,-46.293381|3.681414,-77.180577,-46.245601,12.819423,14.243803,0.158114|3.681419,-77.180404,-46.245959,12.819596,14.243995,0.158114
186|3.701877,-76.239378,-47.828415|3.701430,-76.238828,-47.780623,13.761172,15.290191,0.158114|3.701434,-76.238654,-47.780978,13.761346,15.290385,0.158114
187|3.721887,-75.267125,-49.344299|3.721446,-75.266555,-49.296495,14.733445,16.370495,0.158114|3.721450,-75.266378,-49.296847,14.733622,16.370691,0.158114
188|3.741897,-74.264737,-50.840426|3.741462,-74.264145,-50.792609,15.735855,17.484284,0.158114|3.741466,-74.263966,-50.792959,15.736034,17.484482,0.158114
189|3.761907,-73.232613,-52.316197|3.761479,-73.232000,-52.268367,16.768000,18.631111,0.158114|3.761483,-73.231819,-52.268714,16.768181,18.631312,0.158114
190|3.781917,-72.171167,-53.771021|3.781495,-72.170534,-53.723177,17.829466,19.810518,0.158114|3.781499,-72.170351,-53.723521,17.829649,19.810721,0.158114
191|3.801927,-71.080825,-55.204315|3.801512,-71.080171,-55.156458,18.919829,21.022032,0.158114|3.801516,-71.079987,-55.156799,18.920013,21.022237,0.158114
192|3.821938,-69.962022,-56.615506|3.821529,-69.961348,-56.567634,20.038652,22.265168,0.158114|3.821533,-69.961162,-56.567973,20.038838,22.265375,0.158114
193|3.841948,-68.815207,-58.004028|3.841546,-68.814514,-57.956142,21.185486,23.539429,0.158114|3.841550,-68.814326,-57.956477,21.185674,23.539638,0.158114
194|3.861958,-67.640839,-59.369326|3.861563,-67.640127,-59.321426,22.359873,24.844304,0.158114|3.861567,-67.639937,-59.321757,22.360063,24.844515,0.158114
195|3.881968,-66.439388,-60.710854|3.881580,-66.438657,-60.662937,23.561343,26.179270,0.158114|3.881584,-66.438465,-60.663266,23.561535,26.179483,0.158114
196|3.901978,-65.211335,-62.028073|3.901598,-65.210585,-61.980141,24.789415,27.543794,0.158114|3.901602,-65.210392,-61.980466,24.789608,27.544009,0.158114
197|3.921988,-63.957172,-63.320456|3.921616,-63.956404,-63.272508,26.043596,28.937329,0.158114|3.921620,-63.956209,-63.272830,26.043791,28.937545,0.158114
198|3.941998,-62.677401,-64.587486|3.941633,-62.676615,-64.539522,27.323385,30.359317,0.158114|3.941637,-62.676419,-64.539841,27.323581,30.359535,0.158114
199|3.962009,-61.372535,-65.828656|3.961651,-61.371731,-65.780675,28.628269,31.809188,0.158114|3.961655,-61.371533,-65.780990,28.628467,31.809408,0.158114
200|3.982019,-60.043095,-67.043469|3.981670,-60.042274,-66.995471,29.957726,33.286362,0.158114|3.981674,-60.042075,-66.995783,29.957925,33.286584,0.158114
201|4.002029,-58.689615,-68.231438|4.001688,-58.688777,-68.183423,31.311223,34.790248,0.158114|4.001692,-58.688576,-68.183731,31.311424,34.790471,0.158114
202|4.022039,-57.312636,-69.392087|4.021706,-57.311781,-69.344055,32.688219,36.320243,0.158114|4.021710,-57.311579,-69.344359,32.688421,36.320468,0.158114
203|4.042049,-55.912709,-70.524953|4.041725,-55.911838,-70.476902,34.088162,37.875735,0.158114|4.041729,-55.911635,-70.477203,34.088365,37.875962,0.158114
204|4.062059,-54.490395,-71.629581|4.061744,-54.489509,-71.581512,35.510491,39.456101,0.158114|4.061747,-54.489304,-71.581809,35.510696,39.456329,0.158114
205|4.082069,-53.046264,-72.705529|4.081762,-53.045362,-72.657441,36.954638,41.060709,0.158114|4.081766,-53.045156,-72.657735,36.954844,41.060938,0.158114
206|4.102080,-51.580893,-73.752366|4.101781,-51.579977,-73.704260,38.420023,42.688915,0.158114|4.101785,-51.579769,-73.704549,38.420231,42.689146,0.158114
207|4.122090,-50.094870,-74.769673|4.121801,-50.093939,-74.721548,39.906061,44.340068,0.158114|4.121804,-50.093730,-74.721834,39.906270,44.340300,0.158114
208|4.142100,-48.588789,-75.757043|4.141820,-48.587844,-75.708899,41.412156,46.013507,0.158114|4.141823,-48.587634,-75.709180,41.412366,46.013740,0.158114
209|4.162110,-47.063253,-76.714081|4.161839,-47.062295,-76.665917,42.937705,47.708562,0.158114|4.161843,-47.062083,-76.666194,42.937917,47.708796,0.158114
210|4.182120,-45.518874,-77.640403|4.181859,-45.517902,-77.592219,44.482098,49.424553,0.158114|4.181862,-45.517690,-77.592492,44.482310,49.424789,0.158114
211|4.202130,-43.956269,-78.535638|4.201878,-43.955285,-78.487434,46.044715,51.160795,0.158114|4.201882,-43.955071,-78.487703,46.044929,51.161032,0.158114
212|4.222140,-42.376065,-79.399428|4.221898,-42.375068,-79.351203,47.624932,52.916591,0.158114|4.221901,-42.374854,-79.351469,47.625146,52.916829,0.158114
213|4.242151,-40.778893,-80.231427|4.241918,-40.777884,-80.183182,49.222116,54.691240,0.158114|4.241921,-40.777669,-80.183443,49.222331,54.691479,0.158114
214|4.262161,-39.165394,-81.031302|4.261937,-39.164374,-80.983036,50.835626,56.484029,0.158114|4.261941,-39.164158,-80.983294,50.835842,56.484269,0.158114
215|4.282171,-37.536214,-81.798733|4.281957,-37.535182,-81.750446,52.464818,58.294242,0.158114|4.281961,-37.534965,-81.750699,52.465035,58.294483,0.158114
216|4.302181,-35.892004,-82.533412|4.301977,-35.890962,-82.485103,54.109038,60.121153,0.158114|4.301981,-35.890744,-82.485353,54.109256,60.121395,0.158114
217|4.322191,-34.233423,-83.235045|4.321998,-34.232371,-83.186715,55.767629,61.964032,0.158114|4.322001,-34.232153,-83.186961,55.767847,61.964275,0.158114
218|4.342201,-32.561136,-83.903352|4.342018,-32.560074,-83.855000,57.439926,63.822140,0.158114|4.342021,-32.559855,-83.855242,57.440145,63.822384,0.158114
219|4.362211,-30.875811,-84.538064|4.362038,-30.874740,-84.489691,59.125260,65.694733,0.158114|4.362041,-30.874520,-84.489928,59.125480,65.694977,0.158114
220|4.382222,-29.178124,-85.138928|4.382059,-29.177044,-85.090533,60.822956,67.581062,0.158114|4.382062,-29.176824,-85.090766,60.823176,67.581307,0.158114
221|4.402232,-27.468754,-85.705703|4.402079,-27.467666,-85.657286,62.532334,69.480371,0.158114|4.402082,-27.467445,-85.657514,62.532555,69.480617,0.158114
222|4.422242,-25.748385,-86.238162|4.422099,-25.747290,-86.189722,64.252710,71.391900,0.158114|4.422103,-25.747069,-86.189947,64.252931,71.392146,0.158114
223|4.442252,-24.017708,-86.736092|4.442120,-24.016606,-86.687630,65.983394,73.314883,0.158114|4.442123,-24.016383,-86.687850,65.983617,73.315130,0.158114
224|4.462262,-22.277414,-87.199294|4.462141,-22.276305,-87.150808,67.723695,75.248550,0.158114|4.462144,-22.276082,-87.151025,67.723918,75.248798,0.158114
225|4.482272,-20.528200,-87.627581|4.482161,-20.527085,-87.579073,69.472915,77.192128,0.158114|4.482164,-20.526862,-87.579285,69.473138,77.192376,0.158114
226|4.502282,-18.770767,-88.020783|4.502182,-18.769646,-87.972252,71.230354,79.144838,0.158114|4.502185,-18.769422,-87.972460,71.230578,79.145086,0.158114
227|4.522293,-17.005818,-88.378743|4.522203,-17.004692,-88.330188,72.995308,81.105898,0.158114|4.522206,-17.004468,-88.330392,72.995532,81.106147,0.158114
228|4.542303,-15.234060,-88.701316|4.542224,-15.232929,-88.652738,74.767071,83.074523,0.158114|4.542227,-15.232705,-88.652938,74.767295,83.074772,0.158114
229|4.562313,-13.456202,-88.988373|4.562245,-13.455068,-88.939773,76.544932,85.049925,0.158114|4.562247,-13.454843,-88.939968,76.545157,85.050174,0.158114
230|4.582323,-11.672957,-89.239801|4.582265,-11.671819,-89.191177,78.328181,87.031312,0.158114|4.582268,-11.671594,-89.191368,78.328406,87.031562,0.158114
231|4.602333,-9.885038,-89.455497|4.602286,-9.883897,-89.406850,80.116103,89.017892,0.158114|4.602289,-9.883672,-89.407037,80.116328,89.018143,0.158114
232|4.622343,-8.093161,-89.635377|4.622307,-8.092017,-89.586705,81.907983,91.008870,0.158114|4.622310,-8.091792,-89.586889,81.908208,91.009120,0.158114
233|4.642353,-6.298044,-89.779366|4.642328,-6.296898,-89.730672,83.703102,93.003447,0.158114|4.642331,-6.296672,-89.730851,83.703328,93.003697,0.158114
234|4.662364,-4.500405,-89.887409|4.662349,-4.499257,-89.838691,85.500743,95.000825,0.158114|4.662352,-4.499032,-89.838866,85.500968,95.001076,0.158114
235|4.682374,-2.700964,-89.959462|4.682370,-2.699815,-89.910720,87.300185,97.000205,0.158114|4.682373,-2.699590,-89.910891,87.300410,97.000456,0.158114
236|4.702384,-0.900441,-89.995495|4.702391,-0.899293,-89.946729,89.100707,99.000786,0.158114|4.702394,-0.899067,-89.946897,89.100933,99.001037,0.158114
237|4.722394,0.900441,-89.995495|4.722412,0.901590,-89.946706,89.098410,98.998233,0.158114|4.722415,0.901816,-89.946869,89.098184,98.997982,0.158114
238|4.742404,2.700964,-89.959462|4.742433,2.702112,-89.910648,87.297888,96.997653,0.158114|4.742436,2.702338,-89.910808,87.297662,96.997402,0.158114
239|4.762414,4.500405,-89.887409|4.762454,4.501552,-89.838572,85.498448,94.998276,0.158114|4.762457,4.501778,-89.838727,85.498222,94.998025,0.158114
240|4.782424,6.298044,-89.779366|4.782475,6.299189,-89.730505,83.700811,93.000901,0.158114|4.782478,6.299415,-89.730657,83.700585,93.000650,0.158114
241|4.802435,8.093161,-89.635377|4.802496,8.094305,-89.586491,81.905695,91.006328,0.158114|4.802499,8.094530,-89.586639,81.905470,91.006077,0.158114
242|4.822445,9.885038,-89.455497|4.822517,9.886179,-89.406588,80.113821,89.015357,0.158114|4.822519,9.886405,-89.406732,80.113595,89.015106,0.158114
243|4.842455,11.672957,-89.239801|4.842538,11.674094,-89.190868,78.325906,87.028784,0.158114|4.842540,11.674320,-89.191008,78.325680,87.028533,0.158114
244|4.862465,13.456202,-88.988373|4.862559,13.457336,-88.939417,76.542664,85.047405,0.158114|4.862561,13.457562,-88.939553,76.542438,85.047154,0.158114
245|4.882475,15.234060,-88.701316|4.882580,15.235189,-88.652336,74.764811,83.072012,0.158114|4.882582,15.235415,-88.652468,74.764585,83.071762,0.158114
246|4.902485,17.005818,-88.378743|4.902601,17.006942,-88.329739,72.993058,81.103398,0.158114|4.902603,17.007168,-88.329868,72.992832,81.103147,0.158114
247|4.922495,18.770767,-88.020783|4.922621,18.771886,-87.971756,71.228114,79.142349,0.158114|4.922623,18.772111,-87.971881,71.227889,79.142099,0.158114
248|4.942506,20.528200,-87.627581|4.942642,20.529313,-87.578530,69.470687,77.189652,0.158114|4.942644,20.529538,-87.578652,69.470462,77.189402,0.158114
249|4.962516,22.277414,-87.199294|4.962663,22.278520,-87.150219,67.721480,75.246088,0.158114|4.962665,22.278745,-87.150337,67.721255,75.245839,0.158114
250|4.982526,24.017708,-86.736092|4.982683,24.018808,-86.686995,65.981192,73.312436,0.158114|4.982685,24.019032,-86.687109,65.980968,73.312186,0.158114
251|5.002536,25.748385,-86.238162|5.002704,25.749478,-86.189041,64.250522,71.389469,0.158114|5.002706,25.749702,-86.189152,64.250298,71.389220,0.158114
252|5.022546,27.468754,-85.705703|5.022724,27.469838,-85.656559,62.530162,69.477958,0.158114|5.022726,27.470062,-85.656667,62.529938,69.477709,0.158114
253|5.042556,29.178124,-85.138928|5.042745,29.179199,-85.089761,60.820801,67.578667,0.158114|5.042747,29.179423,-85.089865,60.820577,67.578418,0.158114
254|5.062567,30.875811,-84.538064|5.062765,30.876878,-84.488874,59.123122,65.692358,0.158114|5.062767,30.877101,-84.488975,59.122899,65.692110,0.158114
255|5.082577,32.561136,-83.903352|5.082786,32.562193,-83.854139,57.437807,63.819786,0.158114|5.082787,32.562416,-83.854237,57.437584,63.819537,0.158114
256|5.102587,34.233423,-83.235045|5.102806,34.234470,-83.185810,55.765530,61.961700,0.158114|5.102808,34.234693,-83.185904,55.765307,61.961452,0.158114
257|5.122597,35.892004,-82.533412|5.122826,35.893040,-82.484154,54.106960,60.118844,0.158114|5.122828,35.893263,-82.484245,54.106737,60.118596,0.158114
258|5.142607,37.536214,-81.798733|5.142846,37.537239,-81.749453,52.462761,58.291957,0.158114|5.142848,37.537462,-81.749541,52.462538,58.291709,0.158114
259|5.162617,39.165394,-81.031302|5.162866,39.166408,-80.982000,50.833592,56.481769,0.158114|5.162868,39.166631,-80.982085,50.833369,56.481522,0.158114
260|5.182627,40.778893,-80.231427|5.182886,40.779895,-80.182104,49.220105,54.689005,0.158114|5.182888,40.780117,-80.182185,49.219883,54.688759,0.158114
261|5.202638,42.376065,-79.399428|5.202905,42.377054,-79.350083,47.622946,52.914384,0.158114|5.202907,42.377276,-79.350161,47.622724,52.914138,0.158114
262|5.222648,43.956269,-78.535638|5.222925,43.957246,-78.486271,46.042754,51.158616,0.158114|5.222927,43.957467,-78.486347,46.042533,51.158370,0.158114
263|5.242658,45.518874,-77.640403|5.242945,45.519837,-77.591015,44.480163,49.422404,0.158114|5.242946,45.520058,-77.591087,44.479942,49.422158,0.158114
264|5.262668,47.063253,-76.714081|5.262964,47.064202,-76.664672,42.935798,47.706442,0.158114|5.262966,47.064423,-76.664742,42.935577,47.706197,0.158114
265|5.282678,48.588789,-75.757043|5.282983,48.589723,-75.707614,41.410277,46.011419,0.158114|5.282985,48.589944,-75.707681,41.410056,46.011174,0.158114
266|5.302688,50.094870,-74.769673|5.303003,50.095789,-74.720224,39.904211,44.338012,0.158114|5.303004,50.096009,-74.720287,39.903991,44.337767,0.158114
267|5.322698,51.580893,-73.752366|5.323022,51.581797,-73.702896,38.418203,42.686892,0.158114|5.323023,51.582017,-73.702957,38.417983,42.686648,0.158114
268|5.342709,53.046264,-72.705529|5.343041,53.047152,-72.656039,36.952848,41.058720,0.158114|5.343042,53.047371,-72.656097,36.952629,41.058476,0.158114
269|5.362719,54.490395,-71.629581|5.363060,54.491267,-71.580071,35.508733,39.454148,0.158114|5.363061,54.491486,-71.580127,35.508514,39.453904,0.158114
270|5.382729,55.912709,-70.524953|5.383078,55.913564,-70.475424,34.086436,37.873818,0.158114|5.383080,55.913783,-70.475477,34.086217,37.873574,0.158114
271|5.402739,57.312636,-69.392087|5.403097,57.313473,-69.342539,32.686527,36.318363,0.158114|5.403098,57.313692,-69.342590,32.686308,36.318120,0.158114
272|5.422749,58.689615,-68.231438|5.423115,58.690435,-68.181871,31.309565,34.788405,0.158114|5.423117,58.690654,-68.181919,31.309346,34.788163,0.158114
273|5.442759,60.043095,-67.043469|5.443134,60.043897,-66.993883,29.956103,33.284558,0.158114|5.443135,60.044116,-66.993930,29.955884,33.284316,0.158114
274|5.462769,61.372535,-65.828656|5.463152,61.373318,-65.779053,28.626682,31.807424,0.158114|5.463153,61.373537,-65.779096,28.626463,31.807182,0.158114
275|5.482780,62.677401,-64.587486|5.483170,62.678166,-64.537865,27.321834,30.357593,0.158114|5.483171,62.678384,-64.537906,27.321616,30.357351,0.158114
276|5.502790,63.957172,-63.320456|5.503188,63.957918,-63.270817,26.042082,28.935647,0.158114|5.503189,63.958135,-63.270856,26.041865,28.935405,0.158114
277|5.522800,65.211335,-62.028073|5.523205,65.212061,-61.978416,24.787939,27.542155,0.158114|5.523207,65.212278,-61.978454,24.787722,27.541913,0.158114
278|5.542810,66.439388,-60.710854|5.543223,66.440094,-60.661181,23.559906,26.177674,0.158114|5.543224,66.440311,-60.661216,23.559689,26.177433,0.158114
279|5.562820,67.640839,-59.369326|5.563240,67.641524,-59.319637,22.358476,24.842751,0.158114|5.563242,67.641741,-59.319670,22.358259,24.842510,0.158114
280|5.582830,68.815207,-58.004028|5.583257,68.815871,-57.954323,21.184129,23.537921,0.158114|5.583259,68.816088,-57.954354,21.183912,23.537680,0.158114
281|5.602840,69.962022,-56.615506|5.603275,69.962665,-56.565784,20.037335,22.263705,0.158114|5.603276,69.962881,-56.565814,20.037119,22.263465,0.158114
282|5.622851,71.080825,-55.204315|5.623291,71.081446,-55.154578,18.918554,21.020615,0.158114|5.623293,71.081662,-55.154605,18.918338,21.020375,0.158114
283|5.642861,72.171167,-53.771021|5.643308,72.171767,-53.721269,17.828233,19.809148,0.158114|5.643309,72.171983,-53.721294,17.828017,19.808908,0.158114
284|5.662871,73.232613,-52.316197|5.663325,73.233190,-52.266430,16.766810,18.629789,0.158114|5.663326,73.233406,-52.266454,16.766594,18.629549,0.158114
285|5.682881,74.264737,-50.840426|5.683341,74.265292,-50.790645,15.734708,17.483009,0.158114|5.683342,74.265507,-50.790667,15.734493,17.482770,0.158114
286|5.702891,75.267125,-49.344299|5.703357,75.267657,-49.294504,14.732343,16.369269,0.158114|5.703358,75.267873,-49.294525,14.732127,16.369030,0.158114
287|5.722901,76.239378,-47.828415|5.723373,76.239887,-47.778607,13.760113,15.289015,0.158114|5.723374,76.240102,-47.778626,13.759898,15.288776,0.158114
288|5.742911,77.181105,-46.293381|5.743389,77.181590,-46.243560,12.818410,14.242678,0.158114|5.743390,77.181805,-46.243577,12.818195,14.242439,0.158114
289|5.762922,78.091929,-44.739811|5.763405,78.092390,-44.689977,11.907610,13.230678,0.158114|5.763406,78.092605,-44.689993,11.907395,13.230439,0.158114
290|5.782932,78.971485,-43.168328|5.783420,78.971923,-43.118482,11.028077,12.253419,0.158114|5.783421,78.972137,-43.118496,11.027863,12.253181,0.158114
291|5.802942,79.819422,-41.579560|5.803435,79.819835,-41.529703,10.180165,11.311294,0.158114|5.803436,79.820050,-41.529716,10.179950,11.311056,0.158114
292|5.822952,80.635400,-39.974144|5.823450,80.635789,-39.924276,9.364211,10.404679,0.158114|5.823451,80.636003,-39.924288,9.363997,10.404441,0.158114
293|5.842962,81.419092,-38.352723|5.843465,81.419456,-38.302844,8.580544,9.533938,0.158114|5.843466,81.419670,-38.302855,8.580330,9.533700,0.158114
294|5.862972,82.170185,-36.715946|5.863480,82.170523,-36.666057,7.829477,8.699419,0.158114|5.863481,82.170737,-36.666066,7.829263,8.699181,0.158114
295|5.882982,82.888377,-35.064468|5.883495,82.888690,-35.014569,7.111310,7.901455,0.158114|5.883495,82.888904,-35.014577,7.111096,7.901218,0.158114
296|5.902993,83.573381,-33.398951|5.903509,83.573669,-33.349042,6.426331,7.140368,0.158114|5.903510,83.573883,-33.349049,6.426117,7.140130,0.158114
297|5.923003,84.224924,-31.720061|5.923523,84.225185,-31.670143,5.774815,6.416461,0.158114|5.923524,84.225399,-31.670149,5.774601,6.416223,0.158114
298|5.943013,84.842743,-30.028470|5.943537,84.842978,-29.978543,5.157022,5.730024,0.158114|5.943538,84.843192,-29.978548,5.156808,5.729787,0.158114
299|5.963023,85.426591,-28.324856|5.963550,85.426801,-28.274921,4.573199,5.081333,0.158114|5.963551,85.427014,-28.274926,4.572986,5.081095,0.158114
300|5.983033,85.976236,-26.609901|5.983564,85.976419,-26.559959,4.023581,4.470646,0.158114|5.983565,85.976633,-26.559962,4.023367,4.470408,0.158114
301|6.003043,86.491456,-24.884292|6.003577,86.491613,-24.834343,3.508387,3.898208,0.158114|6.003578,86.491826,-24.834345,3.508174,3.897971,0.158114
302|6.023053,86.972046,-23.148719|6.023590,86.972176,-23.098763,3.027824,3.364249,0.158114|6.023591,86.972389,-23.098765,3.027611,3.364012,0.158114
303|6.043064,87.417813,-21.403878|6.043603,87.417916,-21.353916,2.582084,2.868983,0.158114|6.043604,87.418129,-21.353917,2.581871,2.868745,0.158114
304|6.063074,87.828578,-19.650467|6.063616,87.828654,-19.600499,2.171346,2.412607,0.158114|6.063616,87.828867,-19.600499,2.171133,2.412369,0.158114
305|6.083084,88.204178,-17.889188|6.083628,88.204226,-17.839214,1.795774,1.995304,0.158114|6.083629,88.204440,-17.839214,1.795560,1.995067,0.158114
306|6.103094,88.544461,-16.120746|6.103640,88.544482,-16.070768,1.455518,1.617242,0.158114|6.103641,88.544696,-16.070767,1.455304,1.617005,0.158114
307|6.123104,88.849292,-14.345849|6.123652,88.849286,-14.295867,1.150714,1.278572,0.158114|6.123653,88.849499,-14.295866,1.150501,1.278334,0.158114
308|6.143114,89.118548,-12.565209|6.143664,89.118514,-12.515223,0.881486,0.979429,0.158114|6.143665,89.118728,-12.515221,0.881272,0.979192,0.158114
309|6.163124,89.352121,-10.779537|6.163676,89.352060,-10.729548,0.647940,0.719933,0.158114|6.163676,89.352274,-10.729546,0.647726,0.719696,0.158114
310|6.183135,89.549919,-8.989550|6.183687,89.549830,-8.939558,0.450170,0.500188,0.158114|6.183687,89.550044,-8.939555,0.449956,0.499951,0.158114
311|6.203145,89.711862,-7.195963|6.203698,89.711745,-7.145968,0.288255,0.320283,0.158114|6.203699,89.711959,-7.145966,0.288041,0.320046,0.158114
312|6.223155,89.837884,-5.399495|6.223709,89.837740,-5.349499,0.162260,0.180288,0.158114|6.223709,89.837954,-5.349496,0.162046,0.180051,0.158114
313|6.243165,89.927937,-3.600865|6.243720,89.927765,-3.550867,0.072235,0.080261,0.158114|6.243720,89.927978,-3.550865,0.072022,0.080024,0.158114
314|6.263175,89.981982,-1.800793|6.263731,89.981783,-1.750795,0.018217,0.020241,0.158114|6.263731,89.981996,-1.750792,0.018004,0.020004,0.158114
