OneBody4_E-0.15_plotinterval0.010_ecc0.0_RK4.txt
initial value : [x, y, v_x, v_y] = [30.00,0.00,0.00,0.55] , numerical interval dt = 0.02000 , [M, m] = [ 9, 1]

num|given_position|geodesic|newtonian
num| degree1, x1, y1 | degree2, x2, y2, simple error, relative error, d(rho) | degree2, x2, y2, simple error, relative error, dt
  1|0.000000,30.000000,0.000000|0.000333,29.999998,0.010000,0.000002,0.000006,0.018257|0.000333,29.999998,0.010000,0.000002,0.000006,0.018257
  2|0.020010,29.993994,0.600264|0.020343,29.993989,0.610264,0.006011,0.020036,0.018257|0.020343,29.993989,0.610264,0.006011,0.020036,0.018257
  3|0.040020,29.975979,1.200288|0.040353,29.975971,1.210288,0.024029,0.080098,0.018257|0.040353,29.975971,1.210288,0.024029,0.080098,0.018257
  4|0.060030,29.945961,1.799832|0.060363,29.945950,1.809831,0.054050,0.180167,0.018257|0.060363,29.945950,1.809831,0.054050,0.180167,0.018257
  5|0.080041,29.903954,2.398654|0.080373,29.903939,2.408654,0.096061,0.320204,0.018257|0.080373,29.903939,2.408654,0.096061,0.320204,0.018257
  6|0.100051,29.849973,2.996517|0.100382,29.849955,3.006516,0.150045,0.500151,0.018257|0.100382,29.849955,3.006516,0.150045,0.500151,0.018257
  7|0.120061,29.784040,3.593179|0.120392,29.784019,3.603178,0.215981,0.719937,0.018257|0.120392,29.784019,3.603178,0.215981,0.719937,0.018257
  8|0.140071,29.706183,4.188403|0.140401,29.706158,4.198402,0.293842,0.979475,0.018257|0.140401,29.706158,4.198401,0.293842,0.979475,0.018257
  9|0.160081,29.616431,4.781950|0.160410,29.616402,4.791948,0.383598,1.278659,0.018257|0.160410,29.616402,4.791948,0.383598,1.278659,0.018257
 10|0.180091,29.514820,5.373582|0.180419,29.514789,5.383580,0.485211,1.617371,0.018257|0.180419,29.514789,5.383579,0.485211,1.617371,0.018257
 11|0.200101,29.401393,5.963063|0.200428,29.401358,5.973060,0.598642,1.995474,0.018257|0.200428,29.401358,5.973059,0.598642,1.995474,0.018257
 12|0.220112,29.276193,6.550156|0.220437,29.276155,6.560153,0.723845,2.412818,0.018257|0.220437,29.276155,6.560152,0.723845,2.412818,0.018257
 13|0.240122,29.139271,7.134626|0.240446,29.139230,7.144623,0.860770,2.869234,0.018257|0.240446,29.139230,7.144621,0.860770,2.869234,0.018257
 14|0.260132,28.990682,7.716240|0.260454,28.990638,7.726236,1.009362,3.364542,0.018257|0.260454,28.990638,7.726234,1.009362,3.364542,0.018257
 15|0.280142,28.830485,8.294764|0.280463,28.830438,8.304759,1.169562,3.898541,0.018257|0.280463,28.830438,8.304758,1.169562,3.898541,0.018257
 16|0.300152,28.658745,8.869967|0.300471,28.658694,8.879962,1.341306,4.471019,0.018257|0.300471,28.658694,8.879960,1.341306,4.471019,0.018257
 17|0.320162,28.475530,9.441619|0.320479,28.475476,9.451613,1.524524,5.081745,0.018257|0.320479,28.475476,9.451610,1.524524,5.081745,0.018257
 18|0.340172,28.280914,10.009490|0.340487,28.280857,10.019483,1.719143,5.730477,0.018257|0.340487,28.280857,10.019480,1.719143,5.730477,0.018257
 19|0.360183,28.074975,10.573354|0.360495,28.074914,10.583346,1.925086,6.416953,0.018257|0.360495,28.074914,10.583343,1.925086,6.416953,0.018257
 20|0.380193,27.857794,11.132984|0.380503,27.857730,11.142975,2.142270,7.140899,0.018257|0.380503,27.857730,11.142972,2.142270,7.140899,0.018257
 21|0.400203,27.629459,11.688156|0.400510,27.629392,11.698147,2.370608,7.902025,0.018257|0.400510,27.629392,11.698143,2.370608,7.902025,0.018257
 22|0.420213,27.390062,12.238649|0.420518,27.389992,12.248639,2.610008,8.700027,0.018257|0.420518,27.389992,12.248634,2.610008,8.700027,0.018257
 23|0.440223,27.139697,12.784241|0.440525,27.139625,12.794230,2.860375,9.534584,0.018257|0.440525,27.139625,12.794225,2.860375,9.534584,0.018257
 24|0.460233,26.878467,13.324715|0.460533,26.878391,13.334703,3.121609,10.405363,0.018257|0.460533,26.878391,13.334697,3.121609,10.405363,0.018257
 25|0.480243,26.606474,13.859853|0.480540,26.606396,13.869840,3.393604,11.312015,0.018257|0.480540,26.606395,13.869835,3.393605,11.312015,0.018257
 26|0.500254,26.323828,14.389443|0.500547,26.323747,14.399428,3.676253,12.254177,0.018257|0.500547,26.323747,14.399422,3.676253,12.254177,0.018257
 27|0.520264,26.030643,14.913270|0.520554,26.030558,14.923255,3.969442,13.231472,0.018257|0.520554,26.030558,14.923248,3.969442,13.231472,0.018257
 28|0.540274,25.727035,15.431127|0.540561,25.726948,15.441110,4.273052,14.243508,0.018257|0.540561,25.726948,15.441103,4.273052,14.243508,0.018257
 29|0.560284,25.413126,15.942805|0.560567,25.413036,15.952787,4.586964,15.289881,0.018257|0.560567,25.413036,15.952779,4.586964,15.289881,0.018257
 30|0.580294,25.089042,16.448100|0.580574,25.088949,16.458080,4.911051,16.370170,0.018257|0.580574,25.088949,16.458072,4.911051,16.370171,0.018257
 31|0.600304,24.754912,16.946809|0.600581,24.754816,16.956788,5.245184,17.483945,0.018257|0.600580,24.754816,16.956779,5.245184,17.483945,0.018257
 32|0.620314,24.410871,17.438732|0.620587,24.410772,17.448710,5.589228,18.630758,0.018257|0.620587,24.410772,17.448701,5.589228,18.630759,0.018257
 33|0.640325,24.057056,17.923674|0.640593,24.056955,17.933650,5.943045,19.810151,0.018257|0.640593,24.056954,17.933641,5.943046,19.810152,0.018257
 34|0.660335,23.693608,18.401438|0.660599,23.693504,18.411414,6.306496,21.021652,0.018257|0.660599,23.693504,18.411403,6.306496,21.021652,0.018257
 35|0.680345,23.320674,18.871835|0.680606,23.320568,18.881809,6.679432,22.264775,0.018257|0.680605,23.320568,18.881798,6.679432,22.264775,0.018257
 36|0.700355,22.938402,19.334676|0.700612,22.938293,19.344649,7.061707,23.539022,0.018257|0.700611,22.938293,19.344637,7.061707,23.539022,0.018257
 37|0.720365,22.546946,19.789775|0.720617,22.546835,19.799746,7.453165,24.843884,0.018257|0.720617,22.546835,19.799734,7.453165,24.843884,0.018257
 38|0.740375,22.146463,20.236951|0.740623,22.146349,20.246921,7.853651,26.178838,0.018257|0.740623,22.146349,20.246908,7.853651,26.178838,0.018257
 39|0.760385,21.737112,20.676024|0.760629,21.736995,20.685992,8.263005,27.543349,0.018257|0.760629,21.736995,20.685978,8.263005,27.543349,0.018257
 40|0.780396,21.319057,21.106819|0.780634,21.318939,21.116785,8.681061,28.936871,0.018257|0.780634,21.318939,21.116770,8.681061,28.936872,0.018257
 41|0.800406,20.892467,21.529162|0.800640,20.892346,21.539127,9.107654,30.358847,0.018257|0.800640,20.892346,21.539111,9.107654,30.358847,0.018257
 42|0.820416,20.457512,21.942885|0.820645,20.457388,21.952848,9.542612,31.808706,0.018257|0.820645,20.457388,21.952832,9.542612,31.808706,0.018257
 43|0.840426,20.014365,22.347823|0.840651,20.014239,22.357784,9.985761,33.285868,0.018257|0.840650,20.014239,22.357767,9.985761,33.285869,0.018257
 44|0.860436,19.563205,22.743813|0.860656,19.563077,22.753772,10.436923,34.789743,0.018257|0.860655,19.563077,22.753755,10.436923,34.789743,0.018257
 45|0.880446,19.104212,23.130696|0.880661,19.104082,23.140653,10.895918,36.319727,0.018257|0.880661,19.104082,23.140635,10.895918,36.319727,0.018257
 46|0.900456,18.637570,23.508318|0.900666,18.637438,23.518273,11.362562,37.875208,0.018257|0.900666,18.637437,23.518255,11.362563,37.875209,0.018257
 47|0.920467,18.163465,23.876527|0.920671,18.163331,23.886481,11.836669,39.455564,0.018257|0.920671,18.163331,23.886461,11.836669,39.455564,0.018257
 48|0.940477,17.682088,24.235176|0.940676,17.681952,24.245128,12.318048,41.060161,0.018257|0.940676,17.681952,24.245108,12.318048,41.060161,0.018257
 49|0.960487,17.193631,24.584122|0.960681,17.193493,24.594072,12.806507,42.688357,0.018257|0.960680,17.193493,24.594051,12.806507,42.688357,0.018257
 50|0.980497,16.698290,24.923224|0.980685,16.698150,24.933173,13.301850,44.339500,0.018257|0.980685,16.698150,24.933151,13.301850,44.339501,0.018257
 51|1.000507,16.196263,25.252348|1.000690,16.196121,25.262294,13.803879,46.012929,0.018257|1.000690,16.196121,25.262271,13.803879,46.012930,0.018257
 52|1.020517,15.687751,25.571360|1.020695,15.687608,25.581305,14.312392,47.707975,0.018257|1.020694,15.687607,25.581281,14.312393,47.707975,0.018257
 53|1.040528,15.172958,25.880134|1.040699,15.172813,25.890077,14.827187,49.423957,0.018257|1.040699,15.172813,25.890052,14.827187,49.423958,0.018257
 54|1.060538,14.652090,26.178546|1.060704,14.651943,26.188486,15.348057,51.160190,0.018257|1.060703,14.651943,26.188461,15.348057,51.160191,0.018257
 55|1.080548,14.125355,26.466476|1.080708,14.125207,26.476414,15.874793,52.915978,0.018257|1.080708,14.125206,26.476388,15.874794,52.915979,0.018257
 56|1.100558,13.592964,26.743809|1.100712,13.592815,26.753745,16.407185,54.690618,0.018257|1.100712,13.592814,26.753718,16.407186,54.690619,0.018257
 57|1.120568,13.055131,27.010434|1.120717,13.054980,27.020368,16.945020,56.483400,0.018257|1.120716,13.054980,27.020340,16.945020,56.483401,0.018257
 58|1.140578,12.512071,27.266244|1.140721,12.511918,27.276176,17.488082,58.293605,0.018257|1.140720,12.511918,27.276147,17.488082,58.293606,0.018257
 59|1.160588,11.964001,27.511137|1.160725,11.963847,27.521067,18.036153,60.120510,0.018257|1.160725,11.963847,27.521037,18.036153,60.120510,0.018257
 60|1.180599,11.411141,27.745015|1.180729,11.410986,27.754943,18.589014,61.963381,0.018257|1.180729,11.410985,27.754912,18.589015,61.963382,0.018257
 61|1.200609,10.853712,27.967784|1.200733,10.853555,27.977710,19.146445,63.821483,0.018257|1.200733,10.853555,27.977678,19.146445,63.821484,0.018257
 62|1.220619,10.291937,28.179355|1.220737,10.291779,28.189278,19.708221,65.694070,0.018257|1.220737,10.291779,28.189245,19.708221,65.694071,0.018257
 63|1.240629,9.726041,28.379643|1.240741,9.725882,28.389564,20.274118,67.580393,0.018257|1.240741,9.725882,28.389530,20.274118,67.580393,0.018257
 64|1.260639,9.156251,28.568568|1.260745,9.156091,28.578487,20.843909,69.479696,0.018257|1.260745,9.156091,28.578452,20.843909,69.479697,0.018257
 65|1.280649,8.582795,28.746054|1.280749,8.582634,28.755971,21.417366,71.391219,0.018257|1.280749,8.582634,28.755935,21.417366,71.391220,0.018257
 66|1.300659,8.005903,28.912031|1.300753,8.005741,28.921946,21.994259,73.314198,0.018257|1.300752,8.005740,28.921909,21.994260,73.314198,0.018257
 67|1.320670,7.425805,29.066431|1.320757,7.425642,29.076344,22.574358,75.247861,0.018257|1.320756,7.425642,29.076306,22.574358,75.247862,0.018257
 68|1.340680,6.842733,29.209194|1.340760,6.842570,29.219104,23.157430,77.191434,0.018257|1.340760,6.842569,29.219065,23.157431,77.191435,0.018257
 69|1.360690,6.256922,29.340261|1.360764,6.256758,29.350169,23.743242,79.144140,0.018257|1.360764,6.256758,29.350129,23.743242,79.144141,0.018257
 70|1.380700,5.668606,29.459581|1.380768,5.668441,29.469487,24.331559,81.105197,0.018257|1.380767,5.668441,29.469446,24.331559,81.105198,0.018257
 71|1.400710,5.078020,29.567105|1.400771,5.077854,29.577009,24.922146,83.073819,0.018257|1.400771,5.077854,29.576967,24.922146,83.073819,0.018257
 72|1.420720,4.485401,29.662791|1.420775,4.485235,29.672693,25.514765,85.049218,0.018257|1.420775,4.485234,29.672650,25.514766,85.049218,0.018257
 73|1.440730,3.890986,29.746600|1.440779,3.890819,29.756499,26.109181,87.030603,0.018257|1.440778,3.890819,29.756455,26.109181,87.030604,0.018257
 74|1.460741,3.295013,29.818499|1.460782,3.294846,29.828396,26.705154,89.017181,0.018257|1.460782,3.294846,29.828351,26.705154,89.017182,0.018257
 75|1.480751,2.697720,29.878459|1.480786,2.697553,29.888353,27.302447,91.008156,0.018257|1.480786,2.697553,29.888307,27.302447,91.008157,0.018257
 76|1.500761,2.099348,29.926455|1.500789,2.099180,29.936348,27.900820,93.002732,0.018257|1.500789,2.099180,29.936301,27.900820,93.002733,0.018257
 77|1.520771,1.500135,29.962470|1.520793,1.499967,29.972360,28.500033,95.000110,0.018257|1.520793,1.499967,29.972312,28.500033,95.000110,0.018257
 78|1.540781,0.900321,29.986487|1.540797,0.900153,29.996375,29.099847,96.999489,0.018257|1.540797,0.900153,29.996326,29.099847,96.999489,0.018257
 79|1.560791,0.300147,29.998498|1.560800,0.299979,30.008384,29.700021,99.000070,0.018257|1.560800,0.299979,30.008334,29.700021,99.000070,0.018257
 80|1.580801,-0.300147,29.998498|1.580804,-0.300315,30.008382,29.699685,98.998949,0.018257|1.580804,-0.300315,30.008330,29.699685,98.998949,0.018257
 81|1.600812,-0.900321,29.986487|1.600807,-0.900489,29.996368,29.099511,96.998369,0.018257|1.600807,-0.900489,29.996316,29.099511,96.998369,0.018257
 82|1.620822,-1.500135,29.962470|1.620811,-1.500303,29.972348,28.499697,94.998990,0.018257|1.620811,-1.500303,29.972295,28.499697,94.998990,0.018257
 83|1.640832,-2.099348,29.926455|1.640814,-2.099516,29.936332,27.900484,93.001614,0.018257|1.640815,-2.099516,29.936277,27.900484,93.001614,0.018257
 84|1.660842,-2.697720,29.878459|1.660818,-2.697888,29.888333,27.302112,91.007040,0.018257|1.660818,-2.697888,29.888277,27.302112,91.007040,0.018257
 85|1.680852,-3.295013,29.818499|1.680822,-3.295180,29.828371,26.704820,89.016067,0.018257|1.680822,-3.295180,29.828314,26.704820,89.016067,0.018257
 86|1.700862,-3.890986,29.746600|1.700825,-3.891153,29.756470,26.108847,87.029492,0.018257|1.700825,-3.891153,29.756412,26.108847,87.029492,0.018257
 87|1.720872,-4.485401,29.662791|1.720829,-4.485567,29.672658,25.514433,85.048109,0.018257|1.720829,-4.485567,29.672600,25.514433,85.048110,0.018257
 88|1.740883,-5.078020,29.567105|1.740832,-5.078186,29.576970,24.921814,83.072714,0.018257|1.740833,-5.078186,29.576911,24.921814,83.072714,0.018257
 89|1.760893,-5.668606,29.459581|1.760836,-5.668771,29.469444,24.331229,81.104096,0.018257|1.760836,-5.668771,29.469383,24.331229,81.104096,0.018257
 90|1.780903,-6.256922,29.340261|1.780840,-6.257087,29.350122,23.742913,79.143044,0.018257|1.780840,-6.257087,29.350060,23.742913,79.143044,0.018257
 91|1.800913,-6.842733,29.209194|1.800843,-6.842897,29.219052,23.157103,77.190342,0.018257|1.800844,-6.842897,29.218989,23.157103,77.190343,0.018257
 92|1.820923,-7.425805,29.066431|1.820847,-7.425968,29.076287,22.574032,75.246774,0.018257|1.820848,-7.425968,29.076223,22.574032,75.246775,0.018257
 93|1.840933,-8.005903,28.912031|1.840851,-8.006065,28.921885,21.993935,73.313117,0.018257|1.840851,-8.006065,28.921820,21.993935,73.313117,0.018257
 94|1.860943,-8.582795,28.746054|1.860855,-8.582957,28.755906,21.417043,71.390144,0.018257|1.860855,-8.582956,28.755840,21.417044,71.390145,0.018257
 95|1.880954,-9.156251,28.568568|1.880858,-9.156412,28.578417,20.843588,69.478627,0.018257|1.880859,-9.156411,28.578350,20.843589,69.478628,0.018257
 96|1.900964,-9.726041,28.379643|1.900862,-9.726201,28.389490,20.273799,67.579331,0.018257|1.900863,-9.726200,28.389422,20.273800,67.579332,0.018257
 97|1.920974,-10.291937,28.179355|1.920866,-10.292095,28.189200,19.707905,65.693015,0.018257|1.920867,-10.292095,28.189131,19.707905,65.693017,0.018257
 98|1.940984,-10.853712,27.967784|1.940870,-10.853869,27.977627,19.146131,63.820436,0.018257|1.940871,-10.853869,27.977557,19.146131,63.820437,0.018257
 99|1.960994,-11.411141,27.745015|1.960874,-11.411297,27.754856,18.588703,61.962343,0.018257|1.960875,-11.411297,27.754785,18.588703,61.962344,0.018257
100|1.981004,-11.964001,27.511137|1.980878,-11.964156,27.520976,18.035844,60.119479,0.018257|1.980879,-11.964156,27.520904,18.035844,60.119481,0.018257
101|2.001014,-12.512071,27.266244|2.000882,-12.512225,27.276081,17.487775,58.292584,0.018257|2.000883,-12.512224,27.276008,17.487776,58.292586,0.018257
102|2.021025,-13.055131,27.010434|2.020887,-13.055284,27.020269,16.944716,56.482388,0.018257|2.020888,-13.055283,27.020195,16.944717,56.482390,0.018257
103|2.041035,-13.592964,26.743809|2.040891,-13.593115,26.753642,16.406885,54.689616,0.018257|2.040892,-13.593115,26.753567,16.406885,54.689618,0.018257
104|2.061045,-14.125355,26.466476|2.060895,-14.125504,26.476307,15.874496,52.914986,0.018257|2.060896,-14.125504,26.476231,15.874496,52.914988,0.018257
105|2.081055,-14.652090,26.178546|2.080899,-14.652238,26.188375,15.347762,51.159208,0.018257|2.080901,-14.652237,26.188298,15.347763,51.159211,0.018257
106|2.101065,-15.172958,25.880134|2.100904,-15.173104,25.889961,14.826896,49.422986,0.018257|2.100905,-15.173103,25.889883,14.826897,49.422989,0.018257
107|2.121075,-15.687751,25.571360|2.120908,-15.687896,25.581185,14.312104,47.707014,0.018257|2.120910,-15.687895,25.581107,14.312105,47.707018,0.018257
108|2.141085,-16.196263,25.252348|2.140913,-16.196406,25.262171,13.803594,46.011980,0.018257|2.140914,-16.196405,25.262091,13.803595,46.011984,0.018257
109|2.161096,-16.698290,24.923224|2.160917,-16.698431,24.933046,13.301569,44.338563,0.018257|2.160919,-16.698430,24.932965,13.301570,44.338567,0.018257
110|2.181106,-17.193631,24.584122|2.180922,-17.193770,24.593941,12.806230,42.687432,0.018257|2.180924,-17.193769,24.593860,12.806231,42.687436,0.018257
111|2.201116,-17.682088,24.235176|2.200927,-17.682225,24.244994,12.317775,41.059249,0.018257|2.200928,-17.682224,24.244912,12.317776,41.059253,0.018257
112|2.221126,-18.163465,23.876527|2.220932,-18.163601,23.886343,11.836399,39.454665,0.018257|2.220933,-18.163599,23.886260,11.836401,39.454669,0.018257
113|2.241136,-18.637570,23.508318|2.240936,-18.637703,23.518132,11.362297,37.874322,0.018257|2.240938,-18.637702,23.518048,11.362298,37.874327,0.018257
114|2.261146,-19.104212,23.130696|2.260941,-19.104344,23.140508,10.895656,36.318855,0.018257|2.260943,-19.104342,23.140423,10.895658,36.318860,0.018257
115|2.281156,-19.563205,22.743813|2.280947,-19.563335,22.753623,10.436665,34.788885,0.018257|2.280948,-19.563333,22.753537,10.436667,34.788890,0.018257
116|2.301167,-20.014365,22.347823|2.300952,-20.014493,22.357632,9.985507,33.285025,0.018257|2.300954,-20.014491,22.357545,9.985509,33.285031,0.018257
117|2.321177,-20.457512,21.942885|2.320957,-20.457637,21.952693,9.542363,31.807877,0.018257|2.320959,-20.457635,21.952605,9.542365,31.807883,0.018257
118|2.341187,-20.892467,21.529162|2.340962,-20.892590,21.538968,9.107410,30.358033,0.018257|2.340964,-20.892588,21.538880,9.107412,30.358039,0.018257
119|2.361197,-21.319057,21.106819|2.360968,-21.319178,21.116623,8.680822,28.936072,0.018257|2.360970,-21.319176,21.116534,8.680824,28.936079,0.018257
120|2.381207,-21.737112,20.676024|2.380973,-21.737230,20.685827,8.262770,27.542566,0.018257|2.380975,-21.737228,20.685737,8.262772,27.542573,0.018257
121|2.401217,-22.146463,20.236951|2.400979,-22.146579,20.246752,7.853421,26.178070,0.018257|2.400981,-22.146577,20.246662,7.853423,26.178078,0.018257
122|2.421227,-22.546946,19.789775|2.420985,-22.547060,19.799575,7.452940,24.843133,0.018257|2.420987,-22.547058,19.799484,7.452942,24.843141,0.018257
123|2.441238,-22.938402,19.334676|2.440990,-22.938514,19.344474,7.061486,23.538287,0.018257|2.440993,-22.938511,19.344382,7.061489,23.538296,0.018257
124|2.461248,-23.320674,18.871835|2.460996,-23.320783,18.881632,6.679217,22.264057,0.018257|2.460999,-23.320780,18.881539,6.679220,22.264065,0.018257
125|2.481258,-23.693608,18.401438|2.481002,-23.693715,18.411234,6.306285,21.020951,0.018257|2.481005,-23.693712,18.411140,6.306288,21.020960,0.018257
126|2.501268,-24.057056,17.923674|2.501008,-24.057160,17.933467,5.942840,19.809468,0.018257|2.501011,-24.057157,17.933373,5.942843,19.809477,0.018257
127|2.521278,-24.410871,17.438732|2.521015,-24.410972,17.448525,5.589028,18.630092,0.018257|2.521017,-24.410969,17.448430,5.589031,18.630102,0.018257
128|2.541288,-24.754912,16.946809|2.541021,-24.755011,16.956600,5.244989,17.483297,0.018257|2.541023,-24.755008,16.956505,5.244992,17.483307,0.018257
129|2.561298,-25.089042,16.448100|2.561027,-25.089138,16.457890,4.910862,16.369540,0.018257|2.561030,-25.089135,16.457794,4.910865,16.369551,0.018257
130|2.581309,-25.413126,15.942805|2.581034,-25.413219,15.952594,4.586781,15.289269,0.018257|2.581037,-25.413216,15.952497,4.586784,15.289280,0.018257
131|2.601319,-25.727035,15.431127|2.601041,-25.727126,15.440915,4.272874,14.242915,0.018257|2.601043,-25.727122,15.440817,4.272878,14.242926,0.018257
132|2.621329,-26.030643,14.913270|2.621047,-26.030731,14.923057,3.969269,13.230897,0.018257|2.621050,-26.030727,14.922959,3.969273,13.230909,0.018257
133|2.641339,-26.323828,14.389443|2.641054,-26.323914,14.399228,3.676086,12.253621,0.018257|2.641057,-26.323910,14.399130,3.676090,12.253633,0.018257
134|2.661349,-26.606474,13.859853|2.661061,-26.606557,13.869638,3.393443,11.311478,0.018257|2.661064,-26.606553,13.869539,3.393447,11.311491,0.018257
135|2.681359,-26.878467,13.324715|2.681068,-26.878546,13.334498,3.121454,10.404846,0.018257|2.681071,-26.878542,13.334399,3.121458,10.404859,0.018257
136|2.701369,-27.139697,12.784241|2.701076,-27.139774,12.794024,2.860226,9.534086,0.018257|2.701079,-27.139770,12.793924,2.860230,9.534100,0.018257
137|2.721380,-27.390062,12.238649|2.721083,-27.390135,12.248430,2.609865,8.699549,0.018257|2.721086,-27.390131,12.248330,2.609869,8.699563,0.018257
138|2.741390,-27.629459,11.688156|2.741090,-27.629530,11.697937,2.370470,7.901567,0.018257|2.741093,-27.629526,11.697836,2.370474,7.901581,0.018257
139|2.761400,-27.857794,11.132984|2.761098,-27.857862,11.142764,2.142138,7.140461,0.018257|2.761101,-27.857857,11.142662,2.142143,7.140476,0.018257
140|2.781410,-28.074975,10.573354|2.781106,-28.075039,10.583133,1.924961,6.416535,0.018257|2.781109,-28.075035,10.583031,1.924965,6.416550,0.018257
141|2.801420,-28.280914,10.009490|2.801114,-28.280976,10.019268,1.719024,5.730079,0.018257|2.801117,-28.280971,10.019166,1.719029,5.730095,0.018257
142|2.821430,-28.475530,9.441619|2.821122,-28.475589,9.451396,1.524411,5.081369,0.018257|2.821125,-28.475585,9.451294,1.524415,5.081385,0.018257
143|2.841440,-28.658745,8.869967|2.841130,-28.658801,8.879744,1.341199,4.470663,0.018257|2.841133,-28.658796,8.879641,1.341204,4.470679,0.018257
144|2.861451,-28.830485,8.294764|2.861138,-28.830538,8.304540,1.169462,3.898206,0.018257|2.861141,-28.830533,8.304437,1.169467,3.898223,0.018257
145|2.881461,-28.990682,7.716240|2.881146,-28.990732,7.726016,1.009268,3.364227,0.018257|2.881150,-28.990727,7.725912,1.009273,3.364245,0.018257
146|2.901471,-29.139271,7.134626|2.901155,-29.139318,7.144401,0.860682,2.868941,0.018257|2.901158,-29.139312,7.144298,0.860688,2.868959,0.018257
147|2.921481,-29.276193,6.550156|2.921163,-29.276236,6.559930,0.723764,2.412545,0.018257|2.921167,-29.276231,6.559826,0.723769,2.412564,0.018257
148|2.941491,-29.401393,5.963063|2.941172,-29.401433,5.972837,0.598567,1.995223,0.018257|2.941176,-29.401427,5.972733,0.598573,1.995242,0.018257
149|2.961501,-29.514820,5.373582|2.961181,-29.514858,5.383356,0.485142,1.617141,0.018257|2.961184,-29.514852,5.383251,0.485148,1.617161,0.018257
150|2.981511,-29.616431,4.781950|2.981190,-29.616465,4.791723,0.383535,1.278451,0.018257|2.981193,-29.616459,4.791619,0.383541,1.278471,0.018257
151|3.001522,-29.706183,4.188403|3.001199,-29.706214,4.198176,0.293786,0.979288,0.018257|3.001203,-29.706207,4.198071,0.293793,0.979308,0.018257
152|3.021532,-29.784040,3.593179|3.021208,-29.784068,3.602952,0.215932,0.719772,0.018257|3.021212,-29.784062,3.602847,0.215938,0.719793,0.018257
153|3.041542,-29.849973,2.996517|3.041218,-29.849998,3.006289,0.150002,0.500007,0.018257|3.041221,-29.849991,3.006184,0.150009,0.500029,0.018257
154|3.061552,-29.903954,2.398654|3.061227,-29.903975,2.408427,0.096025,0.320082,0.018257|3.061231,-29.903969,2.408322,0.096031,0.320104,0.018257
155|3.081562,-29.945961,1.799832|3.081237,-29.945980,1.809604,0.054020,0.180067,0.018257|3.081241,-29.945973,1.809499,0.054027,0.180090,0.018257
156|3.101572,-29.975979,1.200288|3.101247,-29.975994,1.210060,0.024006,0.080020,0.018257|3.101250,-29.975987,1.209955,0.024013,0.080043,0.018257
157|3.121583,-29.993994,0.600264|3.121257,-29.994006,0.610036,0.005994,0.019979,0.018257|3.121260,-29.993999,0.609931,0.006001,0.020003,0.018257
158|3.141593,-30.000000,0.000000|3.141267,-30.000009,0.009772,0.000009,0.000030,0.018257|3.141270,-30.000002,0.009667,0.000002,0.000006,0.018257
159|3.161603,-29.993994,-0.600264|3.161277,-29.994000,-0.590492,0.006000,0.020001,0.018257|3.161281,-29.993992,-0.590597,0.006008,0.020025,0.018257
160|3.181613,-29.975979,-1.200288|3.181287,-29.975981,-1.190516,0.024019,0.080062,0.018257|3.181291,-29.975974,-1.190621,0.024026,0.080087,0.018257
161|3.201623,-29.945961,-1.799832|3.201298,-29.945961,-1.790059,0.054039,0.180131,0.018257|3.201301,-29.945953,-1.790164,0.054047,0.180156,0.018257
162|3.221633,-29.903954,-2.398654|3.221309,-29.903950,-2.388882,0.096050,0.320167,0.018257|3.221312,-29.903942,-2.388987,0.096058,0.320193,0.018257
163|3.241643,-29.849973,-2.996517|3.241319,-29.849966,-2.986744,0.150034,0.500113,0.018257|3.241323,-29.849958,-2.986849,0.150042,0.500140,0.018257
164|3.261654,-29.784040,-3.593179|3.261330,-29.784030,-3.583406,0.215970,0.719899,0.018257|3.261334,-29.784022,-3.583511,0.215978,0.719926,0.018257
165|3.281664,-29.706183,-4.188403|3.281341,-29.706169,-4.178630,0.293831,0.979436,0.018257|3.281345,-29.706161,-4.178734,0.293839,0.979463,0.018257
166|3.301674,-29.616431,-4.781950|3.301352,-29.616414,-4.772176,0.383586,1.278620,0.018257|3.301356,-29.616406,-4.772281,0.383594,1.278648,0.018257
167|3.321684,-29.514820,-5.373582|3.321364,-29.514801,-5.363808,0.485199,1.617331,0.018257|3.321367,-29.514792,-5.363912,0.485208,1.617360,0.018257
168|3.341694,-29.401393,-5.963063|3.341375,-29.401370,-5.953288,0.598630,1.995434,0.018257|3.341378,-29.401361,-5.953392,0.598639,1.995463,0.018257
169|3.361704,-29.276193,-6.550156|3.361386,-29.276167,-6.540381,0.723833,2.412777,0.018257|3.361390,-29.276158,-6.540485,0.723842,2.412807,0.018257
170|3.381714,-29.139271,-7.134626|3.381398,-29.139242,-7.124851,0.860758,2.869193,0.018257|3.381402,-29.139233,-7.124954,0.860767,2.869223,0.018257
171|3.401725,-28.990682,-7.716240|3.401410,-28.990650,-7.706464,1.009350,3.364500,0.018257|3.401413,-28.990641,-7.706567,1.009359,3.364531,0.018257
172|3.421735,-28.830485,-8.294764|3.421422,-28.830450,-8.284988,1.169550,3.898499,0.018257|3.421425,-28.830441,-8.285091,1.169559,3.898530,0.018257
173|3.441745,-28.658745,-8.869967|3.441434,-28.658707,-8.860190,1.341293,4.470976,0.018257|3.441437,-28.658698,-8.860293,1.341302,4.471008,0.018257
174|3.461755,-28.475530,-9.441619|3.461446,-28.475489,-9.431841,1.524511,5.081702,0.018257|3.461449,-28.475480,-9.431943,1.524520,5.081734,0.018257
175|3.481765,-28.280914,-10.009490|3.481458,-28.280870,-9.999712,1.719130,5.730433,0.018257|3.481462,-28.280860,-9.999814,1.719140,5.730466,0.018257
176|3.501775,-28.074975,-10.573354|3.501471,-28.074927,-10.563574,1.925073,6.416909,0.018257|3.501474,-28.074917,-10.563676,1.925083,6.416942,0.018257
177|3.521785,-27.857794,-11.132984|3.521483,-27.857744,-11.123204,2.142256,7.140855,0.018257|3.521487,-27.857734,-11.123305,2.142266,7.140888,0.018257
178|3.541796,-27.629459,-11.688156|3.541496,-27.629406,-11.678375,2.370594,7.901980,0.018257|3.541499,-27.629396,-11.678476,2.370604,7.902014,0.018257
179|3.561806,-27.390062,-12.238649|3.561509,-27.390006,-12.228867,2.609994,8.699981,0.018257|3.561512,-27.389995,-12.228967,2.610005,8.700016,0.018257
180|3.581816,-27.139697,-12.784241|3.581522,-27.139639,-12.774459,2.860361,9.534538,0.018257|3.581525,-27.139628,-12.774558,2.860372,9.534573,0.018257
181|3.601826,-26.878467,-13.324715|3.601535,-26.878405,-13.314931,3.121595,10.405317,0.018257|3.601538,-26.878394,-13.315031,3.121606,10.405352,0.018257
182|3.621836,-26.606474,-13.859853|3.621548,-26.606409,-13.850069,3.393591,11.311968,0.018257|3.621551,-26.606399,-13.850168,3.393601,11.312004,0.018257
183|3.641846,-26.323828,-14.389443|3.641561,-26.323761,-14.379657,3.676239,12.254130,0.018257|3.641564,-26.323750,-14.379755,3.676250,12.254166,0.018257
184|3.661856,-26.030643,-14.913270|3.661574,-26.030573,-14.903484,3.969427,13.231425,0.018257|3.661577,-26.030562,-14.903581,3.969438,13.231461,0.018257
185|3.681867,-25.727035,-15.431127|3.681588,-25.726962,-15.421339,4.273038,14.243460,0.018257|3.681591,-25.726951,-15.421436,4.273049,14.243497,0.018257
186|3.701877,-25.413126,-15.942805|3.701602,-25.413050,-15.933016,4.586950,15.289833,0.018257|3.701605,-25.413039,-15.933113,4.586961,15.289870,0.018257
187|3.721887,-25.089042,-16.448100|3.721615,-25.088963,-16.438309,4.911037,16.370122,0.018257|3.721618,-25.088952,-16.438405,4.911048,16.370160,0.018257
188|3.741897,-24.754912,-16.946809|3.741629,-24.754831,-16.937017,5.245169,17.483896,0.018257|3.741632,-24.754820,-16.937113,5.245180,17.483934,0.018257
189|3.761907,-24.410871,-17.438732|3.761643,-24.410787,-17.428940,5.589213,18.630709,0.018257|3.761646,-24.410776,-17.429034,5.589224,18.630748,0.018257
190|3.781917,-24.057056,-17.923674|3.781657,-24.056969,-17.913880,5.943031,19.810102,0.018257|3.781660,-24.056958,-17.913974,5.943042,19.810141,0.018257
191|3.801927,-23.693608,-18.401438|3.801671,-23.693519,-18.391643,6.306481,21.021602,0.018257|3.801674,-23.693508,-18.391736,6.306492,21.021641,0.018257
192|3.821938,-23.320674,-18.871835|3.821686,-23.320583,-18.862039,6.679417,22.264724,0.018257|3.821688,-23.320571,-18.862131,6.679429,22.264764,0.018257
193|3.841948,-22.938402,-19.334676|3.841700,-22.938309,-19.324878,7.061691,23.538972,0.018257|3.841703,-22.938297,-19.324970,7.061703,23.539011,0.018257
194|3.861958,-22.546946,-19.789775|3.861714,-22.546850,-19.779976,7.453150,24.843833,0.018257|3.861717,-22.546838,-19.780067,7.453162,24.843873,0.018257
195|3.881968,-22.146463,-20.236951|3.881729,-22.146364,-20.227150,7.853636,26.178786,0.018257|3.881731,-22.146352,-20.227241,7.853648,26.178827,0.018257
196|3.901978,-21.737112,-20.676024|3.901744,-21.737011,-20.666222,8.262989,27.543297,0.018257|3.901746,-21.736999,-20.666311,8.263001,27.543338,0.018257
197|3.921988,-21.319057,-21.106819|3.921758,-21.318954,-21.097014,8.681046,28.936819,0.018257|3.921761,-21.318942,-21.097104,8.681058,28.936861,0.018257
198|3.941998,-20.892467,-21.529162|3.941773,-20.892362,-21.519356,9.107638,30.358794,0.018257|3.941776,-20.892349,-21.519445,9.107651,30.358836,0.018257
199|3.962009,-20.457512,-21.942885|3.961788,-20.457404,-21.933078,9.542596,31.808653,0.018257|3.961791,-20.457391,-21.933166,9.542609,31.808695,0.018257
200|3.982019,-20.014365,-22.347823|3.981803,-20.014255,-22.338014,9.985745,33.285816,0.018257|3.981805,-20.014243,-22.338101,9.985757,33.285858,0.018257
201|4.002029,-19.563205,-22.743813|4.001818,-19.563093,-22.734002,10.436907,34.789690,0.018257|4.001821,-19.563080,-22.734088,10.436920,34.789732,0.018257
202|4.022039,-19.104212,-23.130696|4.021834,-19.104098,-23.120883,10.895902,36.319674,0.018257|4.021836,-19.104085,-23.120968,10.895915,36.319716,0.018257
203|4.042049,-18.637570,-23.508318|4.041849,-18.637454,-23.498504,11.362546,37.875155,0.018257|4.041851,-18.637441,-23.498588,11.362559,37.875198,0.018257
204|4.062059,-18.163465,-23.876527|4.061864,-18.163347,-23.866711,11.836653,39.455510,0.018257|4.061866,-18.163334,-23.866794,11.836666,39.455553,0.018257
205|4.082069,-17.682088,-24.235176|4.081880,-17.681968,-24.225359,12.318032,41.060107,0.018257|4.081882,-17.681955,-24.225441,12.318045,41.060150,0.018257
206|4.102080,-17.193631,-24.584122|4.101895,-17.193509,-24.574302,12.806491,42.688302,0.018257|4.101897,-17.193496,-24.574384,12.806504,42.688346,0.018257
207|4.122090,-16.698290,-24.923224|4.121911,-16.698166,-24.913403,13.301834,44.339445,0.018257|4.121913,-16.698153,-24.913484,13.301847,44.339490,0.018257
208|4.142100,-16.196263,-25.252348|4.141927,-16.196138,-25.242525,13.803862,46.012874,0.018257|4.141928,-16.196124,-25.242604,13.803876,46.012919,0.018257
209|4.162110,-15.687751,-25.571360|4.161942,-15.687624,-25.561535,14.312376,47.707920,0.018257|4.161944,-15.687611,-25.561614,14.312389,47.707964,0.018257
210|4.182120,-15.172958,-25.880134|4.181958,-15.172829,-25.870307,14.827171,49.423902,0.018257|4.181960,-15.172816,-25.870385,14.827184,49.423947,0.018257
211|4.202130,-14.652090,-26.178546|4.201974,-14.651960,-26.168717,15.348040,51.160135,0.018257|4.201976,-14.651946,-26.168794,15.348054,51.160180,0.018257
212|4.222140,-14.125355,-26.466476|4.221990,-14.125223,-26.456645,15.874777,52.915923,0.018257|4.221992,-14.125210,-26.456721,15.874790,52.915968,0.018257
213|4.242151,-13.592964,-26.743809|4.242006,-13.592831,-26.733976,16.407169,54.690563,0.018257|4.242008,-13.592818,-26.734051,16.407182,54.690608,0.018257
214|4.262161,-13.055131,-27.010434|4.262022,-13.054997,-27.000599,16.945003,56.483344,0.018257|4.262024,-13.054983,-27.000673,16.945017,56.483390,0.018257
215|4.282171,-12.512071,-27.266244|4.282038,-12.511935,-27.256407,17.488065,58.293549,0.018257|4.282040,-12.511921,-27.256480,17.488079,58.293595,0.018257
216|4.302181,-11.964001,-27.511137|4.302054,-11.963864,-27.501298,18.036136,60.120453,0.018257|4.302056,-11.963850,-27.501370,18.036150,60.120500,0.018257
217|4.322191,-11.411141,-27.745015|4.322071,-11.411002,-27.735174,18.588998,61.963325,0.018257|4.322072,-11.410989,-27.735245,18.589011,61.963371,0.018257
218|4.342201,-10.853712,-27.967784|4.342087,-10.853572,-27.957941,19.146428,63.821426,0.018257|4.342088,-10.853558,-27.958011,19.146442,63.821473,0.018257
219|4.362211,-10.291937,-28.179355|4.362103,-10.291796,-28.169509,19.708204,65.694013,0.018257|4.362104,-10.291782,-28.169578,19.708218,65.694060,0.018257
220|4.382222,-9.726041,-28.379643|4.382120,-9.725899,-28.369795,20.274101,67.580336,0.018257|4.382121,-9.725885,-28.369863,20.274115,67.580383,0.018257
221|4.402232,-9.156251,-28.568568|4.402136,-9.156108,-28.558718,20.843892,69.479639,0.018257|4.402137,-9.156094,-28.558785,20.843906,69.479686,0.018257
222|4.422242,-8.582795,-28.746054|4.422153,-8.582651,-28.736202,21.417349,71.391162,0.018257|4.422154,-8.582637,-28.736268,21.417363,71.391209,0.018257
223|4.442252,-8.005903,-28.912031|4.442169,-8.005758,-28.902177,21.994242,73.314140,0.018257|4.442170,-8.005744,-28.902242,21.994256,73.314188,0.018257
224|4.462262,-7.425805,-29.066431|4.462186,-7.425659,-29.056575,22.574341,75.247803,0.018257|4.462187,-7.425645,-29.056639,22.574355,75.247851,0.018257
225|4.482272,-6.842733,-29.209194|4.482202,-6.842587,-29.199335,23.157413,77.191377,0.018257|4.482203,-6.842573,-29.199398,23.157427,77.191424,0.018257
226|4.502282,-6.256922,-29.340261|4.502219,-6.256775,-29.330401,23.743225,79.144083,0.018257|4.502220,-6.256761,-29.330462,23.743239,79.144130,0.018257
227|4.522293,-5.668606,-29.459581|4.522235,-5.668458,-29.449718,24.331542,81.105139,0.018257|4.522236,-5.668444,-29.449779,24.331556,81.105187,0.018257
228|4.542303,-5.078020,-29.567105|4.542252,-5.077872,-29.557240,24.922128,83.073761,0.018257|4.542253,-5.077857,-29.557300,24.922143,83.073809,0.018257
229|4.562313,-4.485401,-29.662791|4.562269,-4.485252,-29.652924,25.514748,85.049160,0.018257|4.562269,-4.485238,-29.652983,25.514762,85.049208,0.018257
230|4.582323,-3.890986,-29.746600|4.582285,-3.890837,-29.736731,26.109163,87.030545,0.018257|4.582286,-3.890822,-29.736788,26.109178,87.030593,0.018257
231|4.602333,-3.295013,-29.818499|4.602302,-3.294863,-29.808627,26.705137,89.017123,0.018257|4.602303,-3.294849,-29.808684,26.705151,89.017171,0.018257
232|4.622343,-2.697720,-29.878459|4.622319,-2.697571,-29.868585,27.302429,91.008098,0.018257|4.622319,-2.697556,-29.868640,27.302444,91.008146,0.018257
233|4.642353,-2.099348,-29.926455|4.642335,-2.099198,-29.916579,27.900802,93.002674,0.018257|4.642336,-2.099183,-29.916634,27.900817,93.002722,0.018257
234|4.662364,-1.500135,-29.962470|4.662352,-1.499985,-29.952591,28.500015,95.000051,0.018257|4.662353,-1.499970,-29.952645,28.500030,95.000099,0.018257
235|4.682374,-0.900321,-29.986487|4.682369,-0.900171,-29.976606,29.099829,96.999430,0.018257|4.682369,-0.900156,-29.976659,29.099844,96.999479,0.018257
236|4.702384,-0.300147,-29.998498|4.702386,-0.299997,-29.988615,29.700003,99.000011,0.018257|4.702386,-0.299982,-29.988667,29.700018,99.000059,0.018257
237|4.722394,0.300147,-29.998498|4.722402,0.300298,-29.988613,29.699702,98.999008,0.018257|4.722403,0.300312,-29.988663,29.699688,98.998960,0.018257
238|4.742404,0.900321,-29.986487|4.742419,0.900472,-29.976600,29.099528,96.998428,0.018257|4.742420,0.900486,-29.976649,29.099514,96.998379,0.018257
239|4.762414,1.500135,-29.962470|4.762436,1.500285,-29.952580,28.499715,94.999050,0.018257|4.762436,1.500300,-29.952628,28.499700,94.999001,0.018257
240|4.782424,2.099348,-29.926455|4.782453,2.099498,-29.916563,27.900502,93.001674,0.018257|4.782453,2.099513,-29.916610,27.900487,93.001625,0.018257
241|4.802435,2.697720,-29.878459|4.802469,2.697870,-29.868564,27.302130,91.007100,0.018257|4.802470,2.697885,-29.868610,27.302115,91.007051,0.018257
242|4.822445,3.295013,-29.818499|4.822486,3.295162,-29.808602,26.704838,89.016126,0.018257|4.822486,3.295177,-29.808647,26.704823,89.016078,0.018257
243|4.842455,3.890986,-29.746600|4.842503,3.891135,-29.736701,26.108865,87.029551,0.018257|4.842503,3.891149,-29.736745,26.108851,87.029502,0.018257
244|4.862465,4.485401,-29.662791|4.862519,4.485549,-29.652890,25.514451,85.048169,0.018257|4.862520,4.485564,-29.652933,25.514436,85.048120,0.018257
245|4.882475,5.078020,-29.567105|4.882536,5.078168,-29.557202,24.921832,83.072774,0.018257|4.882536,5.078183,-29.557244,24.921817,83.072725,0.018257
246|4.902485,5.668606,-29.459581|4.902553,5.668753,-29.449675,24.331247,81.104156,0.018257|4.902553,5.668768,-29.449716,24.331232,81.104107,0.018257
247|4.922495,6.256922,-29.340261|4.922569,6.257069,-29.330353,23.742931,79.143104,0.018257|4.922569,6.257083,-29.330393,23.742917,79.143055,0.018257
248|4.942506,6.842733,-29.209194|4.942586,6.842879,-29.199283,23.157121,77.190403,0.018257|4.942586,6.842894,-29.199322,23.157106,77.190354,0.018257
249|4.962516,7.425805,-29.066431|4.962602,7.425950,-29.056519,22.574050,75.246834,0.018257|4.962602,7.425964,-29.056557,22.574036,75.246786,0.018257
250|4.982526,8.005903,-28.912031|4.982619,8.006047,-28.902116,21.993953,73.313177,0.018257|4.982619,8.006062,-28.902153,21.993938,73.313128,0.018257
251|5.002536,8.582795,-28.746054|5.002635,8.582939,-28.736137,21.417061,71.390205,0.018257|5.002635,8.582953,-28.736173,21.417047,71.390156,0.018257
252|5.022546,9.156251,-28.568568|5.022652,9.156394,-28.558649,20.843606,69.478688,0.018257|5.022652,9.156408,-28.558683,20.843592,69.478639,0.018257
253|5.042556,9.726041,-28.379643|5.042668,9.726183,-28.369721,20.273817,67.579392,0.018257|5.042668,9.726197,-28.369755,20.273803,67.579343,0.018257
254|5.062567,10.291937,-28.179355|5.062684,10.292077,-28.169431,19.707923,65.693076,0.018257|5.062684,10.292092,-28.169464,19.707908,65.693027,0.018257
255|5.082577,10.853712,-27.967784|5.082701,10.853851,-27.957858,19.146149,63.820497,0.018257|5.082701,10.853866,-27.957890,19.146134,63.820448,0.018257
256|5.102587,11.411141,-27.745015|5.102717,11.411279,-27.735087,18.588721,61.962404,0.018257|5.102717,11.411293,-27.735118,18.588707,61.962355,0.018257
257|5.122597,11.964001,-27.511137|5.122733,11.964138,-27.501207,18.035862,60.119541,0.018257|5.122733,11.964152,-27.501237,18.035848,60.119492,0.018257
258|5.142607,12.512071,-27.266244|5.142749,12.512206,-27.256312,17.487794,58.292645,0.018257|5.142749,12.512221,-27.256341,17.487779,58.292597,0.018257
259|5.162617,13.055131,-27.010434|5.162765,13.055265,-27.000500,16.944735,56.482449,0.018257|5.162765,13.055280,-27.000528,16.944720,56.482401,0.018257
260|5.182627,13.592964,-26.743809|5.182781,13.593097,-26.733873,16.406903,54.689678,0.018257|5.182781,13.593111,-26.733900,16.406889,54.689629,0.018257
261|5.202638,14.125355,-26.466476|5.202797,14.125486,-26.456538,15.874514,52.915048,0.018257|5.202797,14.125500,-26.456564,15.874500,52.914999,0.018257
262|5.222648,14.652090,-26.178546|5.222813,14.652219,-26.168606,15.347781,51.159270,0.018257|5.222813,14.652233,-26.168631,15.347767,51.159222,0.018257
263|5.242658,15.172958,-25.880134|5.242829,15.173086,-25.870192,14.826914,49.423048,0.018257|5.242829,15.173100,-25.870216,14.826900,49.423000,0.018257
264|5.262668,15.687751,-25.571360|5.262845,15.687877,-25.561416,14.312123,47.707077,0.018257|5.262845,15.687891,-25.561440,14.312109,47.707029,0.018257
265|5.282678,16.196263,-25.252348|5.282861,16.196387,-25.242401,13.803613,46.012043,0.018257|5.282861,16.196401,-25.242424,13.803599,46.011995,0.018257
266|5.302688,16.698290,-24.923224|5.302876,16.698412,-24.913276,13.301588,44.338626,0.018257|5.302876,16.698427,-24.913298,13.301573,44.338578,0.018257
267|5.322698,17.193631,-24.584122|5.322892,17.193751,-24.574172,12.806249,42.687496,0.018257|5.322892,17.193766,-24.574193,12.806234,42.687447,0.018257
268|5.342709,17.682088,-24.235176|5.342907,17.682206,-24.225224,12.317794,41.059312,0.018257|5.342907,17.682221,-24.225245,12.317779,41.059264,0.018257
269|5.362719,18.163465,-23.876527|5.362923,18.163581,-23.866573,11.836419,39.454728,0.018257|5.362923,18.163596,-23.866593,11.836404,39.454680,0.018257
270|5.382729,18.637570,-23.508318|5.382938,18.637684,-23.498362,11.362316,37.874387,0.018257|5.382938,18.637698,-23.498381,11.362302,37.874338,0.018257
271|5.402739,19.104212,-23.130696|5.402953,19.104324,-23.120738,10.895676,36.318919,0.018257|5.402953,19.104339,-23.120756,10.895661,36.318871,0.018257
272|5.422749,19.563205,-22.743813|5.422968,19.563315,-22.733853,10.436685,34.788950,0.018257|5.422968,19.563330,-22.733870,10.436670,34.788901,0.018257
273|5.442759,20.014365,-22.347823|5.442983,20.014473,-22.337862,9.985527,33.285090,0.018257|5.442983,20.014488,-22.337878,9.985512,33.285042,0.018257
274|5.462769,20.457512,-21.942885|5.462998,20.457617,-21.932923,9.542383,31.807942,0.018257|5.462998,20.457632,-21.932938,9.542368,31.807894,0.018257
275|5.482780,20.892467,-21.529162|5.483013,20.892571,-21.519198,9.107429,30.358098,0.018257|5.483013,20.892585,-21.519213,9.107415,30.358050,0.018257
276|5.502790,21.319057,-21.106819|5.503028,21.319159,-21.096853,8.680841,28.936138,0.018257|5.503028,21.319173,-21.096867,8.680827,28.936090,0.018257
277|5.522800,21.737112,-20.676024|5.523043,21.737210,-20.666056,8.262790,27.542632,0.018257|5.523043,21.737225,-20.666070,8.262775,27.542584,0.018257
278|5.542810,22.146463,-20.236951|5.543058,22.146559,-20.226982,7.853441,26.178137,0.018257|5.543058,22.146573,-20.226995,7.853427,26.178089,0.018257
279|5.562820,22.546946,-19.789775|5.563072,22.547040,-19.779805,7.452960,24.843200,0.018257|5.563072,22.547054,-19.779817,7.452946,24.843152,0.018257
280|5.582830,22.938402,-19.334676|5.583086,22.938494,-19.324704,7.061506,23.538355,0.018257|5.583086,22.938508,-19.324715,7.061492,23.538307,0.018257
281|5.602840,23.320674,-18.871835|5.603101,23.320763,-18.861861,6.679237,22.264124,0.018257|5.603101,23.320777,-18.861872,6.679223,22.264076,0.018257
282|5.622851,23.693608,-18.401438|5.623115,23.693694,-18.391463,6.306306,21.021019,0.018257|5.623115,23.693709,-18.391473,6.306291,21.020971,0.018257
283|5.642861,24.057056,-17.923674|5.643129,24.057139,-17.913697,5.942861,19.809536,0.018257|5.643129,24.057154,-17.913706,5.942846,19.809488,0.018257
284|5.662871,24.410871,-17.438732|5.663143,24.410952,-17.428754,5.589048,18.630161,0.018257|5.663143,24.410966,-17.428763,5.589034,18.630113,0.018257
285|5.682881,24.754912,-16.946809|5.683157,24.754990,-16.936829,5.245010,17.483366,0.018257|5.683157,24.755005,-16.936838,5.244995,17.483318,0.018257
286|5.702891,25.089042,-16.448100|5.703171,25.089117,-16.438119,4.910883,16.369609,0.018257|5.703171,25.089131,-16.438127,4.910869,16.369562,0.018257
287|5.722901,25.413126,-15.942805|5.723184,25.413199,-15.932823,4.586801,15.289338,0.018257|5.723185,25.413213,-15.932830,4.586787,15.289291,0.018257
288|5.742911,25.727035,-15.431127|5.743198,25.727105,-15.421144,4.272895,14.242985,0.018257|5.743198,25.727119,-15.421150,4.272881,14.242937,0.018257
289|5.762922,26.030643,-14.913270|5.763211,26.030710,-14.903286,3.969290,13.230968,0.018257|5.763212,26.030724,-14.903292,3.969276,13.230920,0.018257
290|5.782932,26.323828,-14.389443|5.783225,26.323892,-14.379457,3.676108,12.253692,0.018257|5.783225,26.323907,-14.379463,3.676093,12.253644,0.018257
291|5.802942,26.606474,-13.859853|5.803238,26.606535,-13.849867,3.393465,11.311550,0.018257|5.803238,26.606549,-13.849872,3.393451,11.311502,0.018257
292|5.822952,26.878467,-13.324715|5.823251,26.878525,-13.314727,3.121475,10.404917,0.018257|5.823251,26.878539,-13.314732,3.121461,10.404870,0.018257
293|5.842962,27.139697,-12.784241|5.843264,27.139752,-12.774252,2.860248,9.534158,0.018257|5.843264,27.139767,-12.774257,2.860233,9.534111,0.018257
294|5.862972,27.390062,-12.238649|5.863277,27.390114,-12.228659,2.609886,8.699621,0.018257|5.863277,27.390128,-12.228663,2.609872,8.699574,0.018257
295|5.882982,27.629459,-11.688156|5.883290,27.629508,-11.678165,2.370492,7.901640,0.018257|5.883290,27.629522,-11.678169,2.370478,7.901592,0.018257
296|5.902993,27.857794,-11.132984|5.903302,27.857840,-11.122992,2.142160,7.140534,0.018257|5.903303,27.857854,-11.122995,2.142146,7.140487,0.018257
297|5.923003,28.074975,-10.573354|5.923315,28.075017,-10.563361,1.924983,6.416609,0.018257|5.923315,28.075032,-10.563364,1.924968,6.416561,0.018257
298|5.943013,28.280914,-10.009490|5.943327,28.280954,-9.999497,1.719046,5.730154,0.018257|5.943327,28.280968,-9.999499,1.719032,5.730106,0.018257
299|5.963023,28.475530,-9.441619|5.963340,28.475567,-9.431625,1.524433,5.081443,0.018257|5.963340,28.475581,-9.431627,1.524419,5.081396,0.018257
300|5.983033,28.658745,-8.869967|5.983352,28.658779,-8.859972,1.341221,4.470738,0.018257|5.983352,28.658793,-8.859974,1.341207,4.470690,0.018257
301|6.003043,28.830485,-8.294764|6.003364,28.830516,-8.284769,1.169484,3.898282,0.018257|6.003364,28.830530,-8.284770,1.169470,3.898234,0.018257
302|6.023053,28.990682,-7.716240|6.023376,28.990709,-7.706244,1.009291,3.364304,0.018257|6.023376,28.990723,-7.706245,1.009277,3.364256,0.018257
303|6.043064,29.139271,-7.134626|6.043387,29.139295,-7.124629,0.860705,2.869018,0.018257|6.043388,29.139309,-7.124631,0.860691,2.868970,0.018257
304|6.063074,29.276193,-6.550156|6.063399,29.276213,-6.540159,0.723787,2.412623,0.018257|6.063399,29.276227,-6.540160,0.723773,2.412575,0.018257
305|6.083084,29.401393,-5.963063|6.083411,29.401410,-5.953065,0.598590,1.995301,0.018257|6.083411,29.401424,-5.953066,0.598576,1.995253,0.018257
306|6.103094,29.514820,-5.373582|6.103422,29.514834,-5.363584,0.485166,1.617219,0.018257|6.103422,29.514848,-5.363584,0.485152,1.617172,0.018257
307|6.123104,29.616431,-4.781950|6.123433,29.616441,-4.771951,0.383559,1.278529,0.018257|6.123433,29.616455,-4.771952,0.383545,1.278482,0.018257
308|6.143114,29.706183,-4.188403|6.143444,29.706190,-4.178404,0.293810,0.979367,0.018257|6.143444,29.706204,-4.178404,0.293796,0.979320,0.018257
309|6.163124,29.784040,-3.593179|6.163455,29.784044,-3.583180,0.215956,0.719852,0.018257|6.163455,29.784059,-3.583180,0.215941,0.719804,0.018257
310|6.183135,29.849973,-2.996517|6.183466,29.849974,-2.986517,0.150026,0.500088,0.018257|6.183466,29.849988,-2.986517,0.150012,0.500040,0.018257
311|6.203145,29.903954,-2.398654|6.203477,29.903951,-2.388655,0.096049,0.320162,0.018257|6.203477,29.903966,-2.388655,0.096034,0.320115,0.018257
312|6.223155,29.945961,-1.799832|6.223488,29.945956,-1.789832,0.054044,0.180148,0.018257|6.223488,29.945970,-1.789832,0.054030,0.180101,0.018257
313|6.243165,29.975979,-1.200288|6.243498,29.975970,-1.190288,0.024030,0.080101,0.018257|6.243498,29.975984,-1.190288,0.024016,0.080054,0.018257
314|6.263175,29.993994,-0.600264|6.263508,29.993982,-0.590264,0.006018,0.020062,0.018257|6.263508,29.993996,-0.590264,0.006004,0.020014,0.018257
