OneBody4_E-0.10_plotinterval0.010_ecc0.0_RK4.txt
initial value : [x, y, v_x, v_y] = [45.00,0.00,0.00,0.45] , numerical interval dt = 0.02000 , [M, m] = [ 9, 1]

num|given_position|geodesic|newtonian
num| degree1, x1, y1 | degree2, x2, y2, simple error, relative error, d(rho) | degree2, x2, y2, simple error, relative error, dt
  1|0.000000,45.000000,0.000000|0.000222,44.999999,0.010000,0.000001,0.000002,0.022361|0.000222,44.999999,0.010000,0.000001,0.000002,0.022361
  2|0.020010,44.990991,0.900396|0.020232,44.990988,0.910396,0.009012,0.020027,0.022361|0.020232,44.990988,0.910396,0.009012,0.020027,0.022361
  3|0.040020,44.963968,1.800432|0.040242,44.963963,1.810432,0.036037,0.080083,0.022361|0.040242,44.963963,1.810432,0.036037,0.080083,0.022361
  4|0.060030,44.918942,2.699747|0.060252,44.918934,2.709747,0.081066,0.180146,0.022361|0.060252,44.918934,2.709747,0.081066,0.180146,0.022361
  5|0.080041,44.855931,3.597981|0.080262,44.855921,3.607981,0.144079,0.320176,0.022361|0.080262,44.855921,3.607981,0.144079,0.320176,0.022361
  6|0.100051,44.774960,4.494775|0.100272,44.774947,4.504774,0.225053,0.500117,0.022361|0.100272,44.774947,4.504774,0.225053,0.500117,0.022361
  7|0.120061,44.676061,5.389769|0.120282,44.676046,5.399768,0.323954,0.719897,0.022361|0.120282,44.676046,5.399768,0.323954,0.719897,0.022361
  8|0.140071,44.559274,6.282604|0.140291,44.559257,6.292603,0.440743,0.979428,0.022361|0.140291,44.559257,6.292603,0.440743,0.979428,0.022361
  9|0.160081,44.424646,7.172925|0.160301,44.424627,7.182923,0.575373,1.278607,0.022361|0.160301,44.424627,7.182923,0.575373,1.278607,0.022361
 10|0.180091,44.272230,8.060373|0.180310,44.272209,8.070371,0.727791,1.617312,0.022361|0.180310,44.272209,8.070371,0.727791,1.617312,0.022361
 11|0.200101,44.102089,8.944594|0.200319,44.102066,8.954592,0.897934,1.995410,0.022361|0.200319,44.102066,8.954592,0.897934,1.995410,0.022361
 12|0.220112,43.914289,9.825233|0.220329,43.914264,9.835231,1.085736,2.412747,0.022361|0.220329,43.914264,9.835231,1.085736,2.412747,0.022361
 13|0.240122,43.708906,10.701939|0.240338,43.708879,10.711936,1.291121,2.869158,0.022361|0.240338,43.708879,10.711936,1.291121,2.869158,0.022361
 14|0.260132,43.486023,11.574360|0.260347,43.485993,11.584357,1.514007,3.364459,0.022361|0.260347,43.485993,11.584356,1.514007,3.364459,0.022361
 15|0.280142,43.245728,12.442146|0.280356,43.245696,12.452143,1.754304,3.898453,0.022361|0.280356,43.245696,12.452142,1.754304,3.898453,0.022361
 16|0.300152,42.988118,13.304951|0.300365,42.988084,13.314947,2.011916,4.470924,0.022361|0.300365,42.988084,13.314946,2.011916,4.470924,0.022361
 17|0.320162,42.713296,14.162428|0.320373,42.713260,14.172424,2.286740,5.081645,0.022361|0.320373,42.713260,14.172423,2.286740,5.081645,0.022361
 18|0.340172,42.421371,15.014235|0.340382,42.421333,15.024230,2.578667,5.730371,0.022361|0.340382,42.421333,15.024229,2.578667,5.730371,0.022361
 19|0.360183,42.112462,15.860030|0.360391,42.112422,15.870025,2.887578,6.416841,0.022361|0.360391,42.112422,15.870023,2.887578,6.416841,0.022361
 20|0.380193,41.786691,16.699475|0.380399,41.786648,16.709469,3.213352,7.140781,0.022361|0.380399,41.786648,16.709468,3.213352,7.140781,0.022361
 21|0.400203,41.444189,17.532234|0.400408,41.444144,17.542227,3.555856,7.901902,0.022361|0.400408,41.444144,17.542225,3.555856,7.901902,0.022361
 22|0.420213,41.085092,18.357973|0.420416,41.085046,18.367965,3.914954,8.699898,0.022361|0.420416,41.085046,18.367963,3.914954,8.699898,0.022361
 23|0.440223,40.709546,19.176362|0.440424,40.709498,19.186353,4.290502,9.534449,0.022361|0.440424,40.709498,19.186351,4.290502,9.534449,0.022361
 24|0.460233,40.317700,19.987072|0.460433,40.317650,19.997063,4.682350,10.405223,0.022361|0.460433,40.317650,19.997061,4.682350,10.405223,0.022361
 25|0.480243,39.909711,20.789780|0.480441,39.909659,20.799770,5.090341,11.311869,0.022361|0.480441,39.909659,20.799767,5.090341,11.311869,0.022361
 26|0.500254,39.485743,21.584164|0.500449,39.485688,21.594153,5.514312,12.254026,0.022361|0.500449,39.485688,21.594150,5.514312,12.254026,0.022361
 27|0.520264,39.045964,22.369905|0.520457,39.045908,22.379894,5.954092,13.231315,0.022361|0.520457,39.045908,22.379891,5.954092,13.231315,0.022361
 28|0.540274,38.590552,23.146690|0.540465,38.590494,23.156678,6.409506,14.243346,0.022361|0.540465,38.590494,23.156674,6.409506,14.243346,0.022361
 29|0.560284,38.119689,23.914207|0.560473,38.119629,23.924194,6.880371,15.289714,0.022361|0.560473,38.119629,23.924190,6.880371,15.289714,0.022361
 30|0.580294,37.633563,24.672149|0.580480,37.633501,24.682135,7.366499,16.369998,0.022361|0.580480,37.633501,24.682131,7.366499,16.369998,0.022361
 31|0.600304,37.132368,25.420213|0.600488,37.132304,25.430197,7.867696,17.483768,0.022361|0.600488,37.132304,25.430194,7.867696,17.483768,0.022361
 32|0.620314,36.616306,26.158098|0.620496,36.616241,26.168082,8.383759,18.630576,0.022361|0.620496,36.616241,26.168078,8.383759,18.630576,0.022361
 33|0.640325,36.085584,26.885510|0.640503,36.085516,26.895493,8.914484,19.809964,0.022361|0.640503,36.085516,26.895488,8.914484,19.809964,0.022361
 34|0.660335,35.540412,27.602157|0.660511,35.540343,27.612139,9.459657,21.021460,0.022361|0.660511,35.540343,27.612134,9.459657,21.021460,0.022361
 35|0.680345,34.981011,28.307753|0.680518,34.980940,28.317733,10.019060,22.264578,0.022361|0.680518,34.980940,28.317728,10.019060,22.264578,0.022361
 36|0.700355,34.407603,29.002014|0.700526,34.407531,29.011993,10.592469,23.538820,0.022361|0.700526,34.407531,29.011988,10.592469,23.538821,0.022361
 37|0.720365,33.820419,29.684663|0.720533,33.820345,29.694641,11.179655,24.843678,0.022361|0.720533,33.820345,29.694636,11.179655,24.843678,0.022361
 38|0.740375,33.219694,30.355427|0.740540,33.219618,30.365404,11.780382,26.178627,0.022361|0.740540,33.219618,30.365398,11.780382,26.178627,0.022361
 39|0.760385,32.605668,31.014036|0.760547,32.605590,31.024012,12.394410,27.543133,0.022361|0.760547,32.605590,31.024006,12.394410,27.543134,0.022361
 40|0.780396,31.978586,31.660228|0.780554,31.978507,31.670202,13.021493,28.936651,0.022361|0.780554,31.978507,31.670196,13.021493,28.936651,0.022361
 41|0.800406,31.338701,32.293743|0.800561,31.338620,32.303716,13.661380,30.358622,0.022361|0.800561,31.338620,32.303709,13.661380,30.358623,0.022361
 42|0.820416,30.686267,32.914328|0.820568,30.686185,32.924300,14.313815,31.808477,0.022361|0.820568,30.686185,32.924293,14.313815,31.808478,0.022361
 43|0.840426,30.021548,33.521734|0.840575,30.021464,33.531705,14.978536,33.285636,0.022361|0.840575,30.021464,33.531697,14.978536,33.285636,0.022361
 44|0.860436,29.344807,34.115719|0.860582,29.344722,34.125688,15.655278,34.789506,0.022361|0.860582,29.344722,34.125680,15.655278,34.789506,0.022361
 45|0.880446,28.656318,34.696044|0.880589,28.656231,34.706011,16.343769,36.319486,0.022361|0.880589,28.656231,34.706003,16.343769,36.319486,0.022361
 46|0.900456,27.956354,35.262476|0.900596,27.956266,35.272443,17.043734,37.874964,0.022361|0.900595,27.956266,35.272434,17.043734,37.874964,0.022361
 47|0.920467,27.245197,35.814790|0.920602,27.245108,35.824755,17.754892,39.455315,0.022361|0.920602,27.245108,35.824747,17.754892,39.455316,0.022361
 48|0.940477,26.523132,36.352764|0.940609,26.523041,36.362728,18.476959,41.059909,0.022361|0.940609,26.523041,36.362719,18.476959,41.059909,0.022361
 49|0.960487,25.790446,36.876183|0.960615,25.790354,36.886145,19.209646,42.688101,0.022361|0.960615,25.790354,36.886136,19.209646,42.688101,0.022361
 50|0.980497,25.047435,37.384837|0.980622,25.047342,37.394797,19.952658,44.339241,0.022361|0.980622,25.047341,37.394787,19.952659,44.339241,0.022361
 51|1.000507,24.294394,37.878522|1.000628,24.294300,37.888481,20.705700,46.012667,0.022361|1.000628,24.294300,37.888471,20.705700,46.012667,0.022361
 52|1.020517,23.531627,38.357040|1.020635,23.531531,38.366998,21.468469,47.707709,0.022361|1.020635,23.531531,38.366987,21.468469,47.707709,0.022361
 53|1.040528,22.759437,38.820201|1.040641,22.759340,38.830157,22.240660,49.423688,0.022361|1.040641,22.759340,38.830146,22.240660,49.423689,0.022361
 54|1.060538,21.978135,39.267819|1.060648,21.978037,39.277774,23.021963,51.159918,0.022361|1.060647,21.978037,39.277762,23.021963,51.159919,0.022361
 55|1.080548,21.188032,39.699714|1.080654,21.187933,39.709667,23.812067,52.915703,0.022361|1.080654,21.187933,39.709655,23.812067,52.915704,0.022361
 56|1.100558,20.389447,40.115713|1.100660,20.389347,40.125665,24.610653,54.690341,0.022361|1.100660,20.389347,40.125653,24.610653,54.690341,0.022361
 57|1.120568,19.582697,40.515651|1.120666,19.582596,40.525601,25.417404,56.483120,0.022361|1.120666,19.582596,40.525588,25.417404,56.483120,0.022361
 58|1.140578,18.768107,40.899366|1.140672,18.768005,40.909315,26.231995,58.293322,0.022361|1.140672,18.768005,40.909302,26.231995,58.293323,0.022361
 59|1.160588,17.946002,41.266706|1.160679,17.945899,41.276653,27.054101,60.120224,0.022361|1.160678,17.945899,41.276639,27.054101,60.120225,0.022361
 60|1.180599,17.116712,41.617523|1.180685,17.116608,41.627468,27.883392,61.963093,0.022361|1.180685,17.116608,41.627454,27.883392,61.963094,0.022361
 61|1.200609,16.280568,41.951676|1.200691,16.280463,41.961619,28.719537,63.821193,0.022361|1.200691,16.280463,41.961605,28.719537,63.821193,0.022361
 62|1.220619,15.437905,42.269032|1.220697,15.437800,42.278974,29.562200,65.693777,0.022361|1.220697,15.437800,42.278959,29.562200,65.693778,0.022361
 63|1.240629,14.589062,42.569464|1.240703,14.588956,42.579404,30.411044,67.580098,0.022361|1.240703,14.588956,42.579389,30.411044,67.580099,0.022361
 64|1.260639,13.734377,42.852852|1.260709,13.734270,42.862790,31.265730,69.479400,0.022361|1.260709,13.734270,42.862774,31.265730,69.479400,0.022361
 65|1.280649,12.874193,43.119081|1.280715,12.874085,43.129018,32.125915,71.390921,0.022361|1.280715,12.874085,43.129002,32.125915,71.390922,0.022361
 66|1.300659,12.008854,43.368046|1.300721,12.008746,43.377981,32.991254,73.313898,0.022361|1.300721,12.008746,43.377965,32.991254,73.313898,0.022361
 67|1.320670,11.138707,43.599647|1.320726,11.138598,43.609580,33.861402,75.247559,0.022361|1.320726,11.138598,43.609563,33.861402,75.247560,0.022361
 68|1.340680,10.264100,43.813791|1.340732,10.263991,43.823722,34.736009,77.191131,0.022361|1.340732,10.263991,43.823705,34.736009,77.191132,0.022361
 69|1.360690,9.385383,44.010392|1.360738,9.385274,44.020322,35.614726,79.143836,0.022361|1.360738,9.385274,44.020304,35.614726,79.143836,0.022361
 70|1.380700,8.502909,44.189371|1.380744,8.502799,44.199300,36.497201,81.104891,0.022361|1.380744,8.502799,44.199281,36.497201,81.104892,0.022361
 71|1.400710,7.617030,44.350658|1.400750,7.616920,44.360584,37.383080,83.073512,0.022361|1.400750,7.616919,44.360566,37.383081,83.073512,0.022361
 72|1.420720,6.728101,44.494187|1.420756,6.727991,44.504112,38.272009,85.048910,0.022361|1.420756,6.727990,44.504092,38.272010,85.048910,0.022361
 73|1.440730,5.836479,44.619900|1.440761,5.836368,44.629824,39.163632,87.030294,0.022361|1.440761,5.836367,44.629804,39.163633,87.030295,0.022361
 74|1.460741,4.942519,44.727749|1.460767,4.942408,44.737670,40.057592,89.016872,0.022361|1.460767,4.942408,44.737650,40.057592,89.016872,0.022361
 75|1.480751,4.046581,44.817688|1.480773,4.046469,44.827608,40.953531,91.007846,0.022361|1.480773,4.046469,44.827587,40.953531,91.007847,0.022361
 76|1.500761,3.149022,44.889683|1.500779,3.148910,44.899601,41.851090,93.002422,0.022361|1.500779,3.148910,44.899580,41.851090,93.002422,0.022361
 77|1.520771,2.250202,44.943705|1.520784,2.250091,44.953621,42.749909,94.999799,0.022361|1.520784,2.250090,44.953599,42.749910,94.999799,0.022361
 78|1.540781,1.350482,44.979731|1.540790,1.350370,44.989645,43.649630,96.999178,0.022361|1.540790,1.350370,44.989623,43.649630,96.999178,0.022361
 79|1.560791,0.450221,44.997748|1.560796,0.450109,45.007660,44.549891,98.999758,0.022361|1.560796,0.450109,45.007638,44.549891,98.999759,0.022361
 80|1.580801,-0.450221,44.997748|1.580802,-0.450333,45.007659,44.549667,98.999261,0.022361|1.580802,-0.450333,45.007636,44.549667,98.999260,0.022361
 81|1.600812,-1.350482,44.979731|1.600807,-1.350594,44.989640,43.649406,96.998680,0.022361|1.600807,-1.350594,44.989617,43.649406,96.998680,0.022361
 82|1.620822,-2.250202,44.943705|1.620813,-2.250314,44.953612,42.749686,94.999302,0.022361|1.620813,-2.250314,44.953588,42.749686,94.999301,0.022361
 83|1.640832,-3.149022,44.889683|1.640819,-3.149134,44.899589,41.850866,93.001925,0.022361|1.640819,-3.149134,44.899564,41.850866,93.001925,0.022361
 84|1.660842,-4.046581,44.817688|1.660825,-4.046692,44.827592,40.953308,91.007351,0.022361|1.660825,-4.046692,44.827567,40.953308,91.007350,0.022361
 85|1.680852,-4.942519,44.727749|1.680830,-4.942630,44.737651,40.057370,89.016377,0.022361|1.680830,-4.942631,44.737625,40.057369,89.016377,0.022361
 86|1.700862,-5.836479,44.619900|1.700836,-5.836590,44.629801,39.163410,87.029801,0.022361|1.700836,-5.836590,44.629775,39.163410,87.029800,0.022361
 87|1.720872,-6.728101,44.494187|1.720842,-6.728212,44.504086,38.271788,85.048418,0.022361|1.720842,-6.728212,44.504059,38.271788,85.048418,0.022361
 88|1.740883,-7.617030,44.350658|1.740848,-7.617140,44.360555,37.382860,83.073021,0.022361|1.740848,-7.617140,44.360528,37.382860,83.073021,0.022361
 89|1.760893,-8.502909,44.189371|1.760854,-8.503019,44.199267,36.496981,81.104402,0.022361|1.760854,-8.503019,44.199239,36.496981,81.104402,0.022361
 90|1.780903,-9.385383,44.010392|1.780859,-9.385493,44.020285,35.614507,79.143349,0.022361|1.780860,-9.385493,44.020258,35.614507,79.143349,0.022361
 91|1.800913,-10.264100,43.813791|1.800865,-10.264209,43.823683,34.735791,77.190647,0.022361|1.800865,-10.264209,43.823654,34.735791,77.190646,0.022361
 92|1.820923,-11.138707,43.599647|1.820871,-11.138815,43.609537,33.861185,75.247077,0.022361|1.820871,-11.138816,43.609508,33.861184,75.247077,0.022361
 93|1.840933,-12.008854,43.368046|1.840877,-12.008962,43.377935,32.991038,73.313418,0.022361|1.840877,-12.008962,43.377905,32.991038,73.313418,0.022361
 94|1.860943,-12.874193,43.119081|1.860883,-12.874300,43.128968,32.125700,71.390444,0.022361|1.860883,-12.874300,43.128938,32.125700,71.390444,0.022361
 95|1.880954,-13.734377,42.852852|1.880889,-13.734484,42.862737,31.265516,69.478925,0.022361|1.880889,-13.734484,42.862707,31.265516,69.478925,0.022361
 96|1.900964,-14.589062,42.569464|1.900895,-14.589168,42.579348,30.410832,67.579627,0.022361|1.900895,-14.589168,42.579317,30.410832,67.579627,0.022361
 97|1.920974,-15.437905,42.269032|1.920901,-15.438011,42.278914,29.561989,65.693309,0.022361|1.920901,-15.438011,42.278883,29.561989,65.693309,0.022361
 98|1.940984,-16.280568,41.951676|1.940907,-16.280672,41.961556,28.719328,63.820728,0.022361|1.940907,-16.280672,41.961525,28.719328,63.820728,0.022361
 99|1.960994,-17.116712,41.617523|1.960913,-17.116815,41.627401,27.883185,61.962632,0.022361|1.960913,-17.116815,41.627369,27.883185,61.962633,0.022361
100|1.981004,-17.946002,41.266706|1.980919,-17.946105,41.276583,27.053895,60.119767,0.022361|1.980919,-17.946105,41.276551,27.053895,60.119767,0.022361
101|2.001014,-18.768107,40.899366|2.000925,-18.768209,40.909242,26.231791,58.292869,0.022361|2.000925,-18.768209,40.909209,26.231791,58.292869,0.022361
102|2.021025,-19.582697,40.515651|2.020931,-19.582798,40.525525,25.417202,56.482670,0.022361|2.020931,-19.582798,40.525492,25.417202,56.482671,0.022361
103|2.041035,-20.389447,40.115713|2.040937,-20.389547,40.125586,24.610453,54.689896,0.022361|2.040938,-20.389547,40.125552,24.610453,54.689896,0.022361
104|2.061045,-21.188032,39.699714|2.060944,-21.188132,39.709585,23.811868,52.915263,0.022361|2.060944,-21.188131,39.709551,23.811869,52.915263,0.022361
105|2.081055,-21.978135,39.267819|2.080950,-21.978233,39.277688,23.021767,51.159483,0.022361|2.080950,-21.978233,39.277654,23.021767,51.159483,0.022361
106|2.101065,-22.759437,38.820201|2.100956,-22.759534,38.830069,22.240466,49.423257,0.022361|2.100957,-22.759534,38.830034,22.240466,49.423258,0.022361
107|2.121075,-23.531627,38.357040|2.120962,-23.531723,38.366907,21.468277,47.707283,0.022361|2.120963,-23.531722,38.366871,21.468278,47.707284,0.022361
108|2.141085,-24.294394,37.878522|2.140969,-24.294489,37.888387,20.705511,46.012246,0.022361|2.140969,-24.294489,37.888351,20.705511,46.012247,0.022361
109|2.161096,-25.047435,37.384837|2.160975,-25.047529,37.394700,19.952471,44.338825,0.022361|2.160976,-25.047528,37.394664,19.952472,44.338826,0.022361
110|2.181106,-25.790446,36.876183|2.180982,-25.790539,36.886045,19.209461,42.687691,0.022361|2.180982,-25.790539,36.886008,19.209461,42.687692,0.022361
111|2.201116,-26.523132,36.352764|2.200988,-26.523223,36.362625,18.476777,41.059504,0.022361|2.200989,-26.523223,36.362588,18.476777,41.059505,0.022361
112|2.221126,-27.245197,35.814790|2.220995,-27.245287,35.824650,17.754713,39.454917,0.022361|2.220995,-27.245287,35.824612,17.754713,39.454918,0.022361
113|2.241136,-27.956354,35.262476|2.241002,-27.956443,35.272334,17.043557,37.874571,0.022361|2.241002,-27.956443,35.272296,17.043557,37.874572,0.022361
114|2.261146,-28.656318,34.696044|2.261008,-28.656405,34.705900,16.343595,36.319100,0.022361|2.261009,-28.656405,34.705862,16.343595,36.319101,0.022361
115|2.281156,-29.344807,34.115719|2.281015,-29.344893,34.125574,15.655107,34.789126,0.022361|2.281016,-29.344893,34.125535,15.655107,34.789127,0.022361
116|2.301167,-30.021548,33.521734|2.301022,-30.021632,33.531588,14.978368,33.285262,0.022361|2.301022,-30.021631,33.531549,14.978369,33.285263,0.022361
117|2.321177,-30.686267,32.914328|2.321029,-30.686350,32.924181,14.313650,31.808110,0.022361|2.321029,-30.686350,32.924141,14.313650,31.808112,0.022361
118|2.341187,-31.338701,32.293743|2.341036,-31.338782,32.303595,13.661218,30.358262,0.022361|2.341036,-31.338781,32.303555,13.661219,30.358264,0.022361
119|2.361197,-31.978586,31.660228|2.361043,-31.978666,31.670078,13.021334,28.936298,0.022361|2.361043,-31.978665,31.670038,13.021335,28.936299,0.022361
120|2.381207,-32.605668,31.014036|2.381050,-32.605746,31.023885,12.394254,27.542787,0.022361|2.381050,-32.605745,31.023845,12.394255,27.542789,0.022361
121|2.401217,-33.219694,30.355427|2.401057,-33.219771,30.365275,11.780229,26.178287,0.022361|2.401058,-33.219770,30.365234,11.780230,26.178289,0.022361
122|2.421227,-33.820419,29.684663|2.421064,-33.820495,29.694510,11.179505,24.843345,0.022361|2.421065,-33.820494,29.694469,11.179506,24.843347,0.022361
123|2.441238,-34.407603,29.002014|2.441071,-34.407677,29.011860,10.592323,23.538495,0.022361|2.441072,-34.407676,29.011818,10.592324,23.538498,0.022361
124|2.461248,-34.981011,28.307753|2.461079,-34.981083,28.317597,10.018917,22.264260,0.022361|2.461079,-34.981082,28.317556,10.018918,22.264262,0.022361
125|2.481258,-35.540412,27.602157|2.481086,-35.540483,27.612001,9.459517,21.021150,0.022361|2.481087,-35.540481,27.611959,9.459519,21.021152,0.022361
126|2.501268,-36.085584,26.885510|2.501094,-36.085652,26.895353,8.914348,19.809662,0.022361|2.501094,-36.085651,26.895310,8.914349,19.809665,0.022361
127|2.521278,-36.616306,26.158098|2.521101,-36.616373,26.167940,8.383627,18.630282,0.022361|2.521102,-36.616372,26.167897,8.383628,18.630284,0.022361
128|2.541288,-37.132368,25.420213|2.541109,-37.132433,25.430053,7.867567,17.483481,0.022361|2.541109,-37.132432,25.430010,7.867568,17.483484,0.022361
129|2.561298,-37.633563,24.672149|2.561116,-37.633626,24.681989,7.366374,16.369720,0.022361|2.561117,-37.633625,24.681946,7.366375,16.369723,0.022361
130|2.581309,-38.119689,23.914207|2.581124,-38.119750,23.924046,6.880250,15.289443,0.022361|2.581125,-38.119749,23.924002,6.880251,15.289447,0.022361
131|2.601319,-38.590552,23.146690|2.601132,-38.590612,23.156528,6.409388,14.243084,0.022361|2.601133,-38.590611,23.156484,6.409389,14.243088,0.022361
132|2.621329,-39.045964,22.369905|2.621140,-39.046022,22.379742,5.953978,13.231062,0.022361|2.621141,-39.046021,22.379698,5.953979,13.231065,0.022361
133|2.641339,-39.485743,21.584164|2.641148,-39.485799,21.594000,5.514201,12.253781,0.022361|2.641149,-39.485797,21.593955,5.514203,12.253784,0.022361
134|2.661349,-39.909711,20.789780|2.661156,-39.909765,20.799615,5.090235,11.311633,0.022361|2.661157,-39.909764,20.799571,5.090236,11.311636,0.022361
135|2.681359,-40.317700,19.987072|2.681164,-40.317752,19.996907,4.682248,10.404995,0.022361|2.681165,-40.317751,19.996862,4.682249,10.404999,0.022361
136|2.701369,-40.709546,19.176362|2.701172,-40.709596,19.186195,4.290404,9.534230,0.022361|2.701173,-40.709595,19.186150,4.290405,9.534234,0.022361
137|2.721380,-41.085092,18.357973|2.721181,-41.085141,18.367806,3.914859,8.699687,0.022361|2.721181,-41.085139,18.367761,3.914861,8.699691,0.022361
138|2.741390,-41.444189,17.532234|2.741189,-41.444235,17.542066,3.555765,7.901700,0.022361|2.741190,-41.444233,17.542021,3.555767,7.901705,0.022361
139|2.761400,-41.786691,16.699475|2.761197,-41.786735,16.709307,3.213265,7.140589,0.022361|2.761198,-41.786733,16.709261,3.213267,7.140593,0.022361
140|2.781410,-42.112462,15.860030|2.781206,-42.112504,15.869861,2.887496,6.416658,0.022361|2.781207,-42.112502,15.869815,2.887498,6.416662,0.022361
141|2.801420,-42.421371,15.014235|2.801215,-42.421412,15.024065,2.578588,5.730196,0.022361|2.801216,-42.421409,15.024019,2.578591,5.730201,0.022361
142|2.821430,-42.713296,14.162428|2.821223,-42.713334,14.172258,2.286666,5.081480,0.022361|2.821224,-42.713332,14.172212,2.286668,5.081485,0.022361
143|2.841440,-42.988118,13.304951|2.841232,-42.988154,13.314780,2.011846,4.470768,0.022361|2.841233,-42.988152,13.314734,2.011848,4.470774,0.022361
144|2.861451,-43.245728,12.442146|2.861241,-43.245762,12.451975,1.754238,3.898306,0.022361|2.861242,-43.245760,12.451928,1.754240,3.898311,0.022361
145|2.881461,-43.486023,11.574360|2.881250,-43.486055,11.584188,1.513945,3.364322,0.022361|2.881251,-43.486053,11.584141,1.513947,3.364327,0.022361
146|2.901471,-43.708906,10.701939|2.901259,-43.708936,10.711767,1.291064,2.869030,0.022361|2.901260,-43.708934,10.711720,1.291066,2.869036,0.022361
147|2.921481,-43.914289,9.825233|2.921268,-43.914317,9.835061,1.085683,2.412629,0.022361|2.921269,-43.914314,9.835014,1.085686,2.412634,0.022361
148|2.941491,-44.102089,8.944594|2.941277,-44.102115,8.954421,0.897885,1.995301,0.022361|2.941278,-44.102112,8.954374,0.897888,1.995307,0.022361
149|2.961501,-44.272230,8.060373|2.961287,-44.272254,8.070200,0.727746,1.617213,0.022361|2.961288,-44.272251,8.070153,0.727749,1.617219,0.022361
150|2.981511,-44.424646,7.172925|2.981296,-44.424667,7.182751,0.575333,1.278517,0.022361|2.981297,-44.424665,7.182704,0.575335,1.278523,0.022361
151|3.001522,-44.559274,6.282604|3.001305,-44.559293,6.292431,0.440707,0.979348,0.022361|3.001307,-44.559290,6.292383,0.440710,0.979355,0.022361
152|3.021532,-44.676061,5.389769|3.021315,-44.676078,5.399595,0.323922,0.719827,0.022361|3.021316,-44.676075,5.399547,0.323925,0.719833,0.022361
153|3.041542,-44.774960,4.494775|3.041325,-44.774975,4.504601,0.225025,0.500056,0.022361|3.041326,-44.774972,4.504553,0.225028,0.500063,0.022361
154|3.061552,-44.855931,3.597981|3.061334,-44.855944,3.607807,0.144056,0.320125,0.022361|3.061335,-44.855941,3.607760,0.144059,0.320132,0.022361
155|3.081562,-44.918942,2.699747|3.081344,-44.918953,2.709573,0.081047,0.180104,0.022361|3.081345,-44.918950,2.709525,0.081050,0.180111,0.022361
156|3.101572,-44.963968,1.800432|3.101354,-44.963977,1.810258,0.036023,0.080051,0.022361|3.101355,-44.963974,1.810210,0.036026,0.080058,0.022361
157|3.121583,-44.990991,0.900396|3.121364,-44.990998,0.910222,0.009002,0.020005,0.022361|3.121365,-44.990995,0.910174,0.009005,0.020012,0.022361
158|3.141593,-45.000000,0.000000|3.141374,-45.000005,0.009825,0.000005,0.000010,0.022361|3.141375,-45.000001,0.009778,0.000001,0.000002,0.022361
159|3.161603,-44.990991,-0.900396|3.161384,-44.990994,-0.890571,0.009006,0.020014,0.022361|3.161386,-44.990990,-0.890618,0.009010,0.020022,0.022361
160|3.181613,-44.963968,-1.800432|3.181395,-44.963969,-1.790607,0.036031,0.080070,0.022361|3.181396,-44.963965,-1.790654,0.036035,0.080078,0.022361
161|3.201623,-44.918942,-2.699747|3.201405,-44.918940,-2.689922,0.081060,0.180133,0.022361|3.201406,-44.918937,-2.689969,0.081063,0.180141,0.022361
162|3.221633,-44.855931,-3.597981|3.221416,-44.855927,-3.588156,0.144073,0.320163,0.022361|3.221417,-44.855923,-3.588203,0.144077,0.320171,0.022361
163|3.241643,-44.774960,-4.494775|3.241426,-44.774953,-4.484949,0.225047,0.500104,0.022361|3.241427,-44.774950,-4.484996,0.225050,0.500112,0.022361
164|3.261654,-44.676061,-5.389769|3.261437,-44.676052,-5.379943,0.323948,0.719884,0.022361|3.261438,-44.676048,-5.379990,0.323952,0.719892,0.022361
165|3.281664,-44.559274,-6.282604|3.281447,-44.559263,-6.272778,0.440737,0.979415,0.022361|3.281449,-44.559259,-6.272825,0.440741,0.979424,0.022361
166|3.301674,-44.424646,-7.172925|3.301458,-44.424633,-7.163098,0.575367,1.278593,0.022361|3.301459,-44.424629,-7.163145,0.575371,1.278602,0.022361
167|3.321684,-44.272230,-8.060373|3.321469,-44.272216,-8.050546,0.727784,1.617298,0.022361|3.321470,-44.272212,-8.050593,0.727788,1.617307,0.022361
168|3.341694,-44.102089,-8.944594|3.341480,-44.102072,-8.934767,0.897928,1.995395,0.022361|3.341481,-44.102068,-8.934814,0.897932,1.995405,0.022361
169|3.361704,-43.914289,-9.825233|3.361491,-43.914270,-9.815406,1.085730,2.412733,0.022361|3.361492,-43.914266,-9.815453,1.085734,2.412742,0.022361
170|3.381714,-43.708906,-10.701939|3.381502,-43.708885,-10.692111,1.291115,2.869143,0.022361|3.381503,-43.708881,-10.692158,1.291119,2.869153,0.022361
171|3.401725,-43.486023,-11.574360|3.401514,-43.486000,-11.564531,1.514000,3.364445,0.022361|3.401515,-43.485996,-11.564578,1.514004,3.364454,0.022361
172|3.421735,-43.245728,-12.442146|3.421525,-43.245703,-12.432317,1.754297,3.898438,0.022361|3.421526,-43.245699,-12.432364,1.754301,3.898448,0.022361
173|3.441745,-42.988118,-13.304951|3.441536,-42.988091,-13.295122,2.011909,4.470909,0.022361|3.441537,-42.988086,-13.295168,2.011914,4.470919,0.022361
174|3.461755,-42.713296,-14.162428|3.461548,-42.713266,-14.152598,2.286734,5.081630,0.022361|3.461549,-42.713262,-14.152645,2.286738,5.081640,0.022361
175|3.481765,-42.421371,-15.014235|3.481559,-42.421340,-15.004405,2.578660,5.730355,0.022361|3.481560,-42.421335,-15.004451,2.578665,5.730366,0.022361
176|3.501775,-42.112462,-15.860030|3.501571,-42.112428,-15.850200,2.887572,6.416826,0.022361|3.501572,-42.112424,-15.850245,2.887576,6.416836,0.022361
177|3.521785,-41.786691,-16.699475|3.521583,-41.786655,-16.689644,3.213345,7.140766,0.022361|3.521584,-41.786651,-16.689690,3.213349,7.140776,0.022361
178|3.541796,-41.444189,-17.532234|3.541595,-41.444151,-17.522402,3.555849,7.901886,0.022361|3.541596,-41.444146,-17.522448,3.555854,7.901897,0.022361
179|3.561806,-41.085092,-18.357973|3.561607,-41.085053,-18.348140,3.914947,8.699882,0.022361|3.561607,-41.085048,-18.348186,3.914952,8.699893,0.022361
180|3.581816,-40.709546,-19.176362|3.581619,-40.709505,-19.166528,4.290495,9.534433,0.022361|3.581619,-40.709500,-19.166573,4.290500,9.534445,0.022361
181|3.601826,-40.317700,-19.987072|3.601631,-40.317657,-19.977238,4.682343,10.405207,0.022361|3.601632,-40.317652,-19.977283,4.682348,10.405218,0.022361
182|3.621836,-39.909711,-20.789780|3.621643,-39.909666,-20.779945,5.090334,11.311853,0.022361|3.621644,-39.909661,-20.779990,5.090339,11.311865,0.022361
183|3.641846,-39.485743,-21.584164|3.641655,-39.485696,-21.574328,5.514304,12.254010,0.022361|3.641656,-39.485690,-21.574372,5.514310,12.254021,0.022361
184|3.661856,-39.045964,-22.369905|3.661667,-39.045916,-22.360069,5.954084,13.231299,0.022361|3.661668,-39.045910,-22.360113,5.954090,13.231311,0.022361
185|3.681867,-38.590552,-23.146690|3.681680,-38.590502,-23.136853,6.409498,14.243330,0.022361|3.681681,-38.590496,-23.136897,6.409504,14.243342,0.022361
186|3.701877,-38.119689,-23.914207|3.701692,-38.119636,-23.904369,6.880364,15.289697,0.022361|3.701693,-38.119631,-23.904413,6.880369,15.289709,0.022361
187|3.721887,-37.633563,-24.672149|3.721705,-37.633508,-24.662310,7.366492,16.369981,0.022361|3.721705,-37.633503,-24.662353,7.366497,16.369993,0.022361
188|3.741897,-37.132368,-25.420213|3.741717,-37.132312,-25.410373,7.867688,17.483751,0.022361|3.741718,-37.132307,-25.410416,7.867693,17.483763,0.022361
189|3.761907,-36.616306,-26.158098|3.761730,-36.616248,-26.148257,8.383752,18.630559,0.022361|3.761731,-36.616243,-26.148300,8.383757,18.630571,0.022361
190|3.781917,-36.085584,-26.885510|3.781743,-36.085524,-26.875668,8.914476,19.809947,0.022361|3.781743,-36.085518,-26.875710,8.914482,19.809959,0.022361
191|3.801927,-35.540412,-27.602157|3.801755,-35.540351,-27.592314,9.459649,21.021442,0.022361|3.801756,-35.540345,-27.592356,9.459655,21.021455,0.022361
192|3.821938,-34.981011,-28.307753|3.821768,-34.980948,-28.297908,10.019052,22.264560,0.022361|3.821769,-34.980942,-28.297950,10.019058,22.264573,0.022361
193|3.841948,-34.407603,-29.002014|3.841781,-34.407539,-28.992169,10.592461,23.538803,0.022361|3.841782,-34.407533,-28.992210,10.592467,23.538816,0.022361
194|3.861958,-33.820419,-29.684663|3.861794,-33.820353,-29.674817,11.179647,24.843660,0.022361|3.861795,-33.820347,-29.674858,11.179653,24.843673,0.022361
195|3.881968,-33.219694,-30.355427|3.881807,-33.219626,-30.345579,11.780374,26.178609,0.022361|3.881808,-33.219620,-30.345620,11.780380,26.178622,0.022361
196|3.901978,-32.605668,-31.014036|3.901821,-32.605598,-31.004187,12.394402,27.543115,0.022361|3.901821,-32.605592,-31.004228,12.394408,27.543129,0.022361
197|3.921988,-31.978586,-31.660228|3.921834,-31.978515,-31.650378,13.021485,28.936633,0.022361|3.921835,-31.978509,-31.650418,13.021491,28.936647,0.022361
198|3.941998,-31.338701,-32.293743|3.941847,-31.338628,-32.283892,13.661372,30.358604,0.022361|3.941848,-31.338622,-32.283931,13.661378,30.358618,0.022361
199|3.962009,-30.686267,-32.914328|3.961860,-30.686193,-32.904475,14.313807,31.808459,0.022361|3.961861,-30.686187,-32.904515,14.313813,31.808473,0.022361
200|3.982019,-30.021548,-33.521734|3.981874,-30.021472,-33.511880,14.978528,33.285617,0.022361|3.981875,-30.021466,-33.511920,14.978534,33.285631,0.022361
201|4.002029,-29.344807,-34.115719|4.001887,-29.344731,-34.105864,15.655269,34.789488,0.022361|4.001888,-29.344724,-34.105902,15.655276,34.789501,0.022361
202|4.022039,-28.656318,-34.696044|4.021901,-28.656240,-34.686187,16.343760,36.319468,0.022361|4.021901,-28.656233,-34.686225,16.343767,36.319482,0.022361
203|4.042049,-27.956354,-35.262476|4.041914,-27.956275,-35.252619,17.043725,37.874945,0.022361|4.041915,-27.956268,-35.252657,17.043732,37.874959,0.022361
204|4.062059,-27.245197,-35.814790|4.061928,-27.245117,-35.804931,17.754883,39.455297,0.022361|4.061929,-27.245110,-35.804969,17.754890,39.455311,0.022361
205|4.082069,-26.523132,-36.352764|4.081942,-26.523050,-36.342904,18.476950,41.059890,0.022361|4.081942,-26.523043,-36.342941,18.476957,41.059904,0.022361
206|4.102080,-25.790446,-36.876183|4.101955,-25.790363,-36.866321,19.209637,42.688082,0.022361|4.101956,-25.790357,-36.866358,19.209643,42.688097,0.022361
207|4.122090,-25.047435,-37.384837|4.121969,-25.047350,-37.374973,19.952650,44.339222,0.022361|4.121970,-25.047344,-37.375009,19.952656,44.339236,0.022361
208|4.142100,-24.294394,-37.878522|4.141983,-24.294308,-37.868657,20.705692,46.012648,0.022361|4.141984,-24.294302,-37.868693,20.705698,46.012662,0.022361
209|4.162110,-23.531627,-38.357040|4.161997,-23.531540,-38.347174,21.468460,47.707690,0.022361|4.161998,-23.531533,-38.347210,21.468467,47.707704,0.022361
210|4.182120,-22.759437,-38.820201|4.182011,-22.759349,-38.810333,22.240651,49.423669,0.022361|4.182011,-22.759342,-38.810368,22.240658,49.423684,0.022361
211|4.202130,-21.978135,-39.267819|4.202025,-21.978045,-39.257949,23.021955,51.159899,0.022361|4.202025,-21.978039,-39.257984,23.021961,51.159914,0.022361
212|4.222140,-21.188032,-39.699714|4.222039,-21.187942,-39.689843,23.812058,52.915684,0.022361|4.222039,-21.187936,-39.689877,23.812064,52.915699,0.022361
213|4.242151,-20.389447,-40.115713|4.242053,-20.389355,-40.105841,24.610645,54.690321,0.022361|4.242053,-20.389349,-40.105875,24.610651,54.690336,0.022361
214|4.262161,-19.582697,-40.515651|4.262067,-19.582605,-40.505777,25.417395,56.483100,0.022361|4.262068,-19.582598,-40.505810,25.417402,56.483115,0.022361
215|4.282171,-18.768107,-40.899366|4.282081,-18.768014,-40.889491,26.231986,58.293303,0.022361|4.282082,-18.768007,-40.889524,26.231993,58.293318,0.022361
216|4.302181,-17.946002,-41.266706|4.302095,-17.945908,-41.256829,27.054092,60.120205,0.022361|4.302096,-17.945901,-41.256861,27.054099,60.120220,0.022361
217|4.322191,-17.116712,-41.617523|4.322110,-17.116617,-41.607644,27.883383,61.963074,0.022361|4.322110,-17.116610,-41.607676,27.883390,61.963089,0.022361
218|4.342201,-16.280568,-41.951676|4.342124,-16.280472,-41.941796,28.719528,63.821173,0.022361|4.342124,-16.280465,-41.941827,28.719535,63.821188,0.022361
219|4.362211,-15.437905,-42.269032|4.362138,-15.437809,-42.259150,29.562191,65.693758,0.022361|4.362138,-15.437802,-42.259181,29.562198,65.693773,0.022361
220|4.382222,-14.589062,-42.569464|4.382152,-14.588965,-42.559581,30.411035,67.580079,0.022361|4.382153,-14.588958,-42.559611,30.411042,67.580094,0.022361
221|4.402232,-13.734377,-42.852852|4.402167,-13.734279,-42.842966,31.265721,69.479380,0.022361|4.402167,-13.734272,-42.842997,31.265728,69.479395,0.022361
222|4.422242,-12.874193,-43.119081|4.422181,-12.874094,-43.109194,32.125906,71.390902,0.022361|4.422181,-12.874087,-43.109224,32.125913,71.390917,0.022361
223|4.442252,-12.008854,-43.368046|4.442195,-12.008755,-43.358158,32.991245,73.313878,0.022361|4.442196,-12.008748,-43.358187,32.991252,73.313893,0.022361
224|4.462262,-11.138707,-43.599647|4.462210,-11.138607,-43.589757,33.861393,75.247539,0.022361|4.462210,-11.138600,-43.589785,33.861400,75.247555,0.022361
225|4.482272,-10.264100,-43.813791|4.482224,-10.264000,-43.803899,34.736000,77.191112,0.022361|4.482225,-10.263993,-43.803927,34.736007,77.191127,0.022361
226|4.502282,-9.385383,-44.010392|4.502239,-9.385283,-44.000498,35.614717,79.143816,0.022361|4.502239,-9.385276,-44.000526,35.614724,79.143832,0.022361
227|4.522293,-8.502909,-44.189371|4.522253,-8.502808,-44.179476,36.497192,81.104871,0.022361|4.522254,-8.502801,-44.179503,36.497199,81.104887,0.022361
228|4.542303,-7.617030,-44.350658|4.542268,-7.616929,-44.340761,37.383071,83.073492,0.022361|4.542268,-7.616922,-44.340788,37.383078,83.073508,0.022361
229|4.562313,-6.728101,-44.494187|4.562282,-6.727999,-44.484288,38.272001,85.048890,0.022361|4.562282,-6.727992,-44.484314,38.272008,85.048906,0.022361
230|4.582323,-5.836479,-44.619900|4.582297,-5.836377,-44.610000,39.163623,87.030274,0.022361|4.582297,-5.836370,-44.610026,39.163630,87.030290,0.022361
231|4.602333,-4.942519,-44.727749|4.602311,-4.942417,-44.717847,40.057583,89.016852,0.022361|4.602311,-4.942410,-44.717872,40.057590,89.016867,0.022361
232|4.622343,-4.046581,-44.817688|4.622326,-4.046478,-44.807784,40.953522,91.007826,0.022361|4.622326,-4.046471,-44.807809,40.953529,91.007842,0.022361
233|4.642353,-3.149022,-44.889683|4.642340,-3.148919,-44.879778,41.851081,93.002402,0.022361|4.642341,-3.148912,-44.879802,41.851088,93.002417,0.022361
234|4.662364,-2.250202,-44.943705|4.662355,-2.250100,-44.933797,42.749900,94.999779,0.022361|4.662355,-2.250093,-44.933821,42.749907,94.999794,0.022361
235|4.682374,-1.350482,-44.979731|4.682369,-1.350379,-44.969822,43.649621,96.999158,0.022361|4.682370,-1.350372,-44.969845,43.649628,96.999173,0.022361
236|4.702384,-0.450221,-44.997748|4.702384,-0.450118,-44.987837,44.549882,98.999738,0.022361|4.702384,-0.450111,-44.987860,44.549889,98.999754,0.022361
237|4.722394,0.450221,-44.997748|4.722399,0.450324,-44.987835,44.549676,98.999281,0.022361|4.722399,0.450331,-44.987858,44.549669,98.999265,0.022361
238|4.742404,1.350482,-44.979731|4.742413,1.350585,-44.969817,43.649415,96.998700,0.022361|4.742413,1.350592,-44.969839,43.649408,96.998685,0.022361
239|4.762414,2.250202,-44.943705|4.762428,2.250305,-44.933789,42.749695,94.999322,0.022361|4.762428,2.250312,-44.933810,42.749688,94.999306,0.022361
240|4.782424,3.149022,-44.889683|4.782442,3.149125,-44.879765,41.850875,93.001945,0.022361|4.782442,3.149132,-44.879786,41.850868,93.001930,0.022361
241|4.802435,4.046581,-44.817688|4.802457,4.046683,-44.807769,40.953317,91.007371,0.022361|4.802457,4.046690,-44.807789,40.953310,91.007355,0.022361
242|4.822445,4.942519,-44.727749|4.822471,4.942621,-44.717827,40.057379,89.016397,0.022361|4.822471,4.942628,-44.717848,40.057372,89.016381,0.022361
243|4.842455,5.836479,-44.619900|4.842486,5.836581,-44.609977,39.163419,87.029821,0.022361|4.842486,5.836588,-44.609997,39.163412,87.029805,0.022361
244|4.862465,6.728101,-44.494187|4.862500,6.728203,-44.484262,38.271797,85.048438,0.022361|4.862500,6.728210,-44.484281,38.271790,85.048422,0.022361
245|4.882475,7.617030,-44.350658|4.882515,7.617131,-44.340731,37.382869,83.073042,0.022361|4.882515,7.617138,-44.340750,37.382862,83.073026,0.022361
246|4.902485,8.502909,-44.189371|4.902529,8.503010,-44.179443,36.496990,81.104423,0.022361|4.902529,8.503017,-44.179461,36.496983,81.104407,0.022361
247|4.922495,9.385383,-44.010392|4.922544,9.385484,-44.000462,35.614516,79.143369,0.022361|4.922544,9.385491,-44.000480,35.614509,79.143354,0.022361
248|4.942506,10.264100,-43.813791|4.942558,10.264200,-43.803859,34.735800,77.190667,0.022361|4.942558,10.264207,-43.803876,34.735793,77.190651,0.022361
249|4.962516,11.138707,-43.599647|4.962573,11.138806,-43.589713,33.861194,75.247097,0.022361|4.962573,11.138813,-43.589730,33.861187,75.247081,0.022361
250|4.982526,12.008854,-43.368046|4.982587,12.008953,-43.358111,32.991047,73.313438,0.022361|4.982587,12.008960,-43.358128,32.991040,73.313423,0.022361
251|5.002536,12.874193,-43.119081|5.002601,12.874291,-43.109144,32.125709,71.390464,0.022361|5.002601,12.874298,-43.109160,32.125702,71.390449,0.022361
252|5.022546,13.734377,-42.852852|5.022616,13.734474,-42.842913,31.265526,69.478946,0.022361|5.022616,13.734482,-42.842929,31.265518,69.478930,0.022361
253|5.042556,14.589062,-42.569464|5.042630,14.589159,-42.559524,30.410841,67.579647,0.022361|5.042630,14.589166,-42.559539,30.410834,67.579632,0.022361
254|5.062567,15.437905,-42.269032|5.062644,15.438002,-42.259090,29.561998,65.693330,0.022361|5.062644,15.438009,-42.259105,29.561991,65.693314,0.022361
255|5.082577,16.280568,-41.951676|5.082659,16.280663,-41.941732,28.719337,63.820748,0.022361|5.082659,16.280670,-41.941747,28.719330,63.820733,0.022361
256|5.102587,17.116712,-41.617523|5.102673,17.116806,-41.607577,27.883194,61.962653,0.022361|5.102673,17.116813,-41.607591,27.883187,61.962637,0.022361
257|5.122597,17.946002,-41.266706|5.122687,17.946096,-41.256759,27.053904,60.119787,0.022361|5.122687,17.946103,-41.256773,27.053897,60.119772,0.022361
258|5.142607,18.768107,-40.899366|5.142701,18.768200,-40.889418,26.231800,58.292890,0.022361|5.142701,18.768207,-40.889431,26.231793,58.292874,0.022361
259|5.162617,19.582697,-40.515651|5.162715,19.582789,-40.505701,25.417211,56.482691,0.022361|5.162715,19.582796,-40.505714,25.417204,56.482676,0.022361
260|5.182627,20.389447,-40.115713|5.182729,20.389538,-40.105762,24.610462,54.689917,0.022361|5.182729,20.389545,-40.105774,24.610455,54.689901,0.022361
261|5.202638,21.188032,-39.699714|5.202743,21.188122,-39.689761,23.811878,52.915284,0.022361|5.202743,21.188129,-39.689773,23.811871,52.915268,0.022361
262|5.222648,21.978135,-39.267819|5.222757,21.978223,-39.257864,23.021777,51.159503,0.022361|5.222757,21.978230,-39.257876,23.021770,51.159488,0.022361
263|5.242658,22.759437,-38.820201|5.242771,22.759525,-38.810245,22.240475,49.423278,0.022361|5.242771,22.759532,-38.810256,22.240468,49.423263,0.022361
264|5.262668,23.531627,-38.357040|5.262785,23.531713,-38.347083,21.468287,47.707304,0.022361|5.262785,23.531720,-38.347093,21.468280,47.707289,0.022361
265|5.282678,24.294394,-37.878522|5.282799,24.294480,-37.868562,20.705520,46.012267,0.022361|5.282799,24.294487,-37.868573,20.705513,46.012252,0.022361
266|5.302688,25.047435,-37.384837|5.302813,25.047519,-37.374876,19.952481,44.338847,0.022361|5.302813,25.047526,-37.374886,19.952474,44.338831,0.022361
267|5.322698,25.790446,-36.876183|5.322827,25.790529,-36.866221,19.209471,42.687712,0.022361|5.322827,25.790536,-36.866230,19.209464,42.687697,0.022361
268|5.342709,26.523132,-36.352764|5.342841,26.523213,-36.342801,18.476787,41.059526,0.022361|5.342841,26.523220,-36.342810,18.476780,41.059510,0.022361
269|5.362719,27.245197,-35.814790|5.362854,27.245278,-35.804825,17.754722,39.454938,0.022361|5.362854,27.245285,-35.804834,17.754715,39.454923,0.022361
270|5.382729,27.956354,-35.262476|5.382868,27.956433,-35.252510,17.043567,37.874592,0.022361|5.382868,27.956440,-35.252519,17.043560,37.874577,0.022361
271|5.402739,28.656318,-34.696044|5.402881,28.656395,-34.686076,16.343605,36.319121,0.022361|5.402881,28.656402,-34.686084,16.343598,36.319106,0.022361
272|5.422749,29.344807,-34.115719|5.422895,29.344884,-34.105750,15.655116,34.789148,0.022361|5.422895,29.344891,-34.105758,15.655109,34.789132,0.022361
273|5.442759,30.021548,-33.521734|5.442908,30.021622,-33.511764,14.978378,33.285284,0.022361|5.442908,30.021629,-33.511771,14.978371,33.285268,0.022361
274|5.462769,30.686267,-32.914328|5.462922,30.686341,-32.904356,14.313659,31.808132,0.022361|5.462922,30.686348,-32.904363,14.313652,31.808117,0.022361
275|5.482780,31.338701,-32.293743|5.482935,31.338772,-32.283770,13.661228,30.358284,0.022361|5.482935,31.338779,-32.283777,13.661221,30.358268,0.022361
276|5.502790,31.978586,-31.660228|5.502948,31.978656,-31.650254,13.021344,28.936320,0.022361|5.502948,31.978663,-31.650260,13.021337,28.936304,0.022361
277|5.522800,32.605668,-31.014036|5.522962,32.605736,-31.004061,12.394264,27.542809,0.022361|5.522962,32.605743,-31.004067,12.394257,27.542793,0.022361
278|5.542810,33.219694,-30.355427|5.542975,33.219761,-30.345450,11.780239,26.178309,0.022361|5.542975,33.219768,-30.345456,11.780232,26.178294,0.022361
279|5.562820,33.820419,-29.684663|5.562988,33.820485,-29.674685,11.179515,24.843367,0.022361|5.562988,33.820492,-29.674691,11.179508,24.843352,0.022361
280|5.582830,34.407603,-29.002014|5.583001,34.407667,-28.992035,10.592333,23.538518,0.022361|5.583001,34.407674,-28.992040,10.592326,23.538502,0.022361
281|5.602840,34.981011,-28.307753|5.603014,34.981073,-28.297773,10.018927,22.264283,0.022361|5.603014,34.981080,-28.297778,10.018920,22.264267,0.022361
282|5.622851,35.540412,-27.602157|5.623027,35.540472,-27.592176,9.459528,21.021172,0.022361|5.623027,35.540479,-27.592181,9.459521,21.021157,0.022361
283|5.642861,36.085584,-26.885510|5.643039,36.085642,-26.875528,8.914358,19.809685,0.022361|5.643039,36.085649,-26.875532,8.914351,19.809669,0.022361
284|5.662871,36.616306,-26.158098|5.663052,36.616363,-26.148115,8.383637,18.630305,0.022361|5.663052,36.616370,-26.148119,8.383630,18.630289,0.022361
285|5.682881,37.132368,-25.420213|5.683065,37.132423,-25.410229,7.867577,17.483504,0.022361|5.683065,37.132430,-25.410232,7.867570,17.483489,0.022361
286|5.702891,37.633563,-24.672149|5.703077,37.633616,-24.662164,7.366384,16.369743,0.022361|5.703077,37.633622,-24.662168,7.366378,16.369728,0.022361
287|5.722901,38.119689,-23.914207|5.723090,38.119740,-23.904221,6.880260,15.289467,0.022361|5.723090,38.119747,-23.904224,6.880253,15.289451,0.022361
288|5.742911,38.590552,-23.146690|5.743102,38.590602,-23.136703,6.409398,14.243108,0.022361|5.743102,38.590608,-23.136706,6.409392,14.243093,0.022361
289|5.762922,39.045964,-22.369905|5.763115,39.046012,-22.359917,5.953988,13.231085,0.022361|5.763115,39.046018,-22.359920,5.953982,13.231070,0.022361
290|5.782932,39.485743,-21.584164|5.783127,39.485788,-21.574175,5.514212,12.253804,0.022361|5.783127,39.485795,-21.574177,5.514205,12.253789,0.022361
291|5.802942,39.909711,-20.789780|5.803139,39.909755,-20.779790,5.090245,11.311657,0.022361|5.803139,39.909761,-20.779793,5.090239,11.311641,0.022361
292|5.822952,40.317700,-19.987072|5.823151,40.317742,-19.977082,4.682258,10.405019,0.022361|5.823151,40.317748,-19.977084,4.682252,10.405004,0.022361
293|5.842962,40.709546,-19.176362|5.843163,40.709586,-19.166370,4.290414,9.534254,0.022361|5.843163,40.709592,-19.166372,4.290408,9.534239,0.022361
294|5.862972,41.085092,-18.357973|5.863175,41.085130,-18.347981,3.914870,8.699711,0.022361|5.863175,41.085137,-18.347983,3.914863,8.699696,0.022361
295|5.882982,41.444189,-17.532234|5.883187,41.444224,-17.522241,3.555776,7.901725,0.022361|5.883187,41.444231,-17.522243,3.555769,7.901710,0.022361
296|5.902993,41.786691,-16.699475|5.903199,41.786724,-16.689482,3.213276,7.140613,0.022361|5.903199,41.786731,-16.689483,3.213269,7.140598,0.022361
297|5.923003,42.112462,-15.860030|5.923211,42.112493,-15.850036,2.887507,6.416682,0.022361|5.923211,42.112500,-15.850037,2.887500,6.416667,0.022361
298|5.943013,42.421371,-15.014235|5.943222,42.421400,-15.004240,2.578600,5.730221,0.022361|5.943222,42.421407,-15.004241,2.578593,5.730206,0.022361
299|5.963023,42.713296,-14.162428|5.963234,42.713323,-14.152433,2.286677,5.081505,0.022361|5.963234,42.713330,-14.152434,2.286670,5.081490,0.022361
300|5.983033,42.988118,-13.304951|5.983246,42.988143,-13.294955,2.011857,4.470794,0.022361|5.983246,42.988150,-13.294956,2.011850,4.470778,0.022361
301|6.003043,43.245728,-12.442146|6.003257,43.245751,-12.432150,1.754249,3.898331,0.022361|6.003257,43.245758,-12.432150,1.754242,3.898316,0.022361
302|6.023053,43.486023,-11.574360|6.023268,43.486044,-11.564363,1.513956,3.364347,0.022361|6.023268,43.486050,-11.564363,1.513950,3.364332,0.022361
303|6.043064,43.708906,-10.701939|6.043279,43.708925,-10.691942,1.291075,2.869056,0.022361|6.043279,43.708932,-10.691942,1.291068,2.869041,0.022361
304|6.063074,43.914289,-9.825233|6.063291,43.914305,-9.815236,1.085695,2.412654,0.022361|6.063291,43.914312,-9.815236,1.085688,2.412639,0.022361
305|6.083084,44.102089,-8.944594|6.083302,44.102103,-8.934596,0.897897,1.995327,0.022361|6.083302,44.102110,-8.934596,0.897890,1.995311,0.022361
306|6.103094,44.272230,-8.060373|6.103313,44.272242,-8.050374,0.727758,1.617239,0.022361|6.103313,44.272249,-8.050375,0.727751,1.617224,0.022361
307|6.123104,44.424646,-7.172925|6.123324,44.424656,-7.162926,0.575344,1.278543,0.022361|6.123324,44.424662,-7.162926,0.575338,1.278528,0.022361
308|6.143114,44.559274,-6.282604|6.143334,44.559281,-6.272605,0.440719,0.979375,0.022361|6.143334,44.559288,-6.272605,0.440712,0.979360,0.022361
309|6.163124,44.676061,-5.389769|6.163345,44.676066,-5.379769,0.323934,0.719853,0.022361|6.163345,44.676073,-5.379769,0.323927,0.719838,0.022361
310|6.183135,44.774960,-4.494775|6.183356,44.774963,-4.484775,0.225037,0.500083,0.022361|6.183356,44.774969,-4.484775,0.225031,0.500068,0.022361
311|6.203145,44.855931,-3.597981|6.203366,44.855932,-3.587982,0.144068,0.320152,0.022361|6.203366,44.855939,-3.587982,0.144061,0.320136,0.022361
312|6.223155,44.918942,-2.699747|6.223377,44.918941,-2.689748,0.081059,0.180131,0.022361|6.223377,44.918948,-2.689747,0.081052,0.180116,0.022361
313|6.243165,44.963968,-1.800432|6.243387,44.963965,-1.790432,0.036035,0.080078,0.022361|6.243387,44.963972,-1.790432,0.036028,0.080063,0.022361
314|6.263175,44.990991,-0.900396|6.263397,44.990986,-0.890396,0.009014,0.020032,0.022361|6.263397,44.990992,-0.890396,0.009008,0.020017,0.022361
