OneBody4_E-0.10_plotinterval0.100_ecc0.0_RK4.txt
initial value : [x, y, v_x, v_y] = [45.00,0.00,0.00,0.45] , numerical interval dt = 0.02000 , [M, m] = [ 9, 1]

num|given_position|geodesic|newtonian
num| degree1, x1, y1 | degree2, x2, y2, simple error, relative error, d(rho) | degree2, x2, y2, simple error, relative error, dt
  1|0.000000,45.000000,0.000000|0.002222,44.999889,0.100000,0.000111,0.000247,0.223607|0.002222,44.999889,0.100000,0.000111,0.000247,0.223607
  2|0.020010,44.990991,0.900396|0.022232,44.990658,1.000394,0.009342,0.020760,0.223607|0.022232,44.990658,1.000394,0.009342,0.020760,0.223607
  3|0.040020,44.963968,1.800432|0.042241,44.963413,1.900424,0.036587,0.081305,0.223607|0.042241,44.963413,1.900423,0.036587,0.081305,0.223607
  4|0.060030,44.918942,2.699747|0.062249,44.918165,2.799730,0.081835,0.181856,0.223607|0.062249,44.918165,2.799726,0.081835,0.181856,0.223607
  5|0.080041,44.855931,3.597981|0.082256,44.854932,3.697951,0.145068,0.322373,0.223607|0.082256,44.854932,3.697945,0.145068,0.322374,0.223607
  6|0.100051,44.774960,4.494775|0.102263,44.773739,4.594728,0.226261,0.502801,0.223607|0.102263,44.773739,4.594718,0.226261,0.502801,0.223607
  7|0.120061,44.676061,5.389769|0.122269,44.674620,5.489701,0.325380,0.723067,0.223607|0.122269,44.674620,5.489687,0.325380,0.723067,0.223607
  8|0.140071,44.559274,6.282604|0.142274,44.557613,6.382513,0.442387,0.983082,0.223607|0.142274,44.557613,6.382494,0.442387,0.983083,0.223607
  9|0.160081,44.424646,7.172925|0.162278,44.422766,7.272806,0.577234,1.282743,0.223607|0.162278,44.422765,7.272781,0.577235,1.282745,0.223607
 10|0.180091,44.272230,8.060373|0.182282,44.270132,8.160223,0.729868,1.621930,0.223607|0.182281,44.270131,8.160191,0.729869,1.621932,0.223607
 11|0.200101,44.102089,8.944594|0.202285,44.099772,9.044409,0.900228,2.000506,0.223607|0.202284,44.099771,9.044370,0.900229,2.000509,0.223607
 12|0.220112,43.914289,9.825233|0.222287,43.911756,9.925011,1.088244,2.418320,0.223607|0.222286,43.911754,9.924963,1.088246,2.418324,0.223607
 13|0.240122,43.708906,10.701939|0.242288,43.706158,10.801675,1.293842,2.875205,0.223607|0.242287,43.706155,10.801618,1.293845,2.875211,0.223607
 14|0.260132,43.486023,11.574360|0.262289,43.483060,11.674050,1.516940,3.370979,0.223607|0.262287,43.483057,11.673983,1.516943,3.370985,0.223607
 15|0.280142,43.245728,12.442146|0.282288,43.242552,12.541788,1.757448,3.905441,0.223607|0.282287,43.242548,12.541710,1.757452,3.905449,0.223607
 16|0.300152,42.988118,13.304951|0.302287,42.984730,13.404540,2.015270,4.478379,0.223607|0.302285,42.984725,13.404451,2.015275,4.478389,0.223607
 17|0.320162,42.713296,14.162428|0.322286,42.709697,14.261962,2.290303,5.089562,0.223607|0.322284,42.709691,14.261860,2.290309,5.089575,0.223607
 18|0.340172,42.421371,15.014235|0.342283,42.417564,15.113710,2.582436,5.738747,0.223607|0.342281,42.417557,15.113595,2.582443,5.738762,0.223607
 19|0.360183,42.112462,15.860030|0.362280,42.108447,15.959443,2.891553,6.425673,0.223607|0.362277,42.108439,15.959314,2.891561,6.425692,0.223607
 20|0.380193,41.786691,16.699475|0.382276,41.782470,16.798823,3.217530,7.150066,0.223607|0.382273,41.782461,16.798678,3.217539,7.150087,0.223607
 21|0.400203,41.444189,17.532234|0.402271,41.439765,17.631513,3.560235,7.911634,0.223607|0.402268,41.439753,17.631352,3.560247,7.911659,0.223607
 22|0.420213,41.085092,18.357973|0.422266,41.080467,18.457180,3.919533,8.710074,0.223607|0.422263,41.080454,18.457003,3.919546,8.710103,0.223607
 23|0.440223,40.709546,19.176362|0.442260,40.704721,19.275493,4.295279,9.545065,0.223607|0.442256,40.704706,19.275298,4.295294,9.545098,0.223607
 24|0.460233,40.317700,19.987072|0.462253,40.312677,20.086125,4.687323,10.416273,0.223607|0.462249,40.312660,20.085912,4.687340,10.416311,0.223607
 25|0.480243,39.909711,20.789780|0.482246,39.904493,20.888752,5.095507,11.323350,0.223607|0.482241,39.904473,20.888519,5.095527,11.323393,0.223607
 26|0.500254,39.485743,21.584164|0.502238,39.480331,21.683051,5.519669,12.265932,0.223607|0.502233,39.480309,21.682798,5.519691,12.265980,0.223607
 27|0.520264,39.045964,22.369905|0.522229,39.040361,22.468705,5.959639,13.243641,0.223607|0.522224,39.040337,22.468431,5.959663,13.243696,0.223607
 28|0.540274,38.590552,23.146690|0.542219,38.584761,23.245400,6.415239,14.256087,0.223607|0.542214,38.584734,23.245103,6.415266,14.256148,0.223607
 29|0.560284,38.119689,23.914207|0.562209,38.113711,24.012824,6.886289,15.302864,0.223607|0.562203,38.113681,24.012504,6.886319,15.302931,0.223607
 30|0.580294,37.633563,24.672149|0.582198,37.627401,24.770670,7.372599,16.383552,0.223607|0.582192,37.627368,24.770326,7.372632,16.383626,0.223607
 31|0.600304,37.132368,25.420213|0.602187,37.126026,25.518634,7.873974,17.497720,0.223607|0.602180,37.125989,25.518266,7.874011,17.497801,0.223607
 32|0.620314,36.616306,26.158098|0.622174,36.609786,26.256418,8.390214,18.644920,0.223607|0.622168,36.609746,26.256024,8.390254,18.645010,0.223607
 33|0.640325,36.085584,26.885510|0.642162,36.078887,26.983726,8.921113,19.824695,0.223607|0.642155,36.078844,26.983305,8.921156,19.824792,0.223607
 34|0.660335,35.540412,27.602157|0.662148,35.533543,27.700266,9.466457,21.036570,0.223607|0.662141,35.533496,27.699818,9.466504,21.036676,0.223607
 35|0.680345,34.981011,28.307753|0.682134,34.973972,28.405752,10.026028,22.280062,0.223607|0.682126,34.973921,28.405275,10.026079,22.280176,0.223607
 36|0.700355,34.407603,29.002014|0.702119,34.400398,29.099902,10.599602,23.554672,0.223607|0.702111,34.400342,29.099395,10.599658,23.554795,0.223607
 37|0.720365,33.820419,29.684663|0.722104,33.813050,29.782436,11.186950,24.859889,0.223607|0.722096,33.812990,29.781899,11.187010,24.860022,0.223607
 38|0.740375,33.219694,30.355427|0.742088,33.212164,30.453083,11.787836,26.195192,0.223607|0.742080,33.212099,30.452514,11.787901,26.195335,0.223607
 39|0.760385,32.605668,31.014036|0.762071,32.597979,31.111574,12.402021,27.560046,0.223607|0.762063,32.597911,31.110972,12.402089,27.560198,0.223607
 40|0.780396,31.978586,31.660228|0.782054,31.970744,31.757644,13.029256,28.953903,0.223607|0.782045,31.970670,31.757009,13.029330,28.954066,0.223607
 41|0.800406,31.338701,32.293743|0.802037,31.330707,32.391036,13.669293,30.376207,0.223607|0.802028,31.330629,32.390367,13.669371,30.376380,0.223607
 42|0.820416,30.686267,32.914328|0.822018,30.678126,33.011496,14.321874,31.826388,0.223607|0.822009,30.678043,33.010791,14.321957,31.826571,0.223607
 43|0.840426,30.021548,33.521734|0.842000,30.013261,33.618775,14.986739,33.303864,0.223607|0.841990,30.013174,33.618033,14.986826,33.304059,0.223607
 44|0.860436,29.344807,34.115719|0.861980,29.336380,34.212630,15.663620,34.808045,0.223607|0.861971,29.336287,34.211851,15.663713,34.808251,0.223607
 45|0.880446,28.656318,34.696044|0.881960,28.647752,34.792824,16.352248,36.338328,0.223607|0.881950,28.647655,34.792006,16.352345,36.338545,0.223607
 46|0.900456,27.956354,35.262476|0.901940,27.947655,35.359124,17.052345,37.894101,0.223607|0.901930,27.947552,35.358266,17.052448,37.894329,0.223607
 47|0.920467,27.245197,35.814790|0.921919,27.236367,35.911303,17.763633,39.474740,0.223607|0.921909,27.236259,35.910405,17.763741,39.474980,0.223607
 48|0.940477,26.523132,36.352764|0.941898,26.514174,36.449140,18.485826,41.079614,0.223607|0.941887,26.514061,36.448201,18.485939,41.079865,0.223607
 49|0.960487,25.790446,36.876183|0.961876,25.781365,36.972421,19.218635,42.708078,0.223607|0.961865,25.781247,36.971439,19.218753,42.708341,0.223607
 50|0.980497,25.047435,37.384837|0.981853,25.038233,37.480935,19.961767,44.359482,0.223607|0.981843,25.038110,37.479909,19.961890,44.359756,0.223607
 51|1.000507,24.294394,37.878522|1.001831,24.285076,37.974479,20.714924,46.033164,0.223607|1.001820,24.284948,37.973409,20.715052,46.033449,0.223607
 52|1.020517,23.531627,38.357040|1.021807,23.522196,38.452855,21.477804,47.728454,0.223607|1.021797,23.522062,38.451739,21.477938,47.728750,0.223607
 53|1.040528,22.759437,38.820201|1.041783,22.749897,38.915873,22.250103,49.444673,0.223607|1.041773,22.749759,38.914710,22.250241,49.444981,0.223607
 54|1.060538,21.978135,39.267819|1.061759,21.968490,39.363345,23.031510,51.181134,0.223607|1.061749,21.968346,39.362135,23.031654,51.181453,0.223607
 55|1.080548,21.188032,39.699714|1.081735,21.178286,39.795094,23.821714,52.937142,0.223607|1.081725,21.178138,39.793835,23.821862,52.937472,0.223607
 56|1.100558,20.389447,40.115713|1.101710,20.379603,40.210947,24.620397,54.711994,0.223607|1.101700,20.379450,40.209638,24.620550,54.712334,0.223607
 57|1.120568,19.582697,40.515651|1.121684,19.572759,40.610736,25.427241,56.504979,0.223607|1.121674,19.572602,40.609377,25.427398,56.505330,0.223607
 58|1.140578,18.768107,40.899366|1.141659,18.758079,40.994303,26.241921,58.315380,0.223607|1.141649,18.757917,40.992891,26.242083,58.315740,0.223607
 59|1.160588,17.946002,41.266706|1.161633,17.935888,41.361492,27.064112,60.142471,0.223607|1.161623,17.935722,41.360028,27.064278,60.142841,0.223607
 60|1.180599,17.116712,41.617523|1.181606,17.106516,41.712158,27.893484,61.985521,0.223607|1.181597,17.106345,41.710641,27.893655,61.985900,0.223607
 61|1.200609,16.280568,41.951676|1.201579,16.270294,42.046160,28.729706,63.843792,0.223607|1.201570,16.270119,42.044588,28.729881,63.844180,0.223607
 62|1.220619,15.437905,42.269032|1.221552,15.427557,42.363364,29.572443,65.716540,0.223607|1.221544,15.427378,42.361737,29.572622,65.716937,0.223607
 63|1.240629,14.589062,42.569464|1.241525,14.578643,42.663643,30.421357,67.603016,0.223607|1.241517,14.578461,42.661960,30.421539,67.603420,0.223607
 64|1.260639,13.734377,42.852852|1.261497,13.723891,42.946878,31.276109,69.502464,0.223607|1.261489,13.723706,42.945137,31.276294,69.502875,0.223607
 65|1.280649,12.874193,43.119081|1.281469,12.863644,43.212954,32.136356,71.414124,0.223607|1.281462,12.863457,43.211154,32.136543,71.414541,0.223607
 66|1.300659,12.008854,43.368046|1.301441,11.998247,43.461765,33.001753,73.337229,0.223607|1.301434,11.998057,43.459906,33.001943,73.337652,0.223607
 67|1.320670,11.138707,43.599647|1.321412,11.128045,43.693211,33.871955,75.271011,0.223607|1.321406,11.127853,43.691292,33.872147,75.271439,0.223607
 68|1.340680,10.264100,43.813791|1.341384,10.253387,43.907200,34.746613,77.214696,0.223607|1.341378,10.253193,43.905221,34.746807,77.215127,0.223607
 69|1.360690,9.385383,44.010392|1.361355,9.374623,44.103647,35.625377,79.167504,0.223607|1.361349,9.374428,44.101605,35.625572,79.167938,0.223607
 70|1.380700,8.502909,44.189371|1.381325,8.492106,44.282472,36.507894,81.128654,0.223607|1.381321,8.491910,44.280368,36.508090,81.129090,0.223607
 71|1.400710,7.617030,44.350658|1.401296,7.606188,44.443603,37.393812,83.097360,0.223607|1.401292,7.605991,44.441436,37.394009,83.097798,0.223607
 72|1.420720,6.728101,44.494187|1.421266,6.717224,44.586977,38.282776,85.072836,0.223607|1.421263,6.717027,44.584746,38.282973,85.073273,0.223607
 73|1.440730,5.836479,44.619900|1.441237,5.825570,44.712537,39.174430,87.054289,0.223607|1.441234,5.825373,44.710240,39.174627,87.054726,0.223607
 74|1.460741,4.942519,44.727749|1.461207,4.931583,44.820230,40.068417,89.040927,0.223607|1.461205,4.931387,44.817868,40.068613,89.041361,0.223607
 75|1.480751,4.046581,44.817688|1.481177,4.035621,44.910016,40.964379,91.031954,0.223607|1.481176,4.035427,44.907587,40.964573,91.032385,0.223607
 76|1.500761,3.149022,44.889683|1.501147,3.138042,44.981857,41.861958,93.026572,0.223607|1.501147,3.137851,44.979361,41.862149,93.026999,0.223607
 77|1.520771,2.250202,44.943705|1.521117,2.239207,45.035725,42.760793,95.023984,0.223607|1.521118,2.239018,45.033161,42.760982,95.024405,0.223607
 78|1.540781,1.350482,44.979731|1.541086,1.339475,45.071598,43.660525,97.023390,0.223607|1.541089,1.339288,45.068966,43.660712,97.023803,0.223607
 79|1.560791,0.450221,44.997748|1.561056,0.439205,45.089462,44.560795,99.023989,0.223607|1.561059,0.439023,45.086761,44.560977,99.024394,0.223607
 80|1.580801,-0.450221,44.997748|1.581025,-0.461241,45.089310,44.538759,98.975020,0.223607|1.581030,-0.461419,45.086539,44.538581,98.974625,0.223607
 81|1.600812,-1.350482,44.979731|1.600995,-1.361503,45.071142,43.638497,96.974438,0.223607|1.601001,-1.361675,45.068300,43.638325,96.974055,0.223607
 82|1.620822,-2.250202,44.943705|1.620965,-2.261220,45.034965,42.738780,94.975066,0.223607|1.620971,-2.261387,45.032052,42.738613,94.974696,0.223607
 83|1.640832,-3.149022,44.889683|1.640934,-3.160033,44.980793,41.839967,92.977705,0.223607|1.640942,-3.160193,44.977810,41.839807,92.977349,0.223607
 84|1.660842,-4.046581,44.817688|1.660904,-4.057581,44.908649,40.942419,90.983153,0.223607|1.660913,-4.057734,44.905594,40.942266,90.982813,0.223607
 85|1.680852,-4.942519,44.727749|1.680873,-4.953505,44.818561,40.046495,88.992210,0.223607|1.680884,-4.953650,44.815433,40.046350,88.991888,0.223607
 86|1.700862,-5.836479,44.619900|1.700843,-5.847447,44.710565,39.152553,87.005673,0.223607|1.700855,-5.847583,44.707365,39.152417,87.005371,0.223607
 87|1.720872,-6.728101,44.494187|1.720812,-6.739048,44.584705,38.260952,85.024337,0.223607|1.720826,-6.739175,44.581432,38.260825,85.024056,0.223607
 88|1.740883,-7.617030,44.350658|1.740782,-7.627952,44.441031,37.372048,83.048995,0.223607|1.740797,-7.628068,44.437684,37.371932,83.048737,0.223607
 89|1.760893,-8.502909,44.189371|1.760752,-8.513803,44.279600,36.486197,81.080439,0.223607|1.760768,-8.513908,44.276179,36.486092,81.080205,0.223607
 90|1.780903,-9.385383,44.010392|1.780722,-9.396245,44.100477,35.603755,79.119456,0.223607|1.780740,-9.396338,44.096982,35.603662,79.119249,0.223607
 91|1.800913,-10.264100,43.813791|1.800692,-10.274926,43.903733,34.725074,77.166831,0.223607|1.800712,-10.275006,43.900165,34.724994,77.166653,0.223607
 92|1.820923,-11.138707,43.599647|1.820662,-11.149494,43.689448,33.850506,75.223347,0.223607|1.820683,-11.149560,43.685805,33.850440,75.223199,0.223607
 93|1.840933,-12.008854,43.368046|1.840632,-12.019599,43.457708,32.980401,73.289781,0.223607|1.840655,-12.019650,43.453990,32.980350,73.289666,0.223607
 94|1.860943,-12.874193,43.119081|1.860603,-12.884892,43.208604,32.115108,71.366907,0.223607|1.860628,-12.884928,43.204812,32.115072,71.366827,0.223607
 95|1.880954,-13.734377,42.852852|1.880573,-13.745027,42.942238,31.254973,69.455496,0.223607|1.880600,-13.745046,42.938371,31.254954,69.455452,0.223607
 96|1.900964,-14.589062,42.569464|1.900544,-14.599659,42.658714,30.400341,67.556313,0.223607|1.900573,-14.599662,42.654773,30.400338,67.556307,0.223607
 97|1.920974,-15.437905,42.269032|1.920515,-15.448447,42.358148,29.551553,65.670117,0.223607|1.920546,-15.448431,42.354132,29.551569,65.670153,0.223607
 98|1.940984,-16.280568,41.951676|1.940487,-16.291051,42.040659,28.708949,63.797665,0.223607|1.940519,-16.291016,42.036568,28.708984,63.797743,0.223607
 99|1.960994,-17.116712,41.617523|1.960458,-17.127132,41.706374,27.872868,61.939706,0.223607|1.960492,-17.127077,41.702208,27.872923,61.939829,0.223607
100|1.981004,-17.946002,41.266706|1.980430,-17.956358,41.355428,27.043642,60.096983,0.223607|1.980466,-17.956281,41.351188,27.043719,60.097153,0.223607
101|2.001014,-18.768107,40.899366|2.000402,-18.778394,40.987960,26.221606,58.270235,0.223607|2.000440,-18.778296,40.983645,26.221704,58.270454,0.223607
102|2.021025,-19.582697,40.515651|2.020375,-19.592913,40.604118,25.407087,56.460193,0.223607|2.020415,-19.592791,40.599729,25.407209,56.460464,0.223607
103|2.041035,-20.389447,40.115713|2.040347,-20.399589,40.204056,24.600411,54.667581,0.223607|2.040389,-20.399442,40.199593,24.600558,54.667906,0.223607
104|2.061045,-21.188032,39.699714|2.060320,-21.198097,39.787933,23.801903,52.893118,0.223607|2.060364,-21.197926,39.783397,23.802074,52.893498,0.223607
105|2.081055,-21.978135,39.267819|2.080294,-21.988119,39.355917,23.011881,51.137513,0.223607|2.080340,-21.987922,39.351307,23.012078,51.137952,0.223607
106|2.101065,-22.759437,38.820201|2.100268,-22.769338,38.908180,22.230662,49.401470,0.223607|2.100316,-22.769114,38.903497,22.230886,49.401969,0.223607
107|2.121075,-23.531627,38.357040|2.120242,-23.541442,38.444901,21.458558,47.685684,0.223607|2.120292,-23.541189,38.440146,21.458811,47.686246,0.223607
108|2.141085,-24.294394,37.878522|2.140216,-24.304121,37.966266,20.695879,45.990842,0.223607|2.140269,-24.303839,37.961439,20.696161,45.991468,0.223607
109|2.161096,-25.047435,37.384837|2.160191,-25.057070,37.472467,19.942930,44.317622,0.223607|2.160246,-25.056758,37.467568,19.943242,44.318315,0.223607
110|2.181106,-25.790446,36.876183|2.180166,-25.799988,36.963701,19.200012,42.666694,0.223607|2.180223,-25.799645,36.958732,19.200355,42.667456,0.223607
111|2.201116,-26.523132,36.352764|2.200142,-26.532577,36.440173,18.467423,41.038719,0.223607|2.200201,-26.532201,36.435133,18.467799,41.039553,0.223607
112|2.221126,-27.245197,35.814790|2.220118,-27.254543,35.902090,17.745457,39.434349,0.223607|2.220180,-27.254134,35.896981,17.745866,39.435257,0.223607
113|2.241136,-27.956354,35.262476|2.240095,-27.965598,35.349670,17.034402,37.854227,0.223607|2.240159,-27.965155,35.344491,17.034845,37.855211,0.223607
114|2.261146,-28.656318,34.696044|2.260072,-28.665457,34.783133,16.334543,36.298984,0.223607|2.260138,-28.664979,34.777886,16.335021,36.300046,0.223607
115|2.281156,-29.344807,34.115719|2.280050,-29.353840,34.202706,15.646160,34.769244,0.223607|2.280118,-29.353326,34.197392,15.646674,34.770387,0.223607
116|2.301167,-30.021548,33.521734|2.300028,-30.030471,33.608622,14.969529,33.265619,0.223607|2.300098,-30.029920,33.603240,14.970080,33.266845,0.223607
117|2.321177,-30.686267,32.914328|2.320007,-30.695080,33.001117,14.304920,31.788712,0.223607|2.320079,-30.694490,32.995670,14.305510,31.790022,0.223607
118|2.341187,-31.338701,32.293743|2.339986,-31.347399,32.380436,13.652601,30.339113,0.223607|2.340061,-31.346770,32.374924,13.653230,30.340510,0.223607
119|2.361197,-31.978586,31.660228|2.359965,-31.987169,31.746827,13.012831,28.917403,0.223607|2.360043,-31.986500,31.741251,13.013500,28.918889,0.223607
120|2.381207,-32.605668,31.014036|2.379946,-32.614132,31.100544,12.385868,27.524151,0.223607|2.380025,-32.613422,31.094905,12.386578,27.525729,0.223607
121|2.401217,-33.219694,30.355427|2.399927,-33.228038,30.441845,11.771962,26.159914,0.223607|2.400009,-33.227286,30.436144,11.772714,26.161586,0.223607
122|2.421227,-33.820419,29.684663|2.419908,-33.828642,29.770994,11.171358,24.825241,0.223607|2.419992,-33.827846,29.765232,11.172154,24.827008,0.223607
123|2.441238,-34.407603,29.002014|2.439890,-34.415702,29.088260,10.584298,23.520663,0.223607|2.439977,-34.414862,29.082438,10.585138,23.522528,0.223607
124|2.461248,-34.981011,28.307753|2.459873,-34.988983,28.393916,10.011017,22.246705,0.223607|2.459962,-34.988099,28.388036,10.011901,22.248669,0.223607
125|2.481258,-35.540412,27.602157|2.479856,-35.548256,27.688240,9.451744,21.003875,0.223607|2.479947,-35.547326,27.682302,9.452674,21.005941,0.223607
126|2.501268,-36.085584,26.885510|2.499840,-36.093297,26.971515,8.906703,19.792672,0.223607|2.499933,-36.092321,26.965521,8.907679,19.794842,0.223607
127|2.521278,-36.616306,26.158098|2.519824,-36.623889,26.244027,8.376111,18.613581,0.223607|2.519920,-36.622865,26.237978,8.377135,18.615856,0.223607
128|2.541288,-37.132368,25.420213|2.539809,-37.139817,25.506068,7.860183,17.467073,0.223607|2.539908,-37.138745,25.499965,7.861255,17.469456,0.223607
129|2.561298,-37.633563,24.672149|2.559795,-37.640876,24.757933,7.359124,16.353608,0.223607|2.559896,-37.639755,24.751778,7.360245,16.356100,0.223607
130|2.581309,-38.119689,23.914207|2.579782,-38.126866,23.999922,6.873134,15.273631,0.223607|2.579884,-38.125694,23.993716,6.874306,15.276235,0.223607
131|2.601319,-38.590552,23.146690|2.599769,-38.597591,23.232338,6.402409,14.227576,0.223607|2.599874,-38.596369,23.226082,6.403631,14.230292,0.223607
132|2.621329,-39.045964,22.369905|2.619757,-39.052863,22.455489,5.947137,13.215860,0.223607|2.619864,-39.051589,22.449185,5.948411,13.218691,0.223607
133|2.641339,-39.485743,21.584164|2.639745,-39.492500,21.669686,5.507500,12.238889,0.223607|2.639855,-39.491174,21.663335,5.508826,12.241836,0.223607
134|2.661349,-39.909711,20.789780|2.659734,-39.916326,20.875242,5.083674,11.297054,0.223607|2.659846,-39.914947,20.868847,5.085053,11.300119,0.223607
135|2.681359,-40.317700,19.987072|2.679724,-40.324171,20.072477,4.675829,10.390732,0.223607|2.679838,-40.322738,20.066038,4.677262,10.393916,0.223607
136|2.701369,-40.709546,19.176362|2.699715,-40.715871,19.261712,4.284129,9.520286,0.223607|2.699831,-40.714384,19.255231,4.285616,9.523591,0.223607
137|2.721380,-41.085092,18.357973|2.719707,-41.091271,18.443271,3.908729,8.686064,0.223607|2.719825,-41.089729,18.436749,3.910271,8.689492,0.223607
138|2.741390,-41.444189,17.532234|2.739699,-41.450219,17.617483,3.549781,7.888401,0.223607|2.739819,-41.448621,17.610922,3.551379,7.891953,0.223607
139|2.761400,-41.786691,16.699475|2.759692,-41.792573,16.784676,3.207427,7.127616,0.223607|2.759814,-41.790918,16.778078,3.209082,7.131293,0.223607
140|2.781410,-42.112462,15.860030|2.779685,-42.118194,15.945186,2.881806,6.404014,0.223607|2.779810,-42.116482,15.938553,2.883518,6.407818,0.223607
141|2.801420,-42.421371,15.014235|2.799680,-42.426952,15.099348,2.573048,5.717884,0.223607|2.799806,-42.425183,15.092681,2.574817,5.721815,0.223607
142|2.821430,-42.713296,14.162428|2.819675,-42.718725,14.247501,2.281275,5.069501,0.223607|2.819803,-42.716897,14.240802,2.283103,5.073561,0.223607
143|2.841440,-42.988118,13.304951|2.839671,-42.993394,13.389986,2.006606,4.459125,0.223607|2.839801,-42.991508,13.383257,2.008492,4.463315,0.223607
144|2.861451,-43.245728,12.442146|2.859668,-43.250850,12.527147,1.749150,3.886999,0.223607|2.859800,-43.248906,12.520388,1.751094,3.891321,0.223607
145|2.881461,-43.486023,11.574360|2.879666,-43.490991,11.659327,1.509009,3.353354,0.223607|2.879800,-43.488987,11.652543,1.511013,3.357807,0.223607
146|2.901471,-43.708906,10.701939|2.899664,-43.713719,10.786877,1.286281,2.858403,0.223607|2.899800,-43.711655,10.780067,1.288345,2.862989,0.223607
147|2.921481,-43.914289,9.825233|2.919663,-43.918945,9.910143,1.081055,2.402343,0.223607|2.919801,-43.916821,9.903310,1.083179,2.407064,0.223607
148|2.941491,-44.102089,8.944594|2.939663,-44.106589,9.029478,0.893411,1.985359,0.223607|2.939803,-44.104404,9.022624,0.895596,1.990213,0.223607
149|2.961501,-44.272230,8.060373|2.959664,-44.276573,8.145235,0.723427,1.607615,0.223607|2.959805,-44.274327,8.138361,0.725673,1.612606,0.223607
150|2.981511,-44.424646,7.172925|2.979666,-44.428831,7.257766,0.571169,1.269265,0.223607|2.979809,-44.426524,7.250875,0.573476,1.274391,0.223607
151|3.001522,-44.559274,6.282604|2.999668,-44.563301,6.367428,0.436699,0.970443,0.223607|2.999813,-44.560932,6.360521,0.439068,0.975706,0.223607
152|3.021532,-44.676061,5.389769|3.019672,-44.679929,5.474577,0.320071,0.711269,0.223607|3.019818,-44.677499,5.467657,0.322501,0.716669,0.223607
153|3.041542,-44.774960,4.494775|3.039676,-44.778669,4.579571,0.221331,0.491847,0.223607|3.039823,-44.776177,4.572638,0.223823,0.497385,0.223607
154|3.061552,-44.855931,3.597981|3.059681,-44.859481,3.682767,0.140519,0.312265,0.223607|3.059830,-44.856927,3.675825,0.143073,0.317940,0.223607
155|3.081562,-44.918942,2.699747|3.079687,-44.922333,2.784525,0.077667,0.172594,0.223607|3.079837,-44.919717,2.777575,0.080283,0.178407,0.223607
156|3.101572,-44.963968,1.800432|3.099693,-44.967199,1.885205,0.032801,0.072891,0.223607|3.099845,-44.964521,1.878248,0.035479,0.078842,0.223607
157|3.121583,-44.990991,0.900396|3.119701,-44.994062,0.985166,0.005938,0.013195,0.223607|3.119854,-44.991322,0.978206,0.008678,0.019285,0.223607
158|3.141593,-45.000000,0.000000|3.139709,-45.002911,0.084769,0.002911,0.006470,0.223607|3.139864,-45.000108,0.077807,0.000108,0.000241,0.223607
159|3.161603,-44.990991,-0.900396|3.159718,-44.993743,-0.815625,0.006257,0.013905,0.223607|3.159874,-44.990877,-0.822587,0.009123,0.020273,0.223607
160|3.181613,-44.963968,-1.800432|3.179728,-44.966560,-1.715656,0.033440,0.074311,0.223607|3.179885,-44.963632,-1.722617,0.036368,0.080817,0.223607
161|3.201623,-44.918942,-2.699747|3.199739,-44.921374,-2.614964,0.078626,0.174724,0.223607|3.199897,-44.918384,-2.621921,0.081616,0.181368,0.223607
162|3.221633,-44.855931,-3.597981|3.219751,-44.858203,-3.513188,0.141797,0.315103,0.223607|3.219910,-44.855151,-3.520140,0.144849,0.321886,0.223607
163|3.241643,-44.774960,-4.494775|3.239763,-44.777073,-4.409969,0.222927,0.495394,0.223607|3.239924,-44.773959,-4.416913,0.226041,0.502314,0.223607
164|3.261654,-44.676061,-5.389769|3.259777,-44.678015,-5.304948,0.321985,0.715522,0.223607|3.259938,-44.674839,-5.311883,0.325161,0.722581,0.223607
165|3.281664,-44.559274,-6.282604|3.279791,-44.561069,-6.197767,0.438931,0.975401,0.223607|3.279953,-44.557832,-6.204690,0.442168,0.982597,0.223607
166|3.301674,-44.424646,-7.172925|3.299806,-44.426283,-7.088068,0.573717,1.274927,0.223607|3.299969,-44.422984,-7.094977,0.577016,1.282259,0.223607
167|3.321684,-44.272230,-8.060373|3.319822,-44.273710,-7.975494,0.726290,1.613978,0.223607|3.319986,-44.270349,-7.982388,0.729651,1.621446,0.223607
168|3.341694,-44.102089,-8.944594|3.339839,-44.103411,-8.859690,0.896589,1.992421,0.223607|3.340003,-44.099989,-8.866567,0.900011,2.000024,0.223607
169|3.361704,-43.914289,-9.825233|3.359856,-43.915454,-9.740303,1.084546,2.410102,0.223607|3.360022,-43.911972,-9.747161,1.088028,2.417840,0.223607
170|3.381714,-43.708906,-10.701939|3.379874,-43.709915,-10.616979,1.290085,2.866855,0.223607|3.380041,-43.706373,-10.623816,1.293627,2.874727,0.223607
171|3.401725,-43.486023,-11.574360|3.399894,-43.486876,-11.489367,1.513124,3.362497,0.223607|3.400061,-43.483274,-11.496181,1.516726,3.370502,0.223607
172|3.421735,-43.245728,-12.442146|3.419914,-43.246426,-12.357119,1.753574,3.896830,0.223607|3.420081,-43.242765,-12.363909,1.757235,3.904967,0.223607
173|3.441745,-42.988118,-13.304951|3.439934,-42.988662,-13.219887,2.011338,4.469640,0.223607|3.440103,-42.984942,-13.226650,2.015058,4.477907,0.223607
174|3.461755,-42.713296,-14.162428|3.459956,-42.713687,-14.077325,2.286313,5.080697,0.223607|3.460125,-42.709908,-14.084060,2.290092,5.089094,0.223607
175|3.481765,-42.421371,-15.014235|3.479979,-42.421610,-14.929090,2.578390,5.729756,0.223607|3.480147,-42.417773,-14.935795,2.582227,5.738283,0.223607
176|3.501775,-42.112462,-15.860030|3.500002,-42.112549,-15.774841,2.887451,6.416558,0.223607|3.500171,-42.108654,-15.781514,2.891346,6.425213,0.223607
177|3.521785,-41.786691,-16.699475|3.520026,-41.786627,-16.614240,3.213373,7.140828,0.223607|3.520195,-41.782676,-16.620879,3.217324,7.149609,0.223607
178|3.541796,-41.444189,-17.532234|3.540051,-41.443976,-17.446950,3.556024,7.902276,0.223607|3.540221,-41.439968,-17.453553,3.560032,7.911182,0.223607
179|3.561806,-41.085092,-18.357973|3.560076,-41.084731,-18.272637,3.915269,8.700597,0.223607|3.560246,-41.080668,-18.279203,3.919332,8.709627,0.223607
180|3.581816,-40.709546,-19.176362|3.580103,-40.709038,-19.090972,4.290962,9.535472,0.223607|3.580273,-40.704919,-19.097499,4.295081,9.544623,0.223607
181|3.601826,-40.317700,-19.987072|3.600130,-40.317046,-19.901626,4.682954,10.406565,0.223607|3.600300,-40.312873,-19.908113,4.687127,10.415838,0.223607
182|3.621836,-39.909711,-20.789780|3.620158,-39.908912,-20.704276,5.091088,11.313529,0.223607|3.620328,-39.904686,-20.710720,5.095314,11.322921,0.223607
183|3.641846,-39.485743,-21.584164|3.640186,-39.484800,-21.498599,5.515200,12.255999,0.223607|3.640357,-39.480521,-21.505000,5.519479,12.265509,0.223607
184|3.661856,-39.045964,-22.369905|3.660216,-39.044880,-22.284277,5.955120,13.233600,0.223607|3.660386,-39.040548,-22.290633,5.959452,13.243226,0.223607
185|3.681867,-38.590552,-23.146690|3.680246,-38.589327,-23.060996,6.410673,14.245939,0.223607|3.680416,-38.584944,-23.067305,6.415056,14.255679,0.223607
186|3.701877,-38.119689,-23.914207|3.700277,-38.118325,-23.828446,6.881675,15.292611,0.223607|3.700447,-38.113891,-23.834706,6.886109,15.302464,0.223607
187|3.721887,-37.633563,-24.672149|3.720308,-37.632061,-24.586318,7.367939,16.373197,0.223607|3.720479,-37.627578,-24.592528,7.372422,16.383160,0.223607
188|3.741897,-37.132368,-25.420213|3.740341,-37.130731,-25.334309,7.869269,17.487264,0.223607|3.740511,-37.126199,-25.340468,7.873801,17.497337,0.223607
189|3.761907,-36.616306,-26.158098|3.760374,-36.614535,-26.072120,8.385465,18.634367,0.223607|3.760543,-36.609954,-26.078226,8.390046,18.644546,0.223607
190|3.781917,-36.085584,-26.885510|3.780407,-36.083679,-26.799455,8.916321,19.814046,0.223607|3.780577,-36.079052,-26.805507,8.920948,19.824330,0.223607
191|3.801927,-35.540412,-27.602157|3.800442,-35.538377,-27.516023,9.461623,21.025828,0.223607|3.800611,-35.533703,-27.522020,9.466297,21.036215,0.223607
192|3.821938,-34.981011,-28.307753|3.820477,-34.978847,-28.221537,10.021153,22.269228,0.223607|3.820645,-34.974127,-28.227477,10.025873,22.279717,0.223607
193|3.841948,-34.407603,-29.002014|3.840512,-34.405313,-28.915714,10.594687,23.543750,0.223607|3.840681,-34.400548,-28.921597,10.599452,23.554337,0.223607
194|3.861958,-33.820419,-29.684663|3.860549,-33.818003,-29.598278,11.181997,24.848881,0.223607|3.860717,-33.813195,-29.604101,11.186805,24.859566,0.223607
195|3.881968,-33.219694,-30.355427|3.880586,-33.217155,-30.268953,11.782845,26.184100,0.223607|3.880753,-33.212304,-30.274716,11.787696,26.194880,0.223607
196|3.901978,-32.605668,-31.014036|3.900623,-32.603007,-30.927473,12.396993,27.548873,0.223607|3.900790,-32.598115,-30.933174,12.401885,27.559745,0.223607
197|3.921988,-31.978586,-31.660228|3.920661,-31.975807,-31.573572,13.024193,28.942652,0.223607|3.920828,-31.970874,-31.579211,13.029126,28.953614,0.223607
198|3.941998,-31.338701,-32.293743|3.940700,-31.335804,-32.206993,13.664196,30.364879,0.223607|3.940866,-31.330832,-32.212568,13.669168,30.375930,0.223607
199|3.962009,-30.686267,-32.914328|3.960740,-30.683256,-32.827482,14.316744,31.814986,0.223607|3.960905,-30.678245,-32.832992,14.321755,31.826122,0.223607
200|3.982019,-30.021548,-33.521734|3.980780,-30.018424,-33.434790,14.981576,33.292391,0.223607|3.980944,-30.013375,-33.440234,14.986625,33.303611,0.223607
201|4.002029,-29.344807,-34.115719|4.000820,-29.341574,-34.028674,15.658426,34.796503,0.223607|4.000984,-29.336488,-34.034051,15.663512,34.807805,0.223607
202|4.022039,-28.656318,-34.696044|4.020861,-28.652976,-34.608897,16.347024,36.326719,0.223607|4.021024,-28.647855,-34.614206,16.352145,36.338101,0.223607
203|4.042049,-27.956354,-35.262476|4.040903,-27.952907,-35.175225,17.047093,37.882428,0.223607|4.041065,-27.947751,-35.180466,17.052249,37.893886,0.223607
204|4.062059,-27.245197,-35.814790|4.060945,-27.241647,-35.727433,17.758353,39.463006,0.223607|4.061107,-27.236458,-35.732604,17.763542,39.474538,0.223607
205|4.082069,-26.523132,-36.352764|4.080988,-26.519481,-36.265298,18.480519,41.067819,0.223607|4.081148,-26.514259,-36.270399,18.485741,41.079425,0.223607
206|4.102080,-25.790446,-36.876183|4.101031,-25.786698,-36.788607,19.213302,42.696227,0.223607|4.101191,-25.781444,-36.793637,19.218556,42.707902,0.223607
207|4.122090,-25.047435,-37.384837|4.121074,-25.043591,-37.297149,19.956409,44.347576,0.223607|4.121234,-25.038307,-37.302107,19.961693,44.359318,0.223607
208|4.142100,-24.294394,-37.878522|4.141118,-24.290458,-37.790720,20.709542,46.021205,0.223607|4.141277,-24.285144,-37.795606,20.714856,46.033013,0.223607
209|4.162110,-23.531627,-38.357040|4.161163,-23.527600,-38.269123,21.472400,47.716445,0.223607|4.161320,-23.522258,-38.273936,21.477742,47.728316,0.223607
210|4.182120,-22.759437,-38.820201|4.181208,-22.755323,-38.732166,22.244677,49.432616,0.223607|4.181364,-22.749954,-38.736906,22.250046,49.444547,0.223607
211|4.202130,-21.978135,-39.267819|4.201253,-21.973936,-39.179665,23.026064,51.169031,0.223607|4.201409,-21.968541,-39.184331,23.031459,51.181021,0.223607
212|4.222140,-21.188032,-39.699714|4.221299,-21.183752,-39.611439,23.816248,52.924995,0.223607|4.221454,-21.178332,-39.616030,23.821668,52.937041,0.223607
213|4.242151,-20.389447,-40.115713|4.241345,-20.385088,-40.027316,24.614912,54.699805,0.223607|4.241499,-20.379643,-40.031833,24.620357,54.711904,0.223607
214|4.262161,-19.582697,-40.515651|4.261392,-19.578262,-40.427129,25.421738,56.492751,0.223607|4.261545,-19.572795,-40.431571,25.427205,56.504901,0.223607
215|4.282171,-18.768107,-40.899366|4.281439,-18.763599,-40.810719,26.236401,58.303114,0.223607|4.281591,-18.758109,-40.815085,26.241891,58.315313,0.223607
216|4.302181,-17.946002,-41.266706|4.301486,-17.941424,-41.177931,27.058576,60.130169,0.223607|4.301637,-17.935914,-41.182221,27.064086,60.142414,0.223607
217|4.322191,-17.116712,-41.617523|4.321534,-17.112067,-41.528619,27.887933,61.973185,0.223607|4.321684,-17.106536,-41.532833,27.893464,61.985475,0.223607
218|4.342201,-16.280568,-41.951676|4.341582,-16.275859,-41.862642,28.724141,63.831424,0.223607|4.341730,-16.270310,-41.866779,28.729690,63.843756,0.223607
219|4.362211,-15.437905,-42.269032|4.361630,-15.433136,-42.179866,29.566864,65.704141,0.223607|4.361778,-15.427569,-42.183927,29.572431,65.716513,0.223607
220|4.382222,-14.589062,-42.569464|4.381679,-14.584235,-42.480165,30.415765,67.590588,0.223607|4.381825,-14.578651,-42.484149,30.421349,67.602997,0.223607
221|4.402232,-13.734377,-42.852852|4.401727,-13.729496,-42.763418,31.270504,69.490008,0.223607|4.401873,-13.723896,-42.767326,31.276104,69.502453,0.223607
222|4.422242,-12.874193,-43.119081|4.421777,-12.869261,-43.029512,32.130739,71.401642,0.223607|4.421921,-12.863646,-43.033343,32.136354,71.414120,0.223607
223|4.442252,-12.008854,-43.368046|4.441826,-12.003875,-43.278340,32.996125,73.324723,0.223607|4.441969,-11.998246,-43.282094,33.001754,73.337232,0.223607
224|4.462262,-11.138707,-43.599647|4.461875,-11.133683,-43.509802,33.866317,75.258481,0.223607|4.462017,-11.128041,-43.513479,33.871959,75.271019,0.223607
225|4.482272,-10.264100,-43.813791|4.481925,-10.259036,-43.723806,34.740964,77.202143,0.223607|4.482066,-10.253381,-43.727407,34.746619,77.214708,0.223607
226|4.502282,-9.385383,-44.010392|4.501975,-9.380281,-43.920266,35.619719,79.154930,0.223607|4.502115,-9.374616,-43.923790,35.625384,79.167520,0.223607
227|4.522293,-8.502909,-44.189371|4.522025,-8.497773,-44.099104,36.502227,81.116060,0.223607|4.522164,-8.492097,-44.102552,36.507903,81.128672,0.223607
228|4.542303,-7.617030,-44.350658|4.542075,-7.611863,-44.260248,37.388137,83.084748,0.223607|4.542213,-7.606179,-44.263619,37.393821,83.097381,0.223607
229|4.562313,-6.728101,-44.494187|4.562126,-6.722908,-44.403633,38.277092,85.060205,0.223607|4.562262,-6.717214,-44.406928,38.282786,85.072857,0.223607
230|4.582323,-5.836479,-44.619900|4.582176,-5.831262,-44.529202,39.168738,87.041641,0.223607|4.582311,-5.825561,-44.532422,39.174439,87.054310,0.223607
231|4.602333,-4.942519,-44.727749|4.602227,-4.937282,-44.636904,40.062718,89.028262,0.223607|4.602361,-4.931575,-44.640049,40.068425,89.040946,0.223607
232|4.622343,-4.046581,-44.817688|4.622278,-4.041327,-44.726697,40.958673,91.019272,0.223607|4.622410,-4.035614,-44.729767,40.964386,91.031969,0.223607
233|4.642353,-3.149022,-44.889683|4.642328,-3.143756,-44.798545,41.856244,93.013875,0.223607|4.642460,-3.138037,-44.801540,41.861963,93.026584,0.223607
234|4.662364,-2.250202,-44.943705|4.662379,-2.244928,-44.852418,42.755072,95.011272,0.223607|4.662510,-2.239204,-44.855339,42.760796,95.023990,0.223607
235|4.682374,-1.350482,-44.979731|4.682430,-1.345202,-44.888296,43.654798,97.010663,0.223607|4.682560,-1.339475,-44.891143,43.660525,97.023389,0.223607
236|4.702384,-0.450221,-44.997748|4.702481,-0.444939,-44.906163,44.555061,99.011246,0.223607|4.702609,-0.439209,-44.908937,44.560791,99.023979,0.223607
237|4.722394,0.450221,-44.997748|4.722532,0.455500,-44.906014,44.544500,98.987777,0.223607|4.722659,0.461232,-44.908715,44.538768,98.975040,0.223607
238|4.742404,1.350482,-44.979731|4.742583,1.355755,-44.887846,43.644245,96.987210,0.223607|4.742709,1.361489,-44.890475,43.638511,96.974470,0.223607
239|4.762414,2.250202,-44.943705|4.762634,2.255466,-44.851669,42.744534,94.987853,0.223607|4.762759,2.261200,-44.854226,42.738800,94.975111,0.223607
240|4.782424,3.149022,-44.889683|4.782685,3.154272,-44.797497,41.845728,92.990506,0.223607|4.782808,3.160006,-44.799983,41.839994,92.977764,0.223607
241|4.802435,4.046581,-44.817688|4.802736,4.051814,-44.725350,40.948186,90.995970,0.223607|4.802858,4.057547,-44.727766,40.942453,90.983229,0.223607
242|4.822445,4.942519,-44.727749|4.822786,4.947731,-44.635259,40.052269,89.005043,0.223607|4.822907,4.953463,-44.637605,40.046537,88.992304,0.223607
243|4.842455,5.836479,-44.619900|4.842837,5.841665,-44.527258,39.158335,87.018521,0.223607|4.842957,5.847396,-44.529535,39.152604,87.005786,0.223607
244|4.862465,6.728101,-44.494187|4.862888,6.733259,-44.401393,38.266741,85.037202,0.223607|4.863006,6.738988,-44.403601,38.261012,85.024472,0.223607
245|4.882475,7.617030,-44.350658|4.882938,7.622155,-44.257712,37.377845,83.061878,0.223607|4.883056,7.627881,-44.259853,37.372119,83.049154,0.223607
246|4.902485,8.502909,-44.189371|4.902988,8.507997,-44.096273,36.492003,81.093339,0.223607|4.903105,8.513720,-44.098347,36.486280,81.080623,0.223607
247|4.922495,9.385383,-44.010392|4.923038,9.390431,-43.917141,35.609569,79.132375,0.223607|4.923154,9.396150,-43.919149,35.603850,79.119667,0.223607
248|4.942506,10.264100,-43.813791|4.943088,10.269103,-43.720388,34.730897,77.179770,0.223607|4.943202,10.274818,-43.722331,34.725182,77.167071,0.223607
249|4.962516,11.138707,-43.599647|4.963138,11.143662,-43.506092,33.856338,75.236307,0.223607|4.963251,11.149372,-43.507971,33.850628,75.223618,0.223607
250|4.982526,12.008854,-43.368046|4.983188,12.013757,-43.274340,32.986243,73.302763,0.223607|4.983300,12.019461,-43.276155,32.980539,73.290086,0.223607
251|5.002536,12.874193,-43.119081|5.003237,12.879039,-43.025224,32.120961,71.379912,0.223607|5.003348,12.884739,-43.026976,32.115261,71.367247,0.223607
252|5.022546,13.734377,-42.852852|5.023287,13.739163,-42.758843,31.260837,69.468526,0.223607|5.023396,13.744857,-42.760534,31.255143,69.455874,0.223607
253|5.042556,14.589062,-42.569464|5.043336,14.593784,-42.475306,30.406216,67.569368,0.223607|5.043443,14.599472,-42.476935,30.400528,67.556730,0.223607
254|5.062567,15.437905,-42.269032|5.063384,15.442560,-42.174724,29.557440,65.683200,0.223607|5.063491,15.448241,-42.176293,29.551759,65.670576,0.223607
255|5.082577,16.280568,-41.951676|5.083433,16.285151,-41.857218,28.714849,63.810776,0.223607|5.083538,16.290825,-41.858729,28.709175,63.798167,0.223607
256|5.102587,17.116712,-41.617523|5.103481,17.121219,-41.522916,27.878781,61.952847,0.223607|5.103585,17.126886,-41.524369,27.873114,61.940254,0.223607
257|5.122597,17.946002,-41.266706|5.123529,17.950430,-41.171952,27.049570,60.110157,0.223607|5.123632,17.956089,-41.173347,27.043911,60.097579,0.223607
258|5.142607,18.768107,-40.899366|5.143576,18.772451,-40.804465,26.227549,58.283442,0.223607|5.143678,18.778103,-40.805804,26.221897,58.270882,0.223607
259|5.162617,19.582697,-40.515651|5.163623,19.586954,-40.420604,25.413046,56.473435,0.223607|5.163724,19.592599,-40.421888,25.407401,56.460892,0.223607
260|5.182627,20.389447,-40.115713|5.183670,20.393612,-40.020521,24.606388,54.680861,0.223607|5.183770,20.399249,-40.021751,24.600751,54.668335,0.223607
261|5.202638,21.188032,-39.699714|5.203717,21.192103,-39.604378,23.807897,52.906437,0.223607|5.203815,21.197732,-39.605554,23.802268,52.893929,0.223607
262|5.222648,21.978135,-39.267819|5.223763,21.982107,-39.172340,23.017893,51.150874,0.223607|5.223860,21.987727,-39.173464,23.012273,51.138384,0.223607
263|5.242658,22.759437,-38.820201|5.243809,22.763307,-38.724580,22.236693,49.414874,0.223607|5.243904,22.768919,-38.725653,22.231081,49.402403,0.223607
264|5.262668,23.531627,-38.357040|5.263854,23.535390,-38.261279,21.464610,47.699134,0.223607|5.263948,23.540994,-38.262301,21.459006,47.686680,0.223607
265|5.282678,24.294394,-37.878522|5.283899,24.298048,-37.782621,20.701952,46.004339,0.223607|5.283992,24.303643,-37.783594,20.696357,45.991904,0.223607
266|5.302688,25.047435,-37.384837|5.303944,25.050974,-37.288798,19.949026,44.331168,0.223607|5.304035,25.056562,-37.289723,19.943438,44.318752,0.223607
267|5.322698,25.790446,-36.876183|5.323988,25.793869,-36.780008,19.206131,42.680292,0.223607|5.324078,25.799447,-36.780886,19.200553,42.667895,0.223607
268|5.342709,26.523132,-36.352764|5.344031,26.526433,-36.256454,18.473567,41.052371,0.223607|5.344121,26.532003,-36.257286,18.467997,41.039993,0.223607
269|5.362719,27.245197,-35.814790|5.364075,27.248374,-35.718347,17.751626,39.448058,0.223607|5.364162,27.253936,-35.719134,17.746064,39.435698,0.223607
270|5.382729,27.956354,-35.262476|5.384117,27.959403,-35.165901,17.040597,37.867994,0.223607|5.384204,27.964956,-35.166644,17.035044,37.855653,0.223607
271|5.402739,28.656318,-34.696044|5.404160,28.659234,-34.599339,16.340766,36.312813,0.223607|5.404245,28.664779,-34.600038,16.335221,36.300490,0.223607
272|5.422749,29.344807,-34.115719|5.424202,29.347589,-34.018886,15.652411,34.783136,0.223607|5.424285,29.353125,-34.019544,15.646875,34.770833,0.223607
273|5.442759,30.021548,-33.521734|5.444243,30.024190,-33.424775,14.975810,33.279578,0.223607|5.444325,30.029719,-33.425392,14.970281,33.267292,0.223607
274|5.462769,30.686267,-32.914328|5.464284,30.688768,-32.817244,14.311232,31.802738,0.223607|5.464365,30.694288,-32.817821,14.305712,31.790471,0.223607
275|5.482780,31.338701,-32.293743|5.484324,31.341055,-32.196537,13.658945,30.353210,0.223607|5.484403,31.346568,-32.197075,13.653432,30.340960,0.223607
276|5.502790,31.978586,-31.660228|5.504363,31.980792,-31.562902,13.019208,28.931573,0.223607|5.504442,31.986297,-31.563402,13.013703,28.919341,0.223607
277|5.522800,32.605668,-31.014036|5.524403,32.607722,-30.916592,12.392278,27.538397,0.223607|5.524479,32.613218,-30.917056,12.386782,27.526182,0.223607
278|5.542810,33.219694,-30.355427|5.544441,33.221593,-30.257867,11.778407,26.174239,0.223607|5.544516,33.227082,-30.258295,11.772918,26.162040,0.223607
279|5.562820,33.820419,-29.684663|5.564479,33.822160,-29.586990,11.177840,24.839645,0.223607|5.564553,33.827641,-29.587383,11.172359,24.827464,0.223607
280|5.582830,34.407603,-29.002014|5.584517,34.409182,-28.904230,10.590818,23.535151,0.223607|5.584589,34.414657,-28.904589,10.585343,23.522985,0.223607
281|5.602840,34.981011,-28.307753|5.604554,34.982425,-28.209860,10.017575,22.261277,0.223607|5.604624,34.987892,-28.210186,10.012108,22.249128,0.223607
282|5.622851,35.540412,-27.602157|5.624590,35.541659,-27.504158,9.458341,21.018536,0.223607|5.624659,35.547119,-27.504452,9.452881,21.006402,0.223607
283|5.642861,36.085584,-26.885510|5.644625,36.086660,-26.787407,8.913340,19.807423,0.223607|5.644693,36.092113,-26.787671,8.907887,19.795304,0.223607
284|5.662871,36.616306,-26.158098|5.664660,36.617209,-26.059894,8.382791,18.628424,0.223607|5.664727,36.622656,-26.060128,8.377344,18.616319,0.223607
285|5.682881,37.132368,-25.420213|5.684695,37.133095,-25.321910,7.866905,17.482011,0.223607|5.684759,37.138536,-25.322115,7.861464,17.469920,0.223607
286|5.702891,37.633563,-24.672149|5.704729,37.634111,-24.573751,7.365889,16.368643,0.223607|5.704791,37.639545,-24.573928,7.360455,16.356566,0.223607
287|5.722901,38.119689,-23.914207|5.724762,38.120055,-23.815716,6.879945,15.288766,0.223607|5.724823,38.125484,-23.815866,6.874516,15.276702,0.223607
288|5.742911,38.590552,-23.146690|5.744794,38.590735,-23.048108,6.409265,14.242812,0.223607|5.744854,38.596158,-23.048233,6.403842,14.230760,0.223607
289|5.762922,39.045964,-22.369905|5.764826,39.045960,-22.271236,5.954040,13.231200,0.223607|5.764884,39.051378,-22.271335,5.948622,13.219160,0.223607
290|5.782932,39.485743,-21.584164|5.784857,39.485549,-21.485410,5.514451,12.254335,0.223607|5.784913,39.490962,-21.485485,5.509038,12.242307,0.223607
291|5.802942,39.909711,-20.789780|5.804888,39.909327,-20.690945,5.090673,11.312608,0.223607|5.804942,39.914734,-20.690997,5.085266,11.300591,0.223607
292|5.822952,40.317700,-19.987072|5.824918,40.317122,-19.888159,4.682878,10.406396,0.223607|5.824970,40.322525,-19.888189,4.677475,10.394389,0.223607
293|5.842962,40.709546,-19.176362|5.844947,40.708772,-19.077373,4.291228,9.536062,0.223607|5.844997,40.714171,-19.077382,4.285829,9.524065,0.223607
294|5.862972,41.085092,-18.357973|5.864975,41.084120,-18.258912,3.915880,8.701955,0.223607|5.865024,41.089515,-18.258901,3.910485,8.689968,0.223607
295|5.882982,41.444189,-17.532234|5.885003,41.443016,-17.433104,3.556984,7.904408,0.223607|5.885050,41.448407,-17.433073,3.551593,7.892430,0.223607
296|5.902993,41.786691,-16.699475|5.905030,41.785317,-16.600280,3.214683,7.143741,0.223607|5.905075,41.790703,-16.600230,3.209297,7.131771,0.223607
297|5.923003,42.112462,-15.860030|5.925056,42.110884,-15.760772,2.889116,6.420258,0.223607|5.925100,42.116267,-15.760705,2.883733,6.408296,0.223607
298|5.943013,42.421371,-15.014235|5.945082,42.419588,-14.914917,2.580412,5.734250,0.223607|5.945123,42.424967,-14.914833,2.575033,5.722295,0.223607
299|5.963023,42.713296,-14.162428|5.965107,42.711305,-14.063055,2.288695,5.085990,0.223607|5.965146,42.716681,-14.062954,2.283319,5.074042,0.223607
300|5.983033,42.988118,-13.304951|5.985131,42.985918,-13.205525,2.014082,4.475738,0.223607|5.985168,42.991292,-13.205409,2.008708,4.463796,0.223607
301|6.003043,43.245728,-12.442146|6.005154,43.243318,-12.342671,1.756682,3.903738,0.223607|6.005190,43.248689,-12.342541,1.751311,3.891803,0.223607
302|6.023053,43.486023,-11.574360|6.025177,43.483401,-11.474839,1.516599,3.370221,0.223607|6.025210,43.488769,-11.474696,1.511231,3.358290,0.223607
303|6.043064,43.708906,-10.701939|6.045199,43.706071,-10.602376,1.293929,2.875398,0.223607|6.045230,43.711437,-10.602220,1.288563,2.863473,0.223607
304|6.063074,43.914289,-9.825233|6.065220,43.911239,-9.725631,1.088761,2.419469,0.223607|6.065249,43.916603,-9.725464,1.083397,2.407548,0.223607
305|6.083084,44.102089,-8.944594|6.085241,44.098823,-8.844956,0.901177,2.002615,0.223607|6.085268,44.104186,-8.844779,0.895814,1.990698,0.223607
306|6.103094,44.272230,-8.060373|6.105260,44.268748,-7.960704,0.731252,1.625004,0.223607|6.105285,44.274109,-7.960516,0.725891,1.613091,0.223607
307|6.123104,44.424646,-7.172925|6.125279,44.420946,-7.073227,0.579054,1.286787,0.223607|6.125302,44.426305,-7.073030,0.573695,1.274877,0.223607
308|6.143114,44.559274,-6.282604|6.145297,44.555355,-6.182882,0.444645,0.988099,0.223607|6.145318,44.560713,-6.182677,0.439287,0.976192,0.223607
309|6.163124,44.676061,-5.389769|6.165315,44.671923,-5.290026,0.328077,0.729060,0.223607|6.165333,44.677280,-5.289813,0.322720,0.717156,0.223607
310|6.183135,44.774960,-4.494775|6.185331,44.770602,-4.395014,0.229398,0.509773,0.223607|6.185348,44.775958,-4.394795,0.224042,0.497872,0.223607
311|6.203145,44.855931,-3.597981|6.205347,44.851353,-3.498207,0.148647,0.330327,0.223607|6.205362,44.856708,-3.497982,0.143292,0.318427,0.223607
312|6.223155,44.918942,-2.699747|6.225362,44.914143,-2.599963,0.085857,0.190793,0.223607|6.225374,44.919497,-2.599732,0.080503,0.178895,0.223607
313|6.243165,44.963968,-1.800432|6.245377,44.958948,-1.700641,0.041052,0.091227,0.223607|6.245387,44.964301,-1.700406,0.035699,0.079330,0.223607
314|6.263175,44.990991,-0.900396|6.265390,44.985749,-0.800603,0.014251,0.031668,0.223607|6.265398,44.991102,-0.800364,0.008898,0.019773,0.223607
