OneBody4_E-0.20_plotinterval0.100_ecc0.0_RK4.txt
initial value : [x, y, v_x, v_y] = [22.50,0.00,0.00,0.63] , numerical interval dt = 0.02000 , [M, m] = [ 9, 1]

num|given_position|geodesic|newtonian
num| degree1, x1, y1 | degree2, x2, y2, simple error, relative error, d(rho) | degree2, x2, y2, simple error, relative error, dt
  1|0.000000,22.500000,0.000000|0.004444,22.499778,0.100000,0.000222,0.000988,0.158114|0.004444,22.499778,0.100000,0.000222,0.000988,0.158114
  2|0.020010,22.495496,0.450198|0.024454,22.494829,0.550194,0.005171,0.022982,0.158114|0.024454,22.494829,0.550192,0.005171,0.022982,0.158114
  3|0.040020,22.481984,0.900216|0.044462,22.480873,1.000202,0.019127,0.085007,0.158114|0.044462,22.480873,1.000196,0.019127,0.085007,0.158114
  4|0.060030,22.459471,1.349874|0.064469,22.457916,1.449843,0.042084,0.187038,0.158114|0.064468,22.457917,1.449830,0.042083,0.187037,0.158114
  5|0.080041,22.427965,1.798991|0.084474,22.425968,1.898937,0.074032,0.329033,0.158114|0.084473,22.425968,1.898915,0.074032,0.329032,0.158114
  6|0.100051,22.387480,2.247387|0.104479,22.385040,2.347306,0.114960,0.510936,0.158114|0.104477,22.385040,2.347271,0.114960,0.510935,0.158114
  7|0.120061,22.338030,2.694884|0.124482,22.335149,2.794768,0.164851,0.732673,0.158114|0.124480,22.335149,2.794718,0.164851,0.732672,0.158114
  8|0.140071,22.279637,3.141302|0.144484,22.276315,3.241145,0.223685,0.994156,0.158114|0.144481,22.276315,3.241078,0.223685,0.994155,0.158114
  9|0.160081,22.212323,3.586462|0.164484,22.208562,3.686259,0.291438,1.295281,0.158114|0.164480,22.208562,3.686170,0.291438,1.295280,0.158114
 10|0.180091,22.136115,4.030186|0.184483,22.131917,4.129930,0.368083,1.635926,0.158114|0.184478,22.131917,4.129818,0.368083,1.635926,0.158114
 11|0.200101,22.051044,4.472297|0.204481,22.046410,4.571982,0.453590,2.015955,0.158114|0.204475,22.046410,4.571844,0.453590,2.015956,0.158114
 12|0.220112,21.957145,4.912617|0.224478,21.952076,5.012238,0.547924,2.435216,0.158114|0.224471,21.952076,5.012070,0.547924,2.435218,0.158114
 13|0.240122,21.854453,5.350970|0.244474,21.848953,5.450520,0.651047,2.893541,0.158114|0.244465,21.848952,5.450321,0.651048,2.893545,0.158114
 14|0.260132,21.743012,5.787180|0.264468,21.737082,5.886654,0.762918,3.390747,0.158114|0.264458,21.737081,5.886420,0.762919,3.390752,0.158114
 15|0.280142,21.622864,6.221073|0.284461,21.616507,6.320466,0.883493,3.926634,0.158114|0.284450,21.616506,6.320194,0.883494,3.926642,0.158114
 16|0.300152,21.494059,6.652475|0.304453,21.487278,6.751781,1.012722,4.500987,0.158114|0.304440,21.487275,6.751468,1.012725,4.500998,0.158114
 17|0.320162,21.356648,7.081214|0.324444,21.349445,7.180426,1.150555,5.113578,0.158114|0.324429,21.349442,7.180071,1.150558,5.113592,0.158114
 18|0.340172,21.210686,7.507118|0.344433,21.203064,7.606231,1.296936,5.764160,0.158114|0.344416,21.203060,7.605829,1.296940,5.764178,0.158114
 19|0.360183,21.056231,7.930015|0.364421,21.048194,8.029024,1.451806,6.452473,0.158114|0.364403,21.048189,8.028574,1.451811,6.452495,0.158114
 20|0.380193,20.893345,8.349738|0.384408,20.884896,8.448637,1.615104,7.178241,0.158114|0.384388,20.884890,8.448135,1.615110,7.178269,0.158114
 21|0.400203,20.722094,8.766117|0.404394,20.713236,8.864901,1.786764,7.941174,0.158114|0.404372,20.713228,8.864344,1.786772,7.941208,0.158114
 22|0.420213,20.542546,9.178987|0.424379,20.533283,9.277651,1.966717,8.740966,0.158114|0.424354,20.533274,9.277036,1.966726,8.741006,0.158114
 23|0.440223,20.354773,9.588181|0.444362,20.345108,9.686720,2.154892,9.577298,0.158114|0.444335,20.345098,9.686044,2.154902,9.577344,0.158114
 24|0.460233,20.158850,9.993536|0.464344,20.148787,10.091944,2.351213,10.449834,0.158114|0.464315,20.148775,10.091206,2.351225,10.449887,0.158114
 25|0.480243,19.954856,10.394890|0.484325,19.944400,10.493163,2.555600,11.358224,0.158114|0.484294,19.944386,10.492358,2.555614,11.358286,0.158114
 26|0.500254,19.742871,10.792082|0.504305,19.732026,10.890214,2.767974,12.302106,0.158114|0.504271,19.732010,10.889340,2.767990,12.302176,0.158114
 27|0.520264,19.522982,11.184953|0.524284,19.511752,11.282940,2.988248,13.281101,0.158114|0.524248,19.511735,11.281993,2.988265,13.281180,0.158114
 28|0.540274,19.295276,11.573345|0.544261,19.283666,11.671182,3.216334,14.294817,0.158114|0.544223,19.283646,11.670161,3.216354,14.294905,0.158114
 29|0.560284,19.059844,11.957104|0.564237,19.047859,12.054786,3.452141,15.342849,0.158114|0.564197,19.047837,12.053686,3.452163,15.342947,0.158114
 30|0.580294,18.816781,12.336075|0.584213,18.804425,12.433598,3.695575,16.424777,0.158114|0.584169,18.804401,12.432417,3.695599,16.424885,0.158114
 31|0.600304,18.566184,12.710106|0.604187,18.553462,12.807467,3.946538,17.540168,0.158114|0.604141,18.553436,12.806201,3.946564,17.540286,0.158114
 32|0.620314,18.308153,13.079049|0.624160,18.295071,13.176242,4.204929,18.688575,0.158114|0.624112,18.295042,13.174889,4.204958,18.688704,0.158114
 33|0.640325,18.042792,13.442755|0.644131,18.029354,13.539776,4.470646,19.869539,0.158114|0.644081,18.029322,13.538333,4.470678,19.869678,0.158114
 34|0.660335,17.770206,13.801079|0.664102,17.756418,13.897923,4.743582,21.082586,0.158114|0.664049,17.756384,13.896387,4.743616,21.082736,0.158114
 35|0.680345,17.490505,14.153876|0.684071,17.476373,14.250541,5.023627,22.327231,0.158114|0.684016,17.476337,14.248909,5.023663,22.327393,0.158114
 36|0.700355,17.203802,14.501007|0.704040,17.189330,14.597488,5.310670,23.602976,0.158114|0.703982,17.189292,14.595757,5.310708,23.603149,0.158114
 37|0.720365,16.910210,14.842332|0.724007,16.895405,14.938626,5.604595,24.909311,0.158114|0.723948,16.895364,14.936791,5.604636,24.909494,0.158114
 38|0.740375,16.609847,15.177713|0.743974,16.594715,15.273817,5.905285,26.245712,0.158114|0.743912,16.594671,15.271877,5.905329,26.245905,0.158114
 39|0.760385,16.302834,15.507018|0.763939,16.287380,15.602927,6.212620,27.611643,0.158114|0.763875,16.287334,15.600879,6.212666,27.611847,0.158114
 40|0.780396,15.989293,15.830114|0.783903,15.973524,15.925825,6.526476,29.006560,0.158114|0.783837,15.973476,15.923665,6.526524,29.006773,0.158114
 41|0.800406,15.669350,16.146872|0.803866,15.653272,16.242382,6.846728,30.429902,0.158114|0.803798,15.653222,16.240107,6.846778,30.430125,0.158114
 42|0.820416,15.343134,16.457164|0.823828,15.326752,16.552471,7.173248,31.881101,0.158114|0.823758,15.326700,16.550078,7.173300,31.881332,0.158114
 43|0.840426,15.010774,16.760867|0.843789,14.994096,16.855967,7.505904,33.359575,0.158114|0.843717,14.994042,16.853453,7.505958,33.359814,0.158114
 44|0.860436,14.672404,17.057859|0.863749,14.655435,17.152750,7.844565,34.864732,0.158114|0.863675,14.655380,17.150112,7.844620,34.864978,0.158114
 45|0.880446,14.328159,17.348022|0.883708,14.310907,17.442700,8.189093,36.395971,0.158114|0.883632,14.310850,17.439935,8.189150,36.396222,0.158114
 46|0.900456,13.978177,17.631238|0.903666,13.960648,17.725702,8.539352,37.952678,0.158114|0.903589,13.960590,17.722806,8.539410,37.952933,0.158114
 47|0.920467,13.622599,17.907395|0.923623,13.604798,18.001641,8.895202,39.534229,0.158114|0.923544,13.604740,17.998613,8.895260,39.534487,0.158114
 48|0.940477,13.261566,18.176382|0.943579,13.243502,18.270409,9.256498,41.139993,0.158114|0.943499,13.243443,18.267244,9.256557,41.140252,0.158114
 49|0.960487,12.895223,18.438091|0.963535,12.876902,18.531897,9.623098,42.769326,0.158114|0.963453,12.876843,18.528592,9.623157,42.769585,0.158114
 50|0.980497,12.523717,18.692418|0.983489,12.505146,18.786000,9.994854,44.421575,0.158114|0.983406,12.505088,18.782553,9.994912,44.421832,0.158114
 51|1.000507,12.147197,18.939261|1.003442,12.128382,19.032617,10.371618,46.096080,0.158114|1.003359,12.128325,19.029025,10.371675,46.096332,0.158114
 52|1.020517,11.765813,19.178520|1.023395,11.746762,19.271650,10.753238,47.792171,0.158114|1.023310,11.746706,19.267908,10.753294,47.792416,0.158114
 53|1.040528,11.379718,19.410101|1.043346,11.360437,19.503001,11.139563,49.509168,0.158114|1.043261,11.360384,19.499108,11.139616,49.509404,0.158114
 54|1.060538,10.989067,19.633909|1.063297,10.969564,19.726580,11.530436,51.246384,0.158114|1.063212,10.969513,19.722532,11.530487,51.246608,0.158114
 55|1.080548,10.594016,19.849857|1.083247,10.574297,19.942296,11.925703,53.003123,0.158114|1.083161,10.574250,19.938091,11.925750,53.003333,0.158114
 56|1.100558,10.194723,20.057857|1.103196,10.174796,20.150063,12.325204,54.778684,0.158114|1.103110,10.174753,20.145697,12.325247,54.778875,0.158114
 57|1.120568,9.791349,20.257825|1.123144,9.771220,20.349798,12.728780,56.572354,0.158114|1.123059,9.771182,20.345269,12.728818,56.572524,0.158114
 58|1.140578,9.384053,20.449683|1.143091,9.363731,20.541422,13.136269,58.383416,0.158114|1.143006,9.363699,20.536726,13.136301,58.383562,0.158114
 59|1.160588,8.973001,20.633353|1.163038,8.952492,20.724856,13.547508,60.211145,0.158114|1.162953,8.952466,20.719991,13.547534,60.211263,0.158114
 60|1.180599,8.558356,20.808761|1.182984,8.537668,20.900028,13.962332,62.054809,0.158114|1.182900,8.537649,20.894991,13.962351,62.054895,0.158114
 61|1.200609,8.140284,20.975838|1.202929,8.119424,21.066869,14.380576,63.913671,0.158114|1.202846,8.119413,21.061656,14.380587,63.913721,0.158114
 62|1.220619,7.718953,21.134516|1.222873,7.697928,21.225310,14.802072,65.786987,0.158114|1.222792,7.697926,21.219919,14.802074,65.786996,0.158114
 63|1.240629,7.294531,21.284732|1.242817,7.273349,21.375289,15.226651,67.674006,0.158114|1.242737,7.273357,21.369718,15.226643,67.673970,0.158114
 64|1.260639,6.867188,21.426426|1.262760,6.845856,21.516745,15.654144,69.573973,0.158114|1.262682,6.845875,21.510991,15.654125,69.573887,0.158114
 65|1.280649,6.437096,21.559541|1.282702,6.415621,21.649622,16.084379,71.486128,0.158114|1.282626,6.415653,21.643682,16.084347,71.485988,0.158114
 66|1.300659,6.004427,21.684023|1.302644,5.982816,21.773868,16.517184,73.409705,0.158114|1.302570,5.982861,21.767739,16.517139,73.409505,0.158114
 67|1.320670,5.569353,21.799823|1.322584,5.547615,21.889431,16.952385,75.343935,0.158114|1.322513,5.547674,21.883111,16.952326,75.343670,0.158114
 68|1.340680,5.132050,21.906895|1.342525,5.110190,21.996266,17.389810,77.288044,0.158114|1.342456,5.110266,21.989753,17.389734,77.287707,0.158114
 69|1.360690,4.692692,22.005196|1.362465,4.670718,22.094331,17.829282,79.241252,0.158114|1.362399,4.670811,22.087621,17.829189,79.240839,0.158114
 70|1.380700,4.251454,22.094686|1.382404,4.229375,22.183585,18.270625,81.202779,0.158114|1.382342,4.229486,22.176676,18.270514,81.202283,0.158114
 71|1.400710,3.808515,22.175329|1.402343,3.786336,22.263993,18.713664,83.171839,0.158114|1.402284,3.786468,22.256884,18.713532,83.171254,0.158114
 72|1.420720,3.364051,22.247093|1.422281,3.341780,22.335523,19.158220,85.147644,0.158114|1.422226,3.341933,22.328211,19.158067,85.146963,0.158114
 73|1.440730,2.918239,22.309950|1.442218,2.895884,22.398147,19.604116,87.129403,0.158114|1.442168,2.896060,22.390629,19.603940,87.128620,0.158114
 74|1.460741,2.471260,22.363874|1.462156,2.448827,22.451839,20.051173,89.116324,0.158114|1.462110,2.449028,22.444114,20.050972,89.115431,0.158114
 75|1.480751,2.023290,22.408844|1.482092,2.000788,22.496578,20.499212,91.107610,0.158114|1.482051,2.001015,22.488643,20.498985,91.106601,0.158114
 76|1.500761,1.574511,22.444842|1.502029,1.551945,22.532345,20.948055,93.102465,0.158114|1.501993,1.552200,22.524199,20.947800,93.101332,0.158114
 77|1.520771,1.125101,22.471852|1.521965,1.102480,22.559127,21.397520,95.100090,0.158114|1.521934,1.102764,22.550767,21.397236,95.098826,0.158114
 78|1.540781,0.675241,22.489865|1.541900,0.652571,22.576913,21.847429,97.099685,0.158114|1.541875,0.652887,22.568338,21.847113,97.098282,0.158114
 79|1.560791,0.225110,22.498874|1.561835,0.202398,22.585696,22.297602,99.100451,0.158114|1.561816,0.202747,22.576904,22.297253,99.098901,0.158114
 80|1.580801,-0.225110,22.498874|1.581770,-0.247857,22.585472,22.252143,98.898413,0.158114|1.581757,-0.247473,22.576461,22.252527,98.900119,0.158114
 81|1.600812,-0.675241,22.489865|1.601705,-0.698015,22.576242,21.801985,96.897709,0.158114|1.601699,-0.697595,22.567009,21.802405,96.899579,0.158114
 82|1.620822,-1.125101,22.471852|1.621639,-1.147896,22.558008,21.352104,94.898238,0.158114|1.621640,-1.147437,22.548554,21.352563,94.900280,0.158114
 83|1.640832,-1.574511,22.444842|1.641573,-1.597320,22.530779,20.902680,92.900799,0.158114|1.641581,-1.596820,22.521101,20.903180,92.903022,0.158114
 84|1.660842,-2.023290,22.408844|1.661507,-2.046107,22.494565,20.453893,90.906192,0.158114|1.661523,-2.045564,22.484662,20.454436,90.908605,0.158114
 85|1.680852,-2.471260,22.363874|1.681440,-2.494076,22.449381,20.005924,88.915216,0.158114|1.681464,-2.493489,22.439252,20.006511,88.917828,0.158114
 86|1.700862,-2.918239,22.309950|1.701374,-2.941050,22.395244,19.558950,86.928668,0.158114|1.701406,-2.940415,22.384888,19.559585,86.931488,0.158114
 87|1.720872,-3.364051,22.247093|1.721307,-3.386848,22.332177,19.113152,84.947342,0.158114|1.721348,-3.386165,22.321592,19.113835,84.950380,0.158114
 88|1.740883,-3.808515,22.175329|1.741240,-3.831293,22.260205,18.668707,82.972032,0.158114|1.741290,-3.830558,22.249391,18.669442,82.975297,0.158114
 89|1.760893,-4.251454,22.094686|1.761174,-4.274206,22.179356,18.225794,81.003528,0.158114|1.761232,-4.273418,22.168312,18.226582,81.007030,0.158114
 90|1.780903,-4.692692,22.005196|1.781107,-4.715411,22.089663,17.784589,79.042618,0.158114|1.781174,-4.714567,22.078388,17.785433,79.046367,0.158114
 91|1.800913,-5.132050,21.906895|1.801040,-5.154730,21.991162,17.345270,77.090088,0.158114|1.801117,-5.153829,21.979655,17.346171,77.094094,0.158114
 92|1.820923,-5.569353,21.799823|1.820973,-5.591988,21.883892,16.908012,75.146719,0.158114|1.821060,-5.591027,21.872153,16.908973,75.150991,0.158114
 93|1.840933,-6.004427,21.684023|1.840906,-6.027010,21.767896,16.472990,73.213288,0.158114|1.841004,-6.025987,21.755925,16.474013,73.217837,0.158114
 94|1.860943,-6.437096,21.559541|1.860839,-6.459622,21.643221,16.040378,71.290570,0.158114|1.860948,-6.458534,21.631016,16.041466,71.295407,0.158114
 95|1.880954,-6.867188,21.426426|1.880772,-6.889650,21.509916,15.610350,69.379334,0.158114|1.880892,-6.888495,21.497478,15.611505,69.384468,0.158114
 96|1.900964,-7.294531,21.284732|1.900706,-7.316922,21.368035,15.183078,67.480345,0.158114|1.900836,-7.315698,21.355364,15.184302,67.485788,0.158114
 97|1.920974,-7.718953,21.134516|1.920639,-7.741268,21.217634,14.758732,65.594364,0.158114|1.920781,-7.739972,21.204731,14.760028,65.600126,0.158114
 98|1.940984,-8.140284,20.975838|1.940573,-8.162517,21.058775,14.337483,63.722145,0.158114|1.940727,-8.161147,21.045638,14.338853,63.728236,0.158114
 99|1.960994,-8.558356,20.808761|1.960507,-8.580501,20.891519,13.919499,61.864438,0.158114|1.960673,-8.579054,20.878150,13.920946,61.870870,0.158114
100|1.981004,-8.973001,20.633353|1.980441,-8.995053,20.715935,13.504947,60.021986,0.158114|1.980619,-8.993527,20.702334,13.506473,60.028769,0.158114
101|2.001014,-9.384053,20.449683|2.000376,-9.406006,20.532093,13.093994,58.195528,0.158114|2.000567,-9.404399,20.518259,13.095601,58.202672,0.158114
102|2.021025,-9.791349,20.257825|2.020311,-9.813197,20.340066,12.686803,56.385793,0.158114|2.020514,-9.811505,20.326001,12.688495,56.393310,0.158114
103|2.041035,-10.194723,20.057857|2.040246,-10.216461,20.139930,12.283539,54.593507,0.158114|2.040462,-10.214683,20.125635,12.285317,54.601407,0.158114
104|2.061045,-10.594016,19.849857|2.060182,-10.615638,19.931767,11.884362,52.819386,0.158114|2.060411,-10.613772,19.917242,11.886228,52.827682,0.158114
105|2.081055,-10.989067,19.633909|2.080118,-11.010568,19.715659,11.489432,51.064142,0.158114|2.080361,-11.008610,19.700906,11.491390,51.072843,0.158114
106|2.101065,-11.379718,19.410101|2.100054,-11.401093,19.491693,11.098907,49.328476,0.158114|2.100311,-11.399041,19.476713,11.100959,49.337594,0.158114
107|2.121075,-11.765813,19.178520|2.119991,-11.787056,19.259959,10.712944,47.613084,0.158114|2.120262,-11.784908,19.244752,10.715092,47.622629,0.158114
108|2.141085,-12.147197,18.939261|2.139929,-12.168303,19.020549,10.331697,45.918652,0.158114|2.140213,-12.166057,19.005117,10.333943,45.928636,0.158114
109|2.161096,-12.523717,18.692418|2.159867,-12.544682,18.773559,9.955318,44.245859,0.158114|2.160166,-12.542334,18.757904,9.957666,44.256292,0.158114
110|2.181106,-12.895223,18.438091|2.179805,-12.916041,18.519088,9.583959,42.595374,0.158114|2.180119,-12.913590,18.503211,9.586410,42.606266,0.158114
111|2.201116,-13.261566,18.176382|2.199745,-13.282232,18.257238,9.217768,40.967858,0.158114|2.200073,-13.279675,18.241141,9.220325,40.979221,0.158114
112|2.221126,-13.622599,17.907395|2.219684,-13.643109,17.988114,8.856891,39.363962,0.158114|2.220027,-13.640444,17.971799,8.859556,39.375806,0.158114
113|2.241136,-13.978177,17.631238|2.239625,-13.998526,17.711823,8.501474,37.784328,0.158114|2.239983,-13.995750,17.695292,8.504250,37.796665,0.158114
114|2.261146,-14.328159,17.348022|2.259566,-14.348342,17.428475,8.151658,36.229589,0.158114|2.259939,-14.345453,17.411731,8.154547,36.242429,0.158114
115|2.281156,-14.672404,17.057859|2.279508,-14.692417,17.138186,7.807583,34.700368,0.158114|2.279896,-14.689413,17.121229,7.810587,34.713721,0.158114
116|2.301167,-15.010774,16.760867|2.299451,-15.030613,16.841069,7.469387,33.197276,0.158114|2.299854,-15.027491,16.823904,7.472509,33.211152,0.158114
117|2.321177,-15.343134,16.457164|2.319395,-15.362794,16.537245,7.137206,31.720915,0.158114|2.319813,-15.359552,16.519873,7.140448,31.735325,0.158114
118|2.341187,-15.669350,16.146872|2.339339,-15.688828,16.226836,6.811172,30.271876,0.158114|2.339773,-15.685463,16.209259,6.814537,30.286831,0.158114
119|2.361197,-15.989293,15.830114|2.359284,-16.008584,15.909964,6.491416,28.850739,0.158114|2.359734,-16.005094,15.892186,6.494906,28.866248,0.158114
120|2.381207,-16.302834,15.507018|2.379230,-16.321933,15.586758,6.178067,27.458074,0.158114|2.379696,-16.318317,15.568781,6.181683,27.474147,0.158114
121|2.401217,-16.609847,15.177713|2.399178,-16.628752,15.257346,5.871248,26.094437,0.158114|2.399659,-16.625006,15.239174,5.874994,26.111084,0.158114
122|2.421227,-16.910210,14.842332|2.419126,-16.928916,14.921860,5.571084,24.760375,0.158114|2.419623,-16.925039,14.903496,5.574961,24.777606,0.158114
123|2.441238,-17.203802,14.501007|2.439075,-17.222305,14.580435,5.277695,23.456422,0.158114|2.439588,-17.218295,14.561882,5.281705,23.474245,0.158114
124|2.461248,-17.490505,14.153876|2.459025,-17.508803,14.233208,4.991197,22.183099,0.158114|2.459554,-17.504657,14.214469,4.995343,22.201525,0.158114
125|2.481258,-17.770206,13.801079|2.478976,-17.788294,13.880316,4.711706,20.940917,0.158114|2.479521,-17.784010,13.861395,4.715990,20.959954,0.158114
126|2.501268,-18.042792,13.442755|2.498928,-18.060666,13.521903,4.439334,19.730373,0.158114|2.499489,-18.056243,13.502803,4.443757,19.750030,0.158114
127|2.521278,-18.308153,13.079049|2.518882,-18.325811,13.158110,4.174189,18.551952,0.158114|2.519458,-18.321247,13.138835,4.178753,18.572238,0.158114
128|2.541288,-18.566184,12.710106|2.538836,-18.583622,12.789083,3.916378,17.406124,0.158114|2.539428,-18.578914,12.769638,3.921086,17.427048,0.158114
129|2.561298,-18.816781,12.336075|2.558792,-18.833996,12.414972,3.666004,16.293350,0.158114|2.559400,-18.829143,12.395359,3.670857,16.314919,0.158114
130|2.581309,-19.059844,11.957104|2.578749,-19.076833,12.035924,3.423167,15.214074,0.158114|2.579372,-19.071833,12.016148,3.428167,15.236297,0.158114
131|2.601319,-19.295276,11.573345|2.598707,-19.312036,11.652092,3.187964,14.168729,0.158114|2.599346,-19.306887,11.632157,3.193113,14.191613,0.158114
132|2.621329,-19.522982,11.184953|2.618666,-19.539510,11.263629,2.960490,13.157733,0.158114|2.619321,-19.534211,11.243540,2.965789,13.181287,0.158114
133|2.641339,-19.742871,10.792082|2.638627,-19.759164,10.870692,2.740836,12.181491,0.158114|2.639297,-19.753713,10.850452,2.746287,12.205721,0.158114
134|2.661349,-19.954856,10.394890|2.658589,-19.970911,10.473436,2.529089,11.240394,0.158114|2.659275,-19.965306,10.453051,2.534694,11.265308,0.158114
135|2.681359,-20.158850,9.993536|2.678552,-20.174666,10.072022,2.325334,10.334819,0.158114|2.679253,-20.168905,10.051496,2.331095,10.360423,0.158114
136|2.701369,-20.354773,9.588181|2.698517,-20.370346,9.666610,2.129654,9.465128,0.158114|2.699233,-20.364429,9.645947,2.135571,9.491428,0.158114
137|2.721380,-20.542546,9.178987|2.718483,-20.557874,9.257362,1.942126,8.631669,0.158114|2.719214,-20.551799,9.236567,1.948201,8.658673,0.158114
138|2.741390,-20.722094,8.766117|2.738451,-20.737175,8.844443,1.762825,7.834777,0.158114|2.739196,-20.730940,8.823520,1.769060,7.862489,0.158114
139|2.761400,-20.893345,8.349738|2.758420,-20.908177,8.428016,1.591823,7.074769,0.158114|2.759180,-20.901781,8.406972,1.598219,7.103197,0.158114
140|2.781410,-21.056231,7.930015|2.778390,-21.070811,8.008250,1.429189,6.351952,0.158114|2.779165,-21.064253,7.987088,1.435747,6.381099,0.158114
141|2.801420,-21.210686,7.507118|2.798362,-21.225012,7.585311,1.274988,5.666613,0.158114|2.799151,-21.218291,7.564038,1.281709,5.696486,0.158114
142|2.821430,-21.356648,7.081214|2.818335,-21.370719,7.159371,1.129281,5.019027,0.158114|2.819138,-21.363833,7.137990,1.136167,5.049631,0.158114
143|2.841440,-21.494059,6.652475|2.838310,-21.507873,6.730598,0.992127,4.409455,0.158114|2.839127,-21.500822,6.709115,0.999178,4.440793,0.158114
144|2.861451,-21.622864,6.221073|2.858287,-21.636419,6.299164,0.863581,3.838139,0.158114|2.859117,-21.629201,6.277585,0.870799,3.870216,0.158114
145|2.881461,-21.743012,5.787180|2.878265,-21.756306,5.865243,0.743694,3.305308,0.158114|2.879108,-21.748921,5.843573,0.751079,3.338129,0.158114
146|2.901471,-21.854453,5.350970|2.898244,-21.867485,5.429008,0.632515,2.811177,0.158114|2.899101,-21.859933,5.407252,0.640067,2.844744,0.158114
147|2.921481,-21.957145,4.912617|2.918225,-21.969913,4.990634,0.530087,2.355942,0.158114|2.919095,-21.962192,4.968798,0.537808,2.390259,0.158114
148|2.941491,-22.051044,4.472297|2.938208,-22.063548,4.550295,0.436452,1.939787,0.158114|2.939091,-22.055657,4.528385,0.444343,1.974856,0.158114
149|2.961501,-22.136115,4.030186|2.958193,-22.148353,4.108169,0.351647,1.562877,0.158114|2.959087,-22.140292,4.086190,0.359708,1.598701,0.158114
150|2.981511,-22.212323,3.586462|2.978179,-22.224293,3.664433,0.275707,1.225364,0.158114|2.979085,-22.216062,3.642390,0.283938,1.261946,0.158114
151|3.001522,-22.279637,3.141302|2.998167,-22.291339,3.219263,0.208661,0.927383,0.158114|2.999085,-22.282937,3.197163,0.217063,0.964724,0.158114
152|3.021532,-22.338030,2.694884|3.018156,-22.349463,2.772839,0.150537,0.669053,0.158114|3.019086,-22.340890,2.750687,0.159110,0.707155,0.158114
153|3.041542,-22.387480,2.247387|3.038147,-22.398642,2.325339,0.101358,0.450478,0.158114|3.039088,-22.389898,2.303141,0.110102,0.489342,0.158114
154|3.061552,-22.427965,1.798991|3.058140,-22.438857,1.876942,0.061143,0.271745,0.158114|3.059092,-22.429941,1.854704,0.070059,0.311372,0.158114
155|3.081562,-22.459471,1.349874|3.078134,-22.470092,1.427828,0.029908,0.132926,0.158114|3.079097,-22.461004,1.405555,0.038996,0.173316,0.158114
156|3.101572,-22.481984,0.900216|3.098131,-22.492333,0.978177,0.007667,0.034076,0.158114|3.099103,-22.483073,0.955875,0.016927,0.075230,0.158114
157|3.121583,-22.495496,0.450198|3.118129,-22.505572,0.528168,0.005572,0.024764,0.158114|3.119111,-22.496140,0.505843,0.003860,0.017153,0.158114
158|3.141593,-22.500000,0.000000|3.138128,-22.509804,0.077981,0.009804,0.043572,0.158114|3.139120,-22.500201,0.055640,0.000201,0.000891,0.158114
159|3.161603,-22.495496,-0.450198|3.158130,-22.505026,-0.372202,0.005026,0.022339,0.158114|3.159130,-22.495252,-0.394555,0.004748,0.021104,0.158114
160|3.181613,-22.481984,-0.900216|3.178133,-22.491242,-0.822202,0.008758,0.038925,0.158114|3.179142,-22.481296,-0.844560,0.018704,0.083129,0.158114
161|3.201623,-22.459471,-1.349874|3.198138,-22.468456,-1.271839,0.031544,0.140197,0.158114|3.199156,-22.458339,-1.294196,0.041661,0.185160,0.158114
162|3.221633,-22.427965,-1.798991|3.218145,-22.436677,-1.720933,0.063323,0.281435,0.158114|3.219170,-22.426390,-1.743282,0.073610,0.327156,0.158114
163|3.241643,-22.387480,-2.247387|3.238153,-22.395919,-2.169303,0.104081,0.462584,0.158114|3.239186,-22.385461,-2.191639,0.114539,0.509060,0.158114
164|3.261654,-22.338030,-2.694884|3.258163,-22.346197,-2.616771,0.153803,0.683570,0.158114|3.259204,-22.335570,-2.639088,0.164430,0.730800,0.158114
165|3.281664,-22.279637,-3.141302|3.278175,-22.287531,-3.063156,0.212469,0.944306,0.158114|3.279222,-22.276736,-3.085449,0.223264,0.992286,0.158114
166|3.301674,-22.212323,-3.586462|3.298189,-22.219945,-3.508281,0.280055,1.244688,0.158114|3.299243,-22.208982,-3.530543,0.291018,1.293414,0.158114
167|3.321684,-22.136115,-4.030186|3.318204,-22.143466,-3.951967,0.356534,1.584593,0.158114|3.319264,-22.132336,-3.974192,0.367664,1.634063,0.158114
168|3.341694,-22.051044,-4.472297|3.338221,-22.058125,-4.394037,0.441875,1.963888,0.158114|3.339287,-22.046828,-4.416219,0.453172,2.014096,0.158114
169|3.361704,-21.957145,-4.912617|3.358240,-21.963956,-4.834313,0.536044,2.382419,0.158114|3.359311,-21.952493,-4.856447,0.547507,2.433363,0.158114
170|3.381714,-21.854453,-5.350970|3.378261,-21.860995,-5.272619,0.639005,2.840020,0.158114|3.379337,-21.849369,-5.294699,0.650631,2.891694,0.158114
171|3.401725,-21.743012,-5.787180|3.398283,-21.749286,-5.708780,0.750714,3.336507,0.158114|3.399364,-21.737496,-5.730800,0.762504,3.388906,0.158114
172|3.421735,-21.622864,-6.221073|3.418308,-21.628872,-6.142621,0.871128,3.871682,0.158114|3.419392,-21.616920,-6.164575,0.883080,3.924801,0.158114
173|3.441745,-21.494059,-6.652475|3.438333,-21.499801,-6.573969,1.000199,4.445329,0.158114|3.439422,-21.487688,-6.595850,1.012312,4.499163,0.158114
174|3.461755,-21.356648,-7.081214|3.458361,-21.362125,-7.002650,1.137875,5.057220,0.158114|3.459453,-21.349853,-7.024454,1.150147,5.111763,0.158114
175|3.481765,-21.210686,-7.507118|3.478390,-21.215900,-7.428492,1.284100,5.707110,0.158114|3.479485,-21.203470,-7.450213,1.296530,5.762355,0.158114
176|3.501775,-21.056231,-7.930015|3.498421,-21.061184,-7.851327,1.438816,6.394738,0.158114|3.499519,-21.048597,-7.872959,1.451403,6.450679,0.158114
177|3.521785,-20.893345,-8.349738|3.518454,-20.898039,-8.270983,1.601961,7.119829,0.158114|3.519554,-20.885297,-8.292521,1.614703,7.176459,0.158114
178|3.541796,-20.722094,-8.766117|3.538488,-20.726529,-8.687293,1.773471,7.882092,0.158114|3.539590,-20.713634,-8.708731,1.786366,7.939405,0.158114
179|3.561806,-20.542546,-9.178987|3.558524,-20.546725,-9.100091,1.953275,8.681224,0.158114|3.559628,-20.533678,-9.121424,1.966322,8.739211,0.158114
180|3.581816,-20.354773,-9.588181|3.578562,-20.358697,-9.509211,2.141303,9.516902,0.158114|3.579666,-20.345500,-9.530433,2.154500,9.575557,0.158114
181|3.601826,-20.158850,-9.993536|3.598601,-20.162521,-9.914489,2.337479,10.388794,0.158114|3.599706,-20.149176,-9.935595,2.350824,10.448108,0.158114
182|3.621836,-19.954856,-10.394890|3.618642,-19.958276,-10.315763,2.541724,11.296550,0.158114|3.619748,-19.944784,-10.336748,2.555216,11.356514,0.158114
183|3.641846,-19.742871,-10.792082|3.638685,-19.746044,-10.712872,2.753956,12.239806,0.158114|3.639790,-19.732407,-10.733730,2.767593,12.300413,0.158114
184|3.661856,-19.522982,-11.184953|3.658729,-19.525908,-11.105658,2.974092,13.218185,0.158114|3.659834,-19.512129,-11.126384,2.987871,13.279425,0.158114
185|3.681867,-19.295276,-11.573345|3.678774,-19.297959,-11.493962,3.202041,14.231295,0.158114|3.679879,-19.284039,-11.514552,3.215961,14.293160,0.158114
186|3.701877,-19.059844,-11.957104|3.698821,-19.062286,-11.877630,3.437714,15.278730,0.158114|3.699925,-19.048228,-11.898078,3.451772,15.341211,0.158114
187|3.721887,-18.816781,-12.336075|3.718870,-18.818984,-12.256507,3.681016,16.360072,0.158114|3.719973,-18.804789,-12.276809,3.695211,16.423158,0.158114
188|3.741897,-18.566184,-12.710106|3.738920,-18.568151,-12.630442,3.931849,17.474886,0.158114|3.740021,-18.553822,-12.650593,3.946178,17.538568,0.158114
189|3.761907,-18.308153,-13.079049|3.758972,-18.309886,-12.999286,4.190114,18.622727,0.158114|3.760071,-18.295426,-13.019281,4.204574,18.686996,0.158114
190|3.781917,-18.042792,-13.442755|3.779025,-18.044295,-13.362890,4.455705,19.803135,0.158114|3.780122,-18.029705,-13.382725,4.470295,19.867980,0.158114
191|3.801927,-17.770206,-13.801079|3.799080,-17.771482,-13.721109,4.728518,21.015637,0.158114|3.800174,-17.756764,-13.740779,4.743236,21.081048,0.158114
192|3.821938,-17.490505,-14.153876|3.819135,-17.491557,-14.073800,5.008443,22.259748,0.158114|3.820227,-17.476714,-14.093300,5.023286,22.325714,0.158114
193|3.841948,-17.203802,-14.501007|3.839193,-17.204632,-14.420821,5.295368,23.534970,0.158114|3.840281,-17.189667,-14.440148,5.310333,23.601480,0.158114
194|3.861958,-16.910210,-14.842332|3.859251,-16.910822,-14.762033,5.589178,24.840791,0.158114|3.860336,-16.895737,-14.781182,5.604263,24.907835,0.158114
195|3.881968,-16.609847,-15.177713|3.879311,-16.610245,-15.097300,5.889755,26.176690,0.158114|3.880392,-16.595042,-15.116267,5.904958,26.244257,0.158114
196|3.901978,-16.302834,-15.507018|3.899373,-16.303020,-15.426487,6.196980,27.542131,0.158114|3.900449,-16.287703,-15.445268,6.212297,27.610209,0.158114
197|3.921988,-15.989293,-15.830114|3.919435,-15.989272,-15.749462,6.510728,28.936568,0.158114|3.920508,-15.973842,-15.768054,6.526158,29.005145,0.158114
198|3.941998,-15.669350,-16.146872|3.939499,-15.669126,-16.066097,6.830874,30.359441,0.158114|3.940567,-15.653586,-16.084495,6.846414,30.428507,0.158114
199|3.962009,-15.343134,-16.457164|3.959564,-15.342709,-16.376264,7.157291,31.810182,0.158114|3.960627,-15.327062,-16.394465,7.172938,31.879725,0.158114
200|3.982019,-15.010774,-16.760867|3.979630,-15.010153,-16.679839,7.489847,33.288209,0.158114|3.980689,-14.994401,-16.697840,7.505599,33.358216,0.158114
201|4.002029,-14.672404,-17.057859|3.999698,-14.671591,-16.976700,7.828409,34.792931,0.158114|4.000751,-14.655737,-16.994497,7.844263,34.863391,0.158114
202|4.022039,-14.328159,-17.348022|4.019766,-14.327157,-17.266729,8.172843,36.323745,0.158114|4.020814,-14.311205,-17.284319,8.188795,36.394645,0.158114
203|4.042049,-13.978177,-17.631238|4.039836,-13.976992,-17.549810,8.523008,37.880037,0.158114|4.040878,-13.960943,-17.567189,8.539057,37.951366,0.158114
204|4.062059,-13.622599,-17.907395|4.059906,-13.621233,-17.825829,8.878767,39.461185,0.158114|4.060943,-13.605091,-17.842994,8.894909,39.532931,0.158114
205|4.082069,-13.261566,-18.176382|4.079978,-13.260025,-18.094675,9.239975,41.066556,0.158114|4.081008,-13.243791,-18.111624,9.256209,41.138705,0.158114
206|4.102080,-12.895223,-18.438091|4.100051,-12.893511,-18.356240,9.606489,42.695506,0.158114|4.101075,-12.877189,-18.372971,9.622811,42.768047,0.158114
207|4.122090,-12.523717,-18.692418|4.120125,-12.521839,-18.610421,9.978161,44.347384,0.158114|4.121142,-12.505432,-18.626930,9.994568,44.420304,0.158114
208|4.142100,-12.147197,-18.939261|4.140199,-12.145156,-18.857116,10.354844,46.021527,0.158114|4.141210,-12.128667,-18.873400,10.371333,46.094814,0.158114
209|4.162110,-11.765813,-19.178520|4.160275,-11.763615,-19.096224,10.736385,47.717266,0.158114|4.161279,-11.747046,-19.112282,10.752954,47.790907,0.158114
210|4.182120,-11.379718,-19.410101|4.180351,-11.377368,-19.327651,11.122632,49.433921,0.158114|4.181349,-11.360722,-19.343480,11.139278,49.507904,0.158114
211|4.202130,-10.989067,-19.633909|4.200429,-10.986569,-19.551304,11.513431,51.170804,0.158114|4.201419,-10.969849,-19.566902,11.530151,51.245117,0.158114
212|4.222140,-10.594016,-19.849857|4.220507,-10.591375,-19.767094,11.908625,52.927221,0.158114|4.221490,-10.574584,-19.782459,11.925416,53.001850,0.158114
213|4.242151,-10.194723,-20.057857|4.240586,-10.191945,-19.974933,12.308055,54.702468,0.158114|4.241562,-10.175085,-19.990063,12.324915,54.777401,0.158114
214|4.262161,-9.791349,-20.257825|4.260665,-9.788437,-20.174740,12.711563,56.495834,0.158114|4.261634,-9.771512,-20.189633,12.728488,56.571058,0.158114
215|4.282171,-9.384053,-20.449683|4.280746,-9.381015,-20.366432,13.118985,58.306600,0.158114|4.281707,-9.364027,-20.381087,13.135973,58.382104,0.158114
216|4.302181,-8.973001,-20.633353|4.300827,-8.969840,-20.549935,13.530160,60.134042,0.158114|4.301780,-8.952792,-20.564350,13.547208,60.209812,0.158114
217|4.322191,-8.558356,-20.808761|4.320908,-8.555079,-20.725174,13.944921,61.977428,0.158114|4.321854,-8.537973,-20.739348,13.962027,62.053452,0.158114
218|4.342201,-8.140284,-20.975838|4.340991,-8.136896,-20.892079,14.363104,63.836019,0.158114|4.341929,-8.119736,-20.906010,14.380264,63.912285,0.158114
219|4.362211,-7.718953,-21.134516|4.361074,-7.715459,-21.050584,14.784541,65.709072,0.158114|4.362004,-7.698247,-21.064271,14.801753,65.785567,0.158114
220|4.382222,-7.294531,-21.284732|4.381157,-7.290937,-21.200624,15.209063,67.595835,0.158114|4.382080,-7.273677,-21.214067,15.226323,67.672547,0.158114
221|4.402232,-6.867188,-21.426426|4.401241,-6.863500,-21.342140,15.636500,69.495554,0.158114|4.402156,-6.846194,-21.355337,15.653806,69.572471,0.158114
222|4.422242,-6.437096,-21.559541|4.421325,-6.433320,-21.475075,16.066680,71.407467,0.158114|4.422232,-6.415970,-21.488026,16.084030,71.484577,0.158114
223|4.442252,-6.004427,-21.684023|4.441410,-6.000568,-21.599376,16.499432,73.330809,0.158114|4.442309,-5.983177,-21.612080,16.516823,73.408100,0.158114
224|4.462262,-5.569353,-21.799823|4.461496,-5.565418,-21.714992,16.934582,75.264810,0.158114|4.462386,-5.547989,-21.727450,16.952011,75.342270,0.158114
225|4.482272,-5.132050,-21.906895|4.481581,-5.128044,-21.821879,17.371956,77.208694,0.158114|4.482464,-5.110580,-21.834088,17.389420,77.286312,0.158114
226|4.502282,-4.692692,-22.005196|4.501667,-4.688621,-21.919992,17.811379,79.161685,0.158114|4.502542,-4.671124,-21.931954,17.828876,79.239449,0.158114
227|4.522293,-4.251454,-22.094686|4.521754,-4.247325,-22.009292,18.252675,81.122998,0.158114|4.522620,-4.229798,-22.021006,18.270202,81.200897,0.158114
228|4.542303,-3.808515,-22.175329|4.541840,-3.804334,-22.089745,18.695666,83.091850,0.158114|4.542699,-3.786779,-22.101211,18.713221,83.169871,0.158114
229|4.562313,-3.364051,-22.247093|4.561927,-3.359824,-22.161317,19.140176,85.067450,0.158114|4.562777,-3.342244,-22.172535,19.157756,85.145584,0.158114
230|4.582323,-2.918239,-22.309950|4.582014,-2.913973,-22.223979,19.586027,87.049009,0.158114|4.582856,-2.896370,-22.234950,19.603630,87.127244,0.158114
231|4.602333,-2.471260,-22.363874|4.602102,-2.466960,-22.277708,20.033040,89.035733,0.158114|4.602935,-2.449337,-22.288432,20.050663,89.114057,0.158114
232|4.622343,-2.023290,-22.408844|4.622189,-2.018964,-22.322481,20.481036,91.026825,0.158114|4.623015,-2.001323,-22.332958,20.498677,91.105229,0.158114
233|4.642353,-1.574511,-22.444842|4.642277,-1.570165,-22.358280,20.929835,93.021488,0.158114|4.643094,-1.552509,-22.368511,20.947491,93.099962,0.158114
234|4.662364,-1.125101,-22.471852|4.662364,-1.120742,-22.385090,21.379258,95.018924,0.158114|4.663174,-1.103072,-22.395076,21.396928,95.097456,0.158114
235|4.682374,-0.675241,-22.489865|4.682452,-0.670875,-22.402903,21.829125,97.018333,0.158114|4.683253,-0.653194,-22.412644,21.846806,97.096914,0.158114
236|4.702384,-0.225110,-22.498874|4.702540,-0.220745,-22.411709,22.279255,99.018913,0.158114|4.703333,-0.203055,-22.421206,22.296945,99.097533,0.158114
237|4.722394,0.225110,-22.498874|4.722628,0.229469,-22.411505,22.270531,98.980136,0.158114|4.723412,0.247165,-22.420760,22.252835,98.901487,0.158114
238|4.742404,0.675241,-22.489865|4.742715,0.679586,-22.402292,21.820414,96.979617,0.158114|4.743492,0.697287,-22.411306,21.802713,96.900947,0.158114
239|4.762414,1.125101,-22.471852|4.762803,1.129426,-22.384074,21.370574,94.980329,0.158114|4.763572,1.147129,-22.392847,21.352871,94.901649,0.158114
240|4.782424,1.574511,-22.444842|4.782890,1.578808,-22.356857,20.921192,92.983074,0.158114|4.783651,1.596512,-22.365392,20.903488,92.904392,0.158114
241|4.802435,2.023290,-22.408844|4.802978,2.027553,-22.320652,20.472447,90.988652,0.158114|4.803731,2.045255,-22.328950,20.454745,90.909977,0.158114
242|4.822445,2.471260,-22.363874|4.823065,2.475481,-22.275475,20.024519,88.997862,0.158114|4.823810,2.493180,-22.283536,20.006820,88.919202,0.158114
243|4.842455,2.918239,-22.309950|4.843152,2.922412,-22.221342,19.577588,87.011501,0.158114|4.843889,2.940106,-22.229169,19.559894,86.932864,0.158114
244|4.862465,3.364051,-22.247093|4.863239,3.368168,-22.158277,19.131832,85.030364,0.158114|4.863968,3.385854,-22.165871,19.114146,84.951758,0.158114
245|4.882475,3.808515,-22.175329|4.883326,3.812570,-22.086303,18.687430,83.055245,0.158114|4.884047,3.830247,-22.093666,18.669753,82.976678,0.158114
246|4.902485,4.251454,-22.094686|4.903412,4.255440,-22.005450,18.244560,81.086935,0.158114|4.904125,4.273107,-22.012584,18.226893,81.008415,0.158114
247|4.922495,4.692692,-22.005196|4.923498,4.696600,-21.915750,17.803400,79.126223,0.158114|4.924204,4.714255,-21.922658,17.785745,79.047756,0.158114
248|4.942506,5.132050,-21.906895|4.943584,5.135874,-21.817239,17.364126,77.173893,0.158114|4.944282,5.153515,-21.823922,17.346485,77.095487,0.158114
249|4.962516,5.569353,-21.799823|4.963670,5.573086,-21.709957,16.926914,75.230728,0.158114|4.964359,5.590712,-21.716417,16.909288,75.152389,0.158114
250|4.982526,6.004427,-21.684023|4.983755,6.008061,-21.593947,16.491939,73.297506,0.158114|4.984437,6.025671,-21.600186,16.474329,73.219241,0.158114
251|5.002536,6.437096,-21.559541|5.003839,6.440625,-21.469254,16.059375,71.375001,0.158114|5.004514,6.458217,-21.475275,16.041783,71.296815,0.158114
252|5.022546,6.867188,-21.426426|5.023924,6.870604,-21.335930,15.629396,69.463983,0.158114|5.024590,6.888176,-21.341734,15.611824,69.385883,0.158114
253|5.042556,7.294531,-21.284732|5.044007,7.297826,-21.194027,15.202174,67.565218,0.158114|5.044666,7.315378,-21.199617,15.184622,67.487209,0.158114
254|5.062567,7.718953,-21.134516|5.064091,7.722120,-21.043602,14.777880,65.679466,0.158114|5.064742,7.739651,-21.048981,14.760349,65.601553,0.158114
255|5.082577,8.140284,-20.975838|5.084173,8.143317,-20.884715,14.356683,63.807482,0.158114|5.084817,8.160824,-20.889886,14.339176,63.729670,0.158114
256|5.102587,8.558356,-20.808761|5.104256,8.561246,-20.717431,13.938754,61.950016,0.158114|5.104892,8.578730,-20.722396,13.921270,61.872310,0.158114
257|5.122597,8.973001,-20.633353|5.124338,8.975742,-20.541816,13.524258,60.107813,0.158114|5.124966,8.993201,-20.546577,13.506799,60.030217,0.158114
258|5.142607,9.384053,-20.449683|5.144419,9.386638,-20.357940,13.113362,58.281609,0.158114|5.145039,9.404071,-20.362500,13.095929,58.204128,0.158114
259|5.162617,9.791349,-20.257825|5.164499,9.793769,-20.165878,12.706231,56.472137,0.158114|5.165112,9.811176,-20.170239,12.688824,56.394773,0.158114
260|5.182627,10.194723,-20.057857|5.184579,10.196973,-19.965705,12.303027,54.680120,0.158114|5.185185,10.214352,-19.969872,12.285648,54.602879,0.158114
261|5.202638,10.594016,-19.849857|5.204659,10.596088,-19.757503,11.903912,52.906278,0.158114|5.205257,10.613439,-19.761477,11.886561,52.829161,0.158114
262|5.222648,10.989067,-19.633909|5.224737,10.990953,-19.541354,11.509047,51.151319,0.158114|5.225328,11.008275,-19.545138,11.491725,51.074331,0.158114
263|5.242658,11.379718,-19.410101|5.244815,11.381412,-19.317346,11.118588,49.415948,0.158114|5.245398,11.398705,-19.320943,11.101295,49.339091,0.158114
264|5.262668,11.765813,-19.178520|5.264893,11.767307,-19.085567,10.732693,47.700859,0.158114|5.265468,11.784570,-19.088981,10.715430,47.624135,0.158114
265|5.282678,12.147197,-18.939261|5.284969,12.148484,-18.846112,10.351516,46.006739,0.158114|5.285537,12.165716,-18.849344,10.334284,45.930151,0.158114
266|5.302688,12.523717,-18.692418|5.305045,12.524790,-18.599075,9.975210,44.334266,0.158114|5.305605,12.541991,-18.602129,9.958009,44.257816,0.158114
267|5.322698,12.895223,-18.438091|5.325120,12.896075,-18.344555,9.603925,42.684111,0.158114|5.325672,12.913245,-18.347435,9.586755,42.607801,0.158114
268|5.342709,13.261566,-18.176382|5.345194,13.262190,-18.082656,9.237810,41.056934,0.158114|5.345739,13.279328,-18.085363,9.220672,40.980765,0.158114
269|5.362719,13.622599,-17.907395|5.365268,13.622988,-17.813480,8.877012,39.453387,0.158114|5.365805,13.640094,-17.816019,8.859906,39.377360,0.158114
270|5.382729,13.978177,-17.631238|5.385341,13.978325,-17.537138,8.521675,37.874113,0.158114|5.385870,13.995398,-17.539511,8.504602,37.798229,0.158114
271|5.402739,14.328159,-17.348022|5.405413,14.328058,-17.253738,8.171942,36.319743,0.158114|5.405934,14.345099,-17.255948,8.154901,36.244003,0.158114
272|5.422749,14.672404,-17.057859|5.425484,14.672047,-16.963395,7.827953,34.790900,0.158114|5.425997,14.689056,-16.965446,7.810944,34.715305,0.158114
273|5.442759,15.010774,-16.760867|5.445554,15.010156,-16.666225,7.489844,33.288197,0.158114|5.446059,15.027132,-16.668119,7.472868,33.212747,0.158114
274|5.462769,15.343134,-16.457164|5.465623,15.342247,-16.362346,7.157753,31.812236,0.158114|5.466121,15.359191,-16.364088,7.140809,31.736930,0.158114
275|5.482780,15.669350,-16.146872|5.485692,15.668189,-16.051881,6.831811,30.363606,0.158114|5.486181,15.685100,-16.053473,6.814900,30.288445,0.158114
276|5.502790,15.989293,-15.830114|5.505759,15.987850,-15.734955,6.512150,28.942890,0.158114|5.506241,16.004729,-15.736399,6.495271,28.867873,0.158114
277|5.522800,16.302834,-15.507018|5.525826,16.301103,-15.411693,6.198897,27.550655,0.158114|5.526299,16.317949,-15.412994,6.182051,27.475782,0.158114
278|5.542810,16.609847,-15.177713|5.545891,16.607822,-15.082225,5.892178,26.187460,0.158114|5.546356,16.624636,-15.083386,5.875364,26.112730,0.158114
279|5.562820,16.910210,-14.842332|5.565956,16.907884,-14.746684,5.592116,24.853849,0.158114|5.566413,16.924666,-14.747707,5.575334,24.779261,0.158114
280|5.582830,17.203802,-14.501007|5.586020,17.201169,-14.405204,5.298831,23.550358,0.158114|5.586468,17.217920,-14.406093,5.282080,23.475911,0.158114
281|5.602840,17.490505,-14.153876|5.606082,17.487561,-14.057921,5.012439,22.277509,0.158114|5.606523,17.504280,-14.058679,4.995720,22.203201,0.158114
282|5.622851,17.770206,-13.801079|5.626144,17.766943,-13.704975,4.733057,21.035810,0.158114|5.626576,17.783631,-13.705605,4.716369,20.961640,0.158114
283|5.642861,18.042792,-13.442755|5.646205,18.039204,-13.346508,4.460796,19.825760,0.158114|5.646628,18.055862,-13.347013,4.444138,19.751726,0.158114
284|5.662871,18.308153,-13.079049|5.666264,18.304235,-12.982661,4.195765,18.647842,0.158114|5.666679,18.320863,-12.983045,4.179137,18.573943,0.158114
285|5.682881,18.566184,-12.710106|5.686323,18.561931,-12.613582,3.938069,17.502530,0.158114|5.686729,18.578528,-12.613848,3.921472,17.428763,0.158114
286|5.702891,18.816781,-12.336075|5.706381,18.812187,-12.239418,3.687813,16.390280,0.158114|5.706777,18.828755,-12.239569,3.671245,16.316644,0.158114
287|5.722901,19.059844,-11.957104|5.726437,19.054904,-11.860320,3.445096,15.311539,0.158114|5.726825,19.071443,-11.860358,3.428557,15.238031,0.158114
288|5.742911,19.295276,-11.573345|5.746493,19.289984,-11.476438,3.210016,14.266739,0.158114|5.746871,19.306495,-11.476368,3.193505,14.193357,0.158114
289|5.762922,19.522982,-11.184953|5.766547,19.517333,-11.087927,2.982667,13.256298,0.158114|5.766916,19.533816,-11.087751,2.966184,13.183039,0.158114
290|5.782932,19.742871,-10.792082|5.786600,19.736860,-10.694942,2.763140,12.280621,0.158114|5.786960,19.753317,-10.694663,2.746683,12.207482,0.158114
291|5.802942,19.954856,-10.394890|5.806652,19.948478,-10.297641,2.551522,11.340098,0.158114|5.807003,19.964908,-10.297263,2.535092,11.267077,0.158114
292|5.822952,20.158850,-9.993536|5.826704,20.152101,-9.896182,2.347899,10.435107,0.158114|5.827044,20.168505,-9.895708,2.331495,10.362201,0.158114
293|5.842962,20.354773,-9.588181|5.846754,20.347648,-9.490727,2.152352,9.566008,0.158114|5.847085,20.364027,-9.490160,2.135973,9.493214,0.158114
294|5.862972,20.542546,-9.178987|5.866802,20.535041,-9.081439,1.964959,8.733151,0.158114|5.867124,20.551395,-9.080781,1.948605,8.660467,0.158114
295|5.882982,20.722094,-8.766117|5.886850,20.714204,-8.668480,1.785796,7.936870,0.158114|5.887161,20.730535,-8.667734,1.769465,7.864291,0.158114
296|5.902993,20.893345,-8.349738|5.906897,20.885067,-8.252016,1.614933,7.177482,0.158114|5.907198,20.901374,-8.251187,1.598626,7.105006,0.158114
297|5.923003,21.056231,-7.930015|5.926942,21.047559,-7.832214,1.452441,6.455291,0.158114|5.927233,21.063844,-7.831304,1.436156,6.382915,0.158114
298|5.943013,21.210686,-7.507118|5.946986,21.201618,-7.409243,1.298382,5.770588,0.158114|5.947267,21.217881,-7.408255,1.282119,5.698309,0.158114
299|5.963023,21.356648,-7.081214|5.967029,21.347180,-6.983271,1.152820,5.123646,0.158114|5.967299,21.363422,-6.982208,1.136578,5.051460,0.158114
300|5.983033,21.494059,-6.652475|5.987071,21.484187,-6.554470,1.015813,4.514725,0.158114|5.987330,21.500409,-6.553334,0.999591,4.442628,0.158114
301|6.003043,21.622864,-6.221073|6.007112,21.612585,-6.123011,0.887415,3.944067,0.158114|6.007360,21.628787,-6.121806,0.871213,3.872057,0.158114
302|6.023053,21.743012,-5.787180|6.027152,21.732322,-5.689066,0.767678,3.411902,0.158114|6.027389,21.748506,-5.687795,0.751494,3.339974,0.158114
303|6.043064,21.854453,-5.350970|6.047190,21.843350,-5.252810,0.656650,2.918443,0.158114|6.047416,21.859516,-5.251475,0.640484,2.846594,0.158114
304|6.063074,21.957145,-4.912617|6.067227,21.945626,-4.814417,0.554374,2.463886,0.158114|6.067442,21.961774,-4.813022,0.538226,2.392114,0.158114
305|6.083084,22.051044,-4.472297|6.087263,22.039107,-4.374063,0.460893,2.048415,0.158114|6.087466,22.055239,-4.372610,0.444761,1.976716,0.158114
306|6.103094,22.136115,-4.030186|6.107298,22.123756,-3.931924,0.376244,1.672195,0.158114|6.107489,22.139873,-3.930417,0.360127,1.600565,0.158114
307|6.123104,22.212323,-3.586462|6.127331,22.199540,-3.488177,0.300460,1.335377,0.158114|6.127511,22.215642,-3.486618,0.284358,1.263813,0.158114
308|6.143114,22.279637,-3.141302|6.147364,22.266428,-3.043000,0.233572,1.038096,0.158114|6.147531,22.282516,-3.041392,0.217484,0.966594,0.158114
309|6.163124,22.338030,-2.694884|6.167395,22.324394,-2.596572,0.175606,0.780471,0.158114|6.167550,22.340469,-2.594918,0.159531,0.709028,0.158114
310|6.183135,22.387480,-2.247387|6.187424,22.373414,-2.149071,0.126586,0.562605,0.158114|6.187568,22.389476,-2.147373,0.110524,0.491217,0.158114
311|6.203145,22.427965,-1.798991|6.207453,22.413468,-1.700675,0.086532,0.384585,0.158114|6.207584,22.429519,-1.698937,0.070481,0.313249,0.158114
312|6.223155,22.459471,-1.349874|6.227480,22.444541,-1.251566,0.055459,0.246482,0.158114|6.227599,22.460581,-1.249790,0.039419,0.175195,0.158114
313|6.243165,22.481984,-0.900216|6.247507,22.466621,-0.801922,0.033379,0.148352,0.158114|6.247612,22.482650,-0.800112,0.017350,0.077110,0.158114
314|6.263175,22.495496,-0.450198|6.267531,22.479697,-0.351924,0.020303,0.090234,0.158114|6.267624,22.495717,-0.350081,0.004283,0.019034,0.158114
