OneBody4_E-0.25_plotinterval0.050_ecc0.0_RK4.txt
initial value : [x, y, v_x, v_y] = [18.00,0.00,0.00,0.71] , numerical interval dt = 0.02000 , [M, m] = [ 9, 1]

num|given_position|geodesic|newtonian
num| degree1, x1, y1 | degree2, x2, y2, simple error, relative error, d(rho) | degree2, x2, y2, simple error, relative error, dt
  1|0.000000,18.000000,0.000000|0.002778,17.999931,0.050000,0.000069,0.000386,0.070711|0.002778,17.999931,0.050000,0.000069,0.000386,0.070711
  2|0.020010,17.996396,0.360159|0.022787,17.996188,0.410158,0.003812,0.021177,0.070711|0.022787,17.996188,0.410157,0.003812,0.021177,0.070711
  3|0.040020,17.985587,0.720173|0.042796,17.985240,0.770169,0.014760,0.081999,0.070711|0.042796,17.985240,0.770167,0.014760,0.081999,0.070711
  4|0.060030,17.967577,1.079899|0.062804,17.967091,1.129891,0.032909,0.182828,0.070711|0.062804,17.967091,1.129886,0.032909,0.182827,0.070711
  5|0.080041,17.942372,1.439193|0.082811,17.941748,1.489179,0.058252,0.323622,0.070711|0.082810,17.941748,1.489169,0.058252,0.323622,0.070711
  6|0.100051,17.909984,1.797910|0.102817,17.909221,1.847889,0.090779,0.504327,0.070711|0.102816,17.909221,1.847874,0.090779,0.504327,0.070711
  7|0.120061,17.870424,2.155907|0.122822,17.869524,2.205878,0.130476,0.724869,0.070711|0.122821,17.869524,2.205856,0.130476,0.724868,0.070711
  8|0.140071,17.823710,2.513042|0.142827,17.822671,2.563002,0.177329,0.985160,0.070711|0.142825,17.822671,2.562972,0.177329,0.985159,0.070711
  9|0.160081,17.769858,2.869170|0.162830,17.768683,2.919118,0.231317,1.285097,0.070711|0.162828,17.768683,2.919080,0.231317,1.285095,0.070711
 10|0.180091,17.708892,3.224149|0.182832,17.707580,3.274084,0.292420,1.624558,0.070711|0.182830,17.707580,3.274035,0.292420,1.624556,0.070711
 11|0.200101,17.640836,3.577838|0.202834,17.639387,3.627757,0.360613,2.003408,0.070711|0.202831,17.639387,3.627697,0.360613,2.003405,0.070711
 12|0.220112,17.565716,3.930093|0.222835,17.564131,3.979996,0.435869,2.421495,0.070711|0.222831,17.564131,3.979924,0.435869,2.421492,0.070711
 13|0.240122,17.483563,4.280776|0.242835,17.481843,4.330660,0.518157,2.878652,0.070711|0.242830,17.481843,4.330574,0.518157,2.878649,0.070711
 14|0.260132,17.394409,4.629744|0.262834,17.392555,4.679609,0.607445,3.374696,0.070711|0.262828,17.392555,4.679508,0.607445,3.374692,0.070711
 15|0.280142,17.298291,4.976858|0.282832,17.296303,5.026702,0.703697,3.909428,0.070711|0.282826,17.296304,5.026585,0.703696,3.909424,0.070711
 16|0.300152,17.195247,5.321980|0.302829,17.193126,5.371801,0.806874,4.482635,0.070711|0.302822,17.193127,5.371667,0.806873,4.482629,0.070711
 17|0.320162,17.085318,5.664971|0.322826,17.083065,5.714768,0.916935,5.094085,0.070711|0.322818,17.083066,5.714616,0.916934,5.094079,0.070711
 18|0.340172,16.968549,6.005694|0.342821,16.966164,6.055466,1.033836,5.743536,0.070711|0.342812,16.966165,6.055293,1.033835,5.743529,0.070711
 19|0.360183,16.844985,6.344012|0.362816,16.842469,6.393757,1.157531,6.430726,0.070711|0.362806,16.842471,6.393564,1.157529,6.430719,0.070711
 20|0.380193,16.714676,6.679790|0.382810,16.712031,6.729506,1.287969,7.155382,0.070711|0.382799,16.712033,6.729291,1.287967,7.155373,0.070711
 21|0.400203,16.577675,7.012894|0.402803,16.574902,7.062580,1.425098,7.917211,0.070711|0.402791,16.574904,7.062342,1.425096,7.917201,0.070711
 22|0.420213,16.434037,7.343189|0.422795,16.431136,7.392844,1.568864,8.715910,0.070711|0.422782,16.431138,7.392582,1.568862,8.715899,0.070711
 23|0.440223,16.283818,7.670545|0.442786,16.280791,7.720167,1.719209,9.551159,0.070711|0.442772,16.280794,7.719879,1.719206,9.551146,0.070711
 24|0.460233,16.127080,7.994829|0.462777,16.123928,8.044418,1.876072,10.422623,0.070711|0.462761,16.123930,8.044103,1.876070,10.422609,0.070711
 25|0.480243,15.963884,8.315912|0.482766,15.960608,8.365465,2.039392,11.329953,0.070711|0.482749,15.960611,8.365123,2.039389,11.329938,0.070711
 26|0.500254,15.794297,8.633666|0.502755,15.790898,8.683182,2.209102,12.272787,0.070711|0.502737,15.790902,8.682811,2.209098,12.272769,0.070711
 27|0.520264,15.618386,8.947962|0.522743,15.614866,8.997441,2.385134,13.250746,0.070711|0.522724,15.614869,8.997040,2.385131,13.250726,0.070711
 28|0.540274,15.436221,9.258676|0.542730,15.432581,9.308116,2.567419,14.263439,0.070711|0.542710,15.432585,9.307684,2.567415,14.263418,0.070711
 29|0.560284,15.247876,9.565683|0.562717,15.244117,9.615083,2.755883,15.310460,0.070711|0.562695,15.244121,9.614618,2.755879,15.310437,0.070711
 30|0.580294,15.053425,9.868860|0.582702,15.049550,9.918218,2.950450,16.391392,0.070711|0.582679,15.049554,9.917719,2.950446,16.391366,0.070711
 31|0.600304,14.852947,10.168085|0.602687,14.848956,10.217401,3.151044,17.505799,0.070711|0.602663,14.848961,10.216868,3.151039,17.505771,0.070711
 32|0.620314,14.646523,10.463239|0.622671,14.642417,10.512511,3.357583,18.653237,0.070711|0.622645,14.642423,10.511942,3.357577,18.653206,0.070711
 33|0.640325,14.434233,10.754204|0.642654,14.430016,10.803431,3.569984,19.833246,0.070711|0.642627,14.430022,10.802825,3.569978,19.833212,0.070711
 34|0.660335,14.216165,11.040863|0.662637,14.211836,11.090043,3.788164,21.045354,0.070711|0.662608,14.211843,11.089400,3.788157,21.045316,0.070711
 35|0.680345,13.992404,11.323101|0.682618,13.987966,11.372235,4.012034,22.289075,0.070711|0.682589,13.987974,11.371552,4.012026,22.289033,0.070711
 36|0.700355,13.763041,11.600806|0.702599,13.758496,11.649891,4.241504,23.563911,0.070711|0.702568,13.758504,11.649168,4.241496,23.563866,0.070711
 37|0.720365,13.528168,11.873865|0.722580,13.523517,11.922901,4.476483,24.869353,0.070711|0.722547,13.523526,11.922137,4.476474,24.869303,0.070711
 38|0.740375,13.287878,12.142171|0.742559,13.283122,12.191156,4.716878,26.204876,0.070711|0.742526,13.283132,12.190350,4.716868,26.204821,0.070711
 39|0.760385,13.042267,12.405615|0.762538,13.037410,12.454549,4.962590,27.569947,0.070711|0.762503,13.037420,12.453699,4.962580,27.569887,0.070711
 40|0.780396,12.791434,12.664091|0.782516,12.786477,12.712974,5.213523,28.964019,0.070711|0.782480,12.786488,12.712079,5.213512,28.963954,0.070711
 41|0.800406,12.535480,12.917497|0.802493,12.530424,12.966327,5.469576,30.386534,0.070711|0.802456,12.530437,12.965386,5.469563,30.386463,0.070711
 42|0.820416,12.274507,13.165731|0.822469,12.269354,13.214507,5.730646,31.836922,0.070711|0.822432,12.269368,13.213520,5.730632,31.836845,0.070711
 43|0.840426,12.008619,13.408694|0.842445,12.003371,13.457415,5.996629,33.314603,0.070711|0.842406,12.003387,13.456380,5.996613,33.314519,0.070711
 44|0.860436,11.737923,13.646288|0.862420,11.732583,13.694953,6.267417,34.818985,0.070711|0.862381,11.732599,13.693869,6.267401,34.818893,0.070711
 45|0.880446,11.462527,13.878417|0.882395,11.457096,13.927027,6.542904,36.349466,0.070711|0.882354,11.457114,13.925893,6.542886,36.349366,0.070711
 46|0.900456,11.182542,14.104991|0.902369,11.177022,14.153543,6.822978,37.905433,0.070711|0.902327,11.177042,14.152358,6.822958,37.905324,0.070711
 47|0.920467,10.898079,14.325916|0.922342,10.892473,14.374410,7.107527,39.486262,0.070711|0.922300,10.892494,14.373174,7.107506,39.486145,0.070711
 48|0.940477,10.609253,14.541106|0.942315,10.603562,14.589542,7.396438,41.091322,0.070711|0.942271,10.603585,14.588253,7.396415,41.091195,0.070711
 49|0.960487,10.316179,14.750473|0.962286,10.310406,14.798850,7.689594,42.719969,0.070711|0.962243,10.310430,14.797507,7.689570,42.719832,0.070711
 50|0.980497,10.018974,14.953935|0.982258,10.013121,15.002252,7.986879,44.371552,0.070711|0.982213,10.013147,15.000854,7.986853,44.371403,0.070711
 51|1.000507,9.717758,15.151409|1.002228,9.711826,15.199666,8.288174,46.045409,0.070711|1.002184,9.711855,15.198212,8.288145,46.045248,0.070711
 52|1.020517,9.412651,15.342816|1.022198,9.406643,15.391012,8.593357,47.740870,0.070711|1.022153,9.406675,15.389502,8.593325,47.740696,0.070711
 53|1.040528,9.103775,15.528081|1.042168,9.097694,15.576215,8.902306,49.457256,0.070711|1.042122,9.097728,15.574648,8.902272,49.457068,0.070711
 54|1.060538,8.791254,15.707128|1.062137,8.785102,15.755201,9.214898,51.193880,0.070711|1.062091,8.785138,15.753575,9.214862,51.193678,0.070711
 55|1.080548,8.475213,15.879886|1.082105,8.468992,15.927896,9.531008,52.950047,0.070711|1.082059,8.469031,15.926211,9.530969,52.949830,0.070711
 56|1.100558,8.155779,16.046285|1.102073,8.149490,16.094234,9.850510,54.725053,0.070711|1.102027,8.149532,16.092488,9.850468,54.724820,0.070711
 57|1.120568,7.833079,16.206260|1.122040,7.826726,16.254146,10.173274,56.518189,0.070711|1.121995,7.826771,16.252339,10.173229,56.517938,0.070711
 58|1.140578,7.507243,16.359747|1.142007,7.500828,16.407568,10.499172,58.328736,0.070711|1.141961,7.500876,16.405699,10.499124,58.328466,0.070711
 59|1.160588,7.178401,16.506682|1.161973,7.171926,16.554441,10.828074,60.155968,0.070711|1.161928,7.171978,16.552509,10.828022,60.155680,0.070711
 60|1.180599,6.846685,16.647009|1.181939,6.840152,16.694703,11.159848,61.999156,0.070711|1.181894,6.840208,16.692708,11.159792,61.998847,0.070711
 61|1.200609,6.512227,16.780670|1.201904,6.505639,16.828301,11.494361,63.857560,0.070711|1.201860,6.505699,16.826240,11.494301,63.857229,0.070711
 62|1.220619,6.175162,16.907613|1.221869,6.168521,16.955179,11.831479,65.730437,0.070711|1.221825,6.168585,16.953053,11.831415,65.730083,0.070711
 63|1.240629,5.835625,17.027786|1.241833,5.828933,17.075287,12.171067,67.617037,0.070711|1.241790,5.829001,17.073095,12.170999,67.616659,0.070711
 64|1.260639,5.493751,17.141141|1.261797,5.487011,17.188577,12.512989,69.516604,0.070711|1.261755,5.487084,17.186319,12.512916,69.516200,0.070711
 65|1.280649,5.149677,17.247632|1.281761,5.142892,17.295004,12.857108,71.428378,0.070711|1.281720,5.142969,17.292678,12.857031,71.427948,0.070711
 66|1.300659,4.803542,17.347218|1.301724,4.796713,17.394525,13.203287,73.351594,0.070711|1.301684,4.796796,17.392131,13.203204,73.351135,0.070711
 67|1.320670,4.455483,17.439859|1.321686,4.448613,17.487101,13.551387,75.285481,0.070711|1.321648,4.448701,17.484637,13.551299,75.284993,0.070711
 68|1.340680,4.105640,17.525516|1.341649,4.098732,17.572693,13.901268,77.229265,0.070711|1.341612,4.098826,17.570160,13.901174,77.228747,0.070711
 69|1.360690,3.754153,17.604157|1.361611,3.747210,17.651268,14.252790,79.182169,0.070711|1.361575,3.747309,17.648665,14.252691,79.181618,0.070711
 70|1.380700,3.401164,17.675749|1.381572,3.394186,17.722795,14.605814,81.143410,0.070711|1.381539,3.394292,17.720121,14.605708,81.142825,0.070711
 71|1.400710,3.046812,17.740263|1.401534,3.039803,17.787245,14.960197,83.112203,0.070711|1.401502,3.039915,17.784500,14.960085,83.111582,0.070711
 72|1.420720,2.691240,17.797675|1.421495,2.684203,17.844592,15.315797,85.087760,0.070711|1.421465,2.684322,17.841774,15.315678,85.087102,0.070711
 73|1.440730,2.334591,17.847960|1.441455,2.327528,17.894813,15.672472,87.069289,0.070711|1.441428,2.327653,17.891923,15.672347,87.068593,0.070711
 74|1.460741,1.977008,17.891099|1.461416,1.969920,17.937888,16.030080,89.055998,0.070711|1.461390,1.970053,17.934924,16.029947,89.055261,0.070711
 75|1.480751,1.618632,17.927075|1.481376,1.611524,17.973799,16.388476,91.047091,0.070711|1.481353,1.611664,17.970762,16.388336,91.046312,0.070711
 76|1.500761,1.259609,17.955873|1.501336,1.252481,18.002533,16.747519,93.041771,0.070711|1.501316,1.252629,17.999422,16.747371,93.040949,0.070711
 77|1.520771,0.900081,17.977482|1.521295,0.892937,18.024078,17.107063,95.039240,0.070711|1.521278,0.893093,18.020892,17.106907,95.038371,0.070711
 78|1.540781,0.540193,17.991892|1.541255,0.533035,18.038425,17.466965,97.038697,0.070711|1.541240,0.533199,18.035165,17.466801,97.037781,0.070711
 79|1.560791,0.180088,17.999099|1.561214,0.172918,18.045568,17.827082,99.039342,0.070711|1.561203,0.173092,18.042233,17.826908,99.038376,0.070711
 80|1.580801,-0.180088,17.999099|1.581173,-0.187267,18.045505,17.812733,98.959626,0.070711|1.581165,-0.187084,18.042094,17.812916,98.960643,0.070711
 81|1.600812,-0.540193,17.991892|1.601132,-0.547379,18.038236,17.452621,96.959008,0.070711|1.601128,-0.547186,18.034749,17.452814,96.960078,0.070711
 82|1.620822,-0.900081,17.977482|1.621091,-0.907271,18.023763,17.092729,94.959605,0.070711|1.621090,-0.907069,18.020200,17.092931,94.960730,0.070711
 83|1.640832,-1.259609,17.955873|1.641050,-1.266801,18.002093,16.733199,92.962217,0.070711|1.641053,-1.266588,17.998453,16.733412,92.963399,0.070711
 84|1.660842,-1.618632,17.927075|1.661009,-1.625824,17.973234,16.374176,90.967645,0.070711|1.661015,-1.625600,17.969517,16.374400,90.968886,0.070711
 85|1.680852,-1.977008,17.891099|1.680968,-1.984197,17.937197,16.015803,88.976686,0.070711|1.680978,-1.983962,17.933403,16.016038,88.977989,0.070711
 86|1.700862,-2.334591,17.847960|1.700926,-2.341775,17.893997,15.658225,86.990138,0.070711|1.700940,-2.341529,17.890126,15.658471,86.991504,0.070711
 87|1.720872,-2.691240,17.797675|1.720885,-2.698417,17.843652,15.301583,85.008796,0.070711|1.720903,-2.698159,17.839704,15.301841,85.010228,0.070711
 88|1.740883,-3.046812,17.740263|1.740843,-3.053978,17.786181,14.946022,83.033454,0.070711|1.740866,-3.053708,17.782155,14.946292,83.034954,0.070711
 89|1.760893,-3.401164,17.675749|1.760802,-3.408318,17.721607,14.591682,81.064902,0.070711|1.760829,-3.408035,17.717505,14.591965,81.066472,0.070711
 90|1.780903,-3.754153,17.604157|1.780760,-3.761293,17.649957,14.238707,79.103929,0.070711|1.780793,-3.760997,17.645777,14.239003,79.105571,0.070711
 91|1.800913,-4.105640,17.525516|1.800719,-4.112763,17.571259,13.887237,77.151319,0.070711|1.800756,-4.112454,17.567001,13.887546,77.153035,0.070711
 92|1.820923,-4.455483,17.439859|1.820678,-4.462586,17.485545,13.537414,75.207855,0.070711|1.820720,-4.462264,17.481209,13.537736,75.209647,0.070711
 93|1.840933,-4.803542,17.347218|1.840637,-4.810623,17.392848,13.189377,73.274314,0.070711|1.840684,-4.810287,17.388435,13.189713,73.276185,0.070711
 94|1.860943,-5.149677,17.247632|1.860596,-5.156735,17.293206,12.843265,71.351471,0.070711|1.860648,-5.156384,17.288716,12.843616,71.353422,0.070711
 95|1.880954,-5.493751,17.141141|1.880555,-5.500783,17.186659,12.499217,69.440095,0.070711|1.880613,-5.500417,17.182092,12.499583,69.442130,0.070711
 96|1.900964,-5.835625,17.027786|1.900514,-5.842629,17.073249,12.157371,67.540951,0.070711|1.900577,-5.842247,17.068605,12.157753,67.543072,0.070711
 97|1.920974,-6.175162,16.907613|1.920474,-6.182136,16.953023,11.817864,65.654801,0.070711|1.920542,-6.181738,16.948302,11.818262,65.657010,0.070711
 98|1.940984,-6.512227,16.780670|1.940433,-6.519168,16.826027,11.480832,63.782399,0.070711|1.940508,-6.518754,16.821229,11.481246,63.784698,0.070711
 99|1.960994,-6.846685,16.647009|1.960393,-6.853591,16.692313,11.146409,61.924495,0.070711|1.960474,-6.853161,16.687439,11.146839,61.926886,0.070711
100|1.981004,-7.178401,16.506682|1.980353,-7.185270,16.551935,10.814730,60.081832,0.070711|1.980440,-7.184823,16.546985,10.815177,60.084318,0.070711
101|2.001014,-7.507243,16.359747|2.000314,-7.514073,16.404948,10.485927,58.255149,0.070711|2.000406,-7.513608,16.399923,10.486392,58.257732,0.070711
102|2.021025,-7.833079,16.206260|2.020274,-7.839868,16.251412,10.160132,56.445177,0.070711|2.020373,-7.839385,16.246311,10.160615,56.447860,0.070711
103|2.041035,-8.155779,16.046285|2.040235,-8.162525,16.091388,9.837475,54.652640,0.070711|2.040340,-8.162024,16.086212,9.837976,54.655424,0.070711
104|2.061045,-8.475213,15.879886|2.060197,-8.481914,15.924939,9.518086,52.878257,0.070711|2.060308,-8.481394,15.919689,9.518606,52.881145,0.070711
105|2.081055,-8.791254,15.707128|2.080159,-8.797907,15.752134,9.202093,51.122737,0.070711|2.080276,-8.797368,15.746810,9.202632,51.125731,0.070711
106|2.101065,-9.103775,15.528081|2.100121,-9.110379,15.573040,8.889621,49.386783,0.070711|2.100245,-9.109820,15.567642,8.890180,49.389886,0.070711
107|2.121075,-9.412651,15.342816|2.120083,-9.419204,15.387729,8.580796,47.671091,0.070711|2.120214,-9.418625,15.382259,8.581375,47.674305,0.070711
108|2.141085,-9.717758,15.151409|2.140046,-9.724258,15.196277,8.275742,45.976347,0.070711|2.140184,-9.723659,15.190734,8.276341,45.979675,0.070711
109|2.161096,-10.018974,14.953935|2.160009,-10.025419,14.998758,7.974581,44.303230,0.070711|2.160154,-10.024799,14.993144,7.975201,44.306673,0.070711
110|2.181106,-10.316179,14.750473|2.179973,-10.322566,14.795253,7.677434,42.652409,0.070711|2.180124,-10.321925,14.789568,7.678075,42.655971,0.070711
111|2.201116,-10.609253,14.541106|2.199938,-10.615582,14.585843,7.384418,41.024547,0.070711|2.200096,-10.614919,14.580088,7.385081,41.028229,0.070711
112|2.221126,-10.898079,14.325916|2.219902,-10.904347,14.370612,7.095653,39.420294,0.070711|2.220067,-10.903662,14.364787,7.096338,39.424098,0.070711
113|2.241136,-11.182542,14.104991|2.239868,-11.188747,14.149645,6.811253,37.840292,0.070711|2.240040,-11.188040,14.143752,6.811960,37.844221,0.070711
114|2.261146,-11.462527,13.878417|2.259834,-11.468668,13.923032,6.531332,36.285175,0.070711|2.260013,-11.467938,13.917071,6.532062,36.289231,0.070711
115|2.281156,-11.737923,13.646288|2.279800,-11.743998,13.690863,6.256002,34.755565,0.070711|2.279986,-11.743245,13.684835,6.256755,34.759750,0.070711
116|2.301167,-12.008619,13.408694|2.299767,-12.014627,13.453231,5.985373,33.252074,0.070711|2.299960,-12.013850,13.447137,5.986150,33.256391,0.070711
117|2.321177,-12.274507,13.165731|2.319735,-12.280445,13.210232,5.719555,31.775305,0.070711|2.319935,-12.279644,13.204072,5.720356,31.779755,0.070711
118|2.341187,-12.535480,12.917497|2.339703,-12.541347,12.961961,5.458653,30.325848,0.070711|2.339911,-12.540522,12.955738,5.459478,30.330434,0.070711
119|2.361197,-12.791434,12.664091|2.359672,-12.797229,12.708520,5.202771,28.904285,0.070711|2.359887,-12.796379,12.702233,5.203621,28.909008,0.070711
120|2.381207,-13.042267,12.405615|2.379642,-13.047987,12.450009,4.952013,27.511183,0.070711|2.379863,-13.047112,12.443660,4.952888,27.516046,0.070711
121|2.401217,-13.287878,12.142171|2.399613,-13.293522,12.186531,4.706478,26.147101,0.070711|2.399841,-13.292621,12.180121,4.707379,26.152106,0.070711
122|2.421227,-13.528168,11.873865|2.419584,-13.533735,11.918193,4.466265,24.812586,0.070711|2.419819,-13.532808,11.911723,4.467192,24.817734,0.070711
123|2.441238,-13.763041,11.600806|2.439556,-13.768529,11.645102,4.231471,23.508170,0.070711|2.439798,-13.767576,11.638573,4.232424,23.513464,0.070711
124|2.461248,-13.992404,11.323101|2.459528,-13.997812,11.367367,4.002188,22.234378,0.070711|2.459777,-13.996833,11.360780,4.003167,22.239819,0.070711
125|2.481258,-14.216165,11.040863|2.479501,-14.221491,11.085099,3.778509,20.991717,0.070711|2.479758,-14.220485,11.078456,3.779515,20.997308,0.070711
126|2.501268,-14.434233,10.754204|2.499476,-14.439476,10.798411,3.560524,19.780687,0.070711|2.499739,-14.438443,10.791713,3.561557,19.786429,0.070711
127|2.521278,-14.646523,10.463239|2.519451,-14.651681,10.507419,3.348319,18.601772,0.070711|2.519721,-14.650620,10.500667,3.349380,18.607667,0.070711
128|2.541288,-14.852947,10.168085|2.539426,-14.858020,10.212238,3.141980,17.455444,0.070711|2.539703,-14.856931,10.205433,3.143069,17.461494,0.070711
129|2.561298,-15.053425,9.868860|2.559403,-15.058411,9.912986,2.941589,16.342162,0.070711|2.559687,-15.057294,9.906130,2.942706,16.348368,0.070711
130|2.581309,-15.247876,9.565683|2.579381,-15.252773,9.609785,2.747227,15.262372,0.070711|2.579671,-15.251627,9.602878,2.748373,15.268736,0.070711
131|2.601319,-15.436221,9.258676|2.599359,-15.441029,9.302754,2.558971,14.216506,0.070711|2.599656,-15.439855,9.295799,2.560145,14.223030,0.070711
132|2.621329,-15.618386,8.947962|2.619338,-15.623103,8.992017,2.376897,13.204983,0.070711|2.619642,-15.621900,8.985015,2.378100,13.211667,0.070711
133|2.641339,-15.794297,8.633666|2.639319,-15.798923,8.677698,2.201077,12.228207,0.070711|2.639629,-15.797690,8.670650,2.202310,12.235054,0.070711
134|2.661349,-15.963884,8.315912|2.659300,-15.968417,8.359924,2.031583,11.286570,0.070711|2.659616,-15.967155,8.352831,2.032845,11.293582,0.070711
135|2.681359,-16.127080,7.994829|2.679282,-16.131519,8.038821,1.868481,10.380450,0.070711|2.679604,-16.130227,8.031685,1.869773,10.387626,0.070711
136|2.701369,-16.283818,7.670545|2.699265,-16.288163,7.714517,1.711837,9.510208,0.070711|2.699594,-16.286841,7.707340,1.713159,9.517551,0.070711
137|2.721380,-16.434037,7.343189|2.719249,-16.438285,7.387144,1.561715,8.676193,0.070711|2.719584,-16.436933,7.379927,1.563067,8.683704,0.070711
138|2.741390,-16.577675,7.012894|2.739234,-16.581827,7.056831,1.418173,7.878739,0.070711|2.739575,-16.580445,7.049576,1.419555,7.886419,0.070711
139|2.761400,-16.714676,6.679790|2.759220,-16.718730,6.723711,1.281270,7.118165,0.070711|2.759566,-16.717317,6.716420,1.282683,7.126016,0.070711
140|2.781410,-16.844985,6.344012|2.779207,-16.848940,6.387918,1.151060,6.394777,0.070711|2.779559,-16.847496,6.380591,1.152504,6.402799,0.070711
141|2.801420,-16.968549,6.005694|2.799195,-16.972405,6.049586,1.027595,5.708862,0.070711|2.799553,-16.970930,6.042225,1.029070,5.717057,0.070711
142|2.821430,-17.085318,5.664971|2.819184,-17.089074,5.708850,0.910926,5.060697,0.070711|2.819547,-17.087568,5.701458,0.912432,5.069065,0.070711
143|2.841440,-17.195247,5.321980|2.839175,-17.198903,5.365846,0.801097,4.450541,0.070711|2.839542,-17.197365,5.358424,0.802635,4.459083,0.070711
144|2.861451,-17.298291,4.976858|2.859166,-17.301845,5.020713,0.698155,3.878638,0.070711|2.859539,-17.300276,5.013262,0.699724,3.887355,0.070711
145|2.881461,-17.394409,4.629744|2.879158,-17.397861,4.673588,0.602139,3.345216,0.070711|2.879536,-17.396260,4.666111,0.603740,3.354109,0.070711
146|2.901471,-17.483563,4.280776|2.899152,-17.486912,4.324610,0.513088,2.850490,0.070711|2.899534,-17.485279,4.317108,0.514721,2.859559,0.070711
147|2.921481,-17.565716,3.930093|2.919146,-17.568962,3.973920,0.431038,2.394658,0.070711|2.919533,-17.567297,3.966394,0.432703,2.403904,0.070711
148|2.941491,-17.640836,3.577838|2.939142,-17.643978,3.621656,0.356022,1.977902,0.070711|2.939533,-17.642281,3.614109,0.357719,1.987325,0.070711
149|2.961501,-17.708892,3.224149|2.959138,-17.711930,3.267961,0.288070,1.600388,0.070711|2.959534,-17.710202,3.260394,0.289798,1.609990,0.070711
150|2.981511,-17.769858,2.869170|2.979136,-17.772792,2.912976,0.227208,1.262269,0.070711|2.979536,-17.771031,2.905391,0.228969,1.272049,0.070711
151|3.001522,-17.823710,2.513042|2.999135,-17.826538,2.556844,0.173462,0.963680,0.070711|2.999539,-17.824745,2.549242,0.175255,0.973638,0.070711
152|3.021532,-17.870424,2.155907|3.019135,-17.873147,2.199706,0.126853,0.704739,0.070711|3.019543,-17.871322,2.192090,0.128678,0.714877,0.070711
153|3.041542,-17.909984,1.797910|3.039136,-17.912601,1.841705,0.087399,0.485551,0.070711|3.039547,-17.910744,1.834077,0.089256,0.495868,0.070711
154|3.061552,-17.942372,1.439193|3.059139,-17.944883,1.482986,0.055117,0.306204,0.070711|3.059553,-17.942994,1.475347,0.057006,0.316700,0.070711
155|3.081562,-17.967577,1.079899|3.079142,-17.969982,1.123692,0.030018,0.166769,0.070711|3.079560,-17.968060,1.116043,0.031940,0.177444,0.070711
156|3.101572,-17.985587,0.720173|3.099147,-17.987886,0.763966,0.012114,0.067302,0.070711|3.099567,-17.985932,0.756310,0.014068,0.078157,0.070711
157|3.121583,-17.996396,0.360159|3.119153,-17.998588,0.403953,0.001412,0.007843,0.070711|3.119576,-17.996602,0.396292,0.003398,0.018877,0.070711
158|3.141593,-18.000000,0.000000|3.139160,-18.002085,0.043796,0.002085,0.011584,0.070711|3.139585,-18.000067,0.036132,0.000067,0.000371,0.070711
159|3.161603,-17.996396,-0.360159|3.159168,-17.998375,-0.316360,0.001625,0.009028,0.070711|3.159596,-17.996324,-0.324026,0.003676,0.020420,0.070711
160|3.181613,-17.985587,-0.720173|3.179177,-17.987459,-0.676370,0.012541,0.069672,0.070711|3.179607,-17.985376,-0.684036,0.014624,0.081242,0.070711
161|3.201623,-17.967577,-1.079899|3.199188,-17.969342,-1.036091,0.030658,0.170322,0.070711|3.199620,-17.967227,-1.043755,0.032773,0.182071,0.070711
162|3.221633,-17.942372,-1.439193|3.219199,-17.944031,-1.395379,0.055969,0.310940,0.070711|3.219633,-17.941884,-1.403039,0.058116,0.322866,0.070711
163|3.241643,-17.909984,-1.797910|3.239212,-17.911536,-1.754090,0.088464,0.491468,0.070711|3.239647,-17.909357,-1.761744,0.090643,0.503571,0.070711
164|3.261654,-17.870424,-2.155907|3.259226,-17.871870,-2.112080,0.128130,0.711834,0.070711|3.259662,-17.869660,-2.119727,0.130340,0.724113,0.070711
165|3.281664,-17.823710,-2.513042|3.279241,-17.825049,-2.469205,0.174951,0.971949,0.070711|3.279679,-17.822807,-2.476843,0.177193,0.984405,0.070711
166|3.301674,-17.769858,-2.869170|3.299257,-17.771092,-2.825324,0.228908,1.271711,0.070711|3.299696,-17.768818,-2.832951,0.231182,1.284342,0.070711
167|3.321684,-17.708892,-3.224149|3.319275,-17.710020,-3.180293,0.289980,1.610998,0.070711|3.319714,-17.707715,-3.187907,0.292285,1.623803,0.070711
168|3.341694,-17.640836,-3.577838|3.339293,-17.641858,-3.533970,0.358142,1.989675,0.070711|3.339733,-17.639522,-3.541569,0.360478,2.002654,0.070711
169|3.361704,-17.565716,-3.930093|3.359313,-17.566634,-3.886214,0.433366,2.407591,0.070711|3.359753,-17.564266,-3.893796,0.435734,2.420742,0.070711
170|3.381714,-17.483563,-4.280776|3.379334,-17.484376,-4.236883,0.515624,2.864577,0.070711|3.379774,-17.481978,-4.244446,0.518022,2.877900,0.070711
171|3.401725,-17.394409,-4.629744|3.399356,-17.395119,-4.585837,0.604881,3.360451,0.070711|3.399796,-17.392690,-4.593380,0.607310,3.373944,0.070711
172|3.421735,-17.298291,-4.976858|3.419379,-17.298897,-4.932936,0.701103,3.895015,0.070711|3.419818,-17.296438,-4.940458,0.703562,3.908677,0.070711
173|3.441745,-17.195247,-5.321980|3.439403,-17.195750,-5.278042,0.804250,4.468054,0.070711|3.439842,-17.193261,-5.285540,0.806739,4.481884,0.070711
174|3.461755,-17.085318,-5.664971|3.459428,-17.085719,-5.621016,0.914281,5.079339,0.070711|3.459867,-17.083200,-5.628489,0.916800,5.093336,0.070711
175|3.481765,-16.968549,-6.005694|3.479455,-16.968847,-5.961721,1.031153,5.728625,0.070711|3.479892,-16.966298,-5.969167,1.033702,5.742787,0.070711
176|3.501775,-16.844985,-6.344012|3.499482,-16.845183,-6.300021,1.154817,6.415653,0.070711|3.499919,-16.842604,-6.307437,1.157396,6.429979,0.070711
177|3.521785,-16.714676,-6.679790|3.519511,-16.714774,-6.635779,1.285226,7.140146,0.070711|3.519946,-16.712166,-6.643165,1.287834,7.154634,0.070711
178|3.541796,-16.577675,-7.012894|3.539541,-16.577673,-6.968862,1.422327,7.901815,0.070711|3.539974,-16.575036,-6.976216,1.424964,7.916465,0.070711
179|3.561806,-16.434037,-7.343189|3.559571,-16.433936,-7.299137,1.566064,8.700356,0.070711|3.560003,-16.431270,-7.306456,1.568730,8.715165,0.070711
180|3.581816,-16.283818,-7.670545|3.579603,-16.283619,-7.626470,1.716381,9.535447,0.070711|3.580033,-16.280925,-7.633754,1.719075,9.550414,0.070711
181|3.601826,-16.127080,-7.994829|3.599636,-16.126784,-7.950731,1.873216,10.406756,0.070711|3.600064,-16.124062,-7.957978,1.875938,10.421879,0.070711
182|3.621836,-15.963884,-8.315912|3.619670,-15.963492,-8.271790,2.036508,11.313933,0.070711|3.620096,-15.960742,-8.278998,2.039258,11.329210,0.070711
183|3.641846,-15.794297,-8.633666|3.639705,-15.793809,-8.589519,2.206191,12.256614,0.070711|3.640129,-15.791032,-8.596686,2.208968,12.272044,0.070711
184|3.661856,-15.618386,-8.947962|3.659740,-15.617804,-8.903789,2.382196,13.234423,0.070711|3.660162,-15.614999,-8.910915,2.385001,13.250003,0.070711
185|3.681867,-15.436221,-9.258676|3.679777,-15.435546,-9.214477,2.564454,14.246968,0.070711|3.680196,-15.432715,-9.221559,2.567285,14.262697,0.070711
186|3.701877,-15.247876,-9.565683|3.699815,-15.247108,-9.521456,2.752892,15.293843,0.070711|3.700231,-15.244251,-9.528493,2.755749,15.309719,0.070711
187|3.721887,-15.053425,-9.868860|3.719854,-15.052567,-9.824604,2.947433,16.374629,0.070711|3.720267,-15.049683,-9.831595,2.950317,16.390650,0.070711
188|3.741897,-14.852947,-10.168085|3.739894,-14.851999,-10.123800,3.148001,17.488894,0.070711|3.740304,-14.849090,-10.130743,3.150910,17.505057,0.070711
189|3.761907,-14.646523,-10.463239|3.759934,-14.645486,-10.418924,3.354514,18.636192,0.070711|3.760342,-14.642551,-10.425817,3.357449,18.652495,0.070711
190|3.781917,-14.434233,-10.754204|3.779976,-14.433109,-10.709858,3.566891,19.816062,0.070711|3.780380,-14.430149,-10.716700,3.569851,19.832504,0.070711
191|3.801927,-14.216165,-11.040863|3.800019,-14.214954,-10.996485,3.785046,21.028032,0.070711|3.800419,-14.211970,-11.003275,3.788030,21.044611,0.070711
192|3.821938,-13.992404,-11.323101|3.820062,-13.991109,-11.278691,4.008891,22.271618,0.070711|3.820459,-13.988100,-11.285427,4.011900,22.288331,0.070711
193|3.841948,-13.763041,-11.600806|3.840106,-13.761662,-11.556361,4.238338,23.546322,0.070711|3.840499,-13.758630,-11.563043,4.241370,23.563166,0.070711
194|3.861958,-13.528168,-11.873865|3.860151,-13.526706,-11.829387,4.473294,24.851632,0.070711|3.860541,-13.523651,-11.836012,4.476349,24.868605,0.070711
195|3.881968,-13.287878,-12.142171|3.880197,-13.286335,-12.097657,4.713665,26.187026,0.070711|3.880583,-13.283257,-12.104224,4.716743,26.204127,0.070711
196|3.901978,-13.042267,-12.405615|3.900244,-13.040645,-12.361064,4.959355,27.551970,0.070711|3.900625,-13.037545,-12.367573,4.962455,27.569196,0.070711
197|3.921988,-12.791434,-12.664091|3.920291,-12.789735,-12.619504,5.210265,28.945917,0.070711|3.920669,-12.786612,-12.625953,5.213388,28.963265,0.070711
198|3.941998,-12.535480,-12.917497|3.940340,-12.533704,-12.872872,5.466296,30.368309,0.070711|3.940713,-12.530560,-12.879261,5.469440,30.385777,0.070711
199|3.962009,-12.274507,-13.165731|3.960389,-12.272656,-13.121068,5.727344,31.818576,0.070711|3.960758,-12.269491,-13.127394,5.730509,31.836161,0.070711
200|3.982019,-12.008619,-13.408694|3.980438,-12.006695,-13.363991,5.993305,33.296138,0.070711|3.980803,-12.003509,-13.370254,5.996491,33.313838,0.070711
201|4.002029,-11.737923,-13.646288|4.000489,-11.735927,-13.601545,6.264073,34.800403,0.070711|4.000849,-11.732721,-13.607743,6.267279,34.818216,0.070711
202|4.022039,-11.462527,-13.878417|4.020540,-11.460462,-13.833634,6.539538,36.330769,0.070711|4.020896,-11.457236,-13.839767,6.542764,36.348691,0.070711
203|4.042049,-11.182542,-14.104991|4.040592,-11.180408,-14.060165,6.819592,37.886622,0.070711|4.040944,-11.177163,-14.066232,6.822837,37.904652,0.070711
204|4.062059,-10.898079,-14.325916|4.060644,-10.895879,-14.281048,7.104121,39.467340,0.070711|4.060991,-10.892614,-14.287047,7.107386,39.485475,0.070711
205|4.082069,-10.609253,-14.541106|4.080698,-10.606988,-14.496194,7.393012,41.072291,0.070711|4.081040,-10.603705,-14.502125,7.396295,41.090528,0.070711
206|4.102080,-10.316179,-14.750473|4.100751,-10.313851,-14.705518,7.686149,42.700830,0.070711|4.101089,-10.310550,-14.711380,7.689450,42.719167,0.070711
207|4.122090,-10.018974,-14.953935|4.120806,-10.016585,-14.908934,7.983415,44.352307,0.070711|4.121139,-10.013267,-14.914726,7.986733,44.370741,0.070711
208|4.142100,-9.717758,-15.151409|4.140861,-9.715309,-15.106363,8.284691,46.026060,0.070711|4.141189,-9.711974,-15.112084,8.288026,46.044588,0.070711
209|4.162110,-9.412651,-15.342816|4.160916,-9.410145,-15.297724,8.589855,47.721419,0.070711|4.161240,-9.406793,-15.303374,8.593207,47.740039,0.070711
210|4.182120,-9.103775,-15.528081|4.180972,-9.101213,-15.482941,8.898787,49.437705,0.070711|4.181291,-9.097845,-15.488519,8.902155,49.456414,0.070711
211|4.202130,-8.791254,-15.707128|4.201029,-8.788639,-15.661940,9.211361,51.174230,0.070711|4.201343,-8.785255,-15.667445,9.214745,51.193026,0.070711
212|4.222140,-8.475213,-15.879886|4.221085,-8.472546,-15.834650,9.527454,52.930300,0.070711|4.221395,-8.469148,-15.840081,9.530852,52.949180,0.070711
213|4.242151,-8.155779,-16.046285|4.241143,-8.153062,-16.001001,9.846938,54.705212,0.070711|4.241448,-8.149649,-16.006357,9.850351,54.724172,0.070711
214|4.262161,-7.833079,-16.206260|4.261201,-7.830314,-16.160926,10.169686,56.498253,0.070711|4.261501,-7.826887,-16.166208,10.173113,56.517293,0.070711
215|4.282171,-7.507243,-16.359747|4.281259,-7.504433,-16.314362,10.495567,58.308708,0.070711|4.281554,-7.500992,-16.319568,10.499008,58.327823,0.070711
216|4.302181,-7.178401,-16.506682|4.301318,-7.175547,-16.461246,10.824453,60.135850,0.070711|4.301608,-7.172093,-16.466377,10.827907,60.155039,0.070711
217|4.322191,-6.846685,-16.647009|4.321377,-6.843789,-16.601521,11.156211,61.978948,0.070711|4.321662,-6.840323,-16.606575,11.159677,61.998208,0.070711
218|4.342201,-6.512227,-16.780670|4.341436,-6.509292,-16.735130,11.490708,63.837264,0.070711|4.341717,-6.505813,-16.740107,11.494187,63.856592,0.070711
219|4.362211,-6.175162,-16.907613|4.361496,-6.172190,-16.862020,11.827810,65.710054,0.070711|4.361772,-6.168699,-16.866919,11.831301,65.729448,0.070711
220|4.382222,-5.835625,-17.027786|4.381556,-5.832618,-16.982139,12.167382,67.596568,0.070711|4.381827,-5.829115,-16.986961,12.170885,67.616025,0.070711
221|4.402232,-5.493751,-17.141141|4.401616,-5.490711,-17.095440,12.509289,69.496051,0.070711|4.401883,-5.487198,-17.100184,12.512802,69.515568,0.070711
222|4.422242,-5.149677,-17.247632|4.421677,-5.146606,-17.201877,12.853394,71.407742,0.070711|4.421939,-5.143083,-17.206543,12.856917,71.427317,0.070711
223|4.442252,-4.803542,-17.347218|4.441738,-4.800442,-17.301408,13.199558,73.330876,0.070711|4.441995,-4.796909,-17.305995,13.203091,73.350507,0.070711
224|4.462262,-4.455483,-17.439859|4.461799,-4.452357,-17.393992,13.547643,75.264682,0.070711|4.462052,-4.448814,-17.398501,13.551186,75.284366,0.070711
225|4.482272,-4.105640,-17.525516|4.481860,-4.102490,-17.479594,13.897510,77.208386,0.070711|4.482109,-4.098938,-17.484023,13.901062,77.228121,0.070711
226|4.502282,-3.754153,-17.604157|4.501921,-3.750982,-17.558177,14.249018,79.161211,0.070711|4.502166,-3.747421,-17.562528,14.252579,79.180993,0.070711
227|4.522293,-3.401164,-17.675749|4.521983,-3.397973,-17.629712,14.602027,81.122373,0.070711|4.522223,-3.394404,-17.633983,14.605596,81.142201,0.070711
228|4.542303,-3.046812,-17.740263|4.542044,-3.043604,-17.694169,14.956396,83.091088,0.070711|4.542280,-3.040027,-17.698361,14.959973,83.110960,0.070711
229|4.562313,-2.691240,-17.797675|4.562106,-2.688018,-17.751522,15.311982,85.066568,0.070711|4.562338,-2.684434,-17.755635,15.315566,85.086480,0.070711
230|4.582323,-2.334591,-17.847960|4.582168,-2.331356,-17.801749,15.668644,87.048021,0.070711|4.582395,-2.327765,-17.805782,15.672235,87.067972,0.070711
231|4.602333,-1.977008,-17.891099|4.602230,-1.973762,-17.844830,16.026238,89.034654,0.070711|4.602453,-1.970165,-17.848784,16.029835,89.054641,0.070711
232|4.622343,-1.618632,-17.927075|4.622292,-1.615379,-17.880746,16.384621,91.025671,0.070711|4.622511,-1.611775,-17.884621,16.388225,91.045693,0.070711
233|4.642353,-1.259609,-17.955873|4.642354,-1.256350,-17.909485,16.743650,93.020276,0.070711|4.642569,-1.252741,-17.913280,16.747259,93.040329,0.070711
234|4.662364,-0.900081,-17.977482|4.662416,-0.896820,-17.931033,17.103180,95.017669,0.070711|4.662627,-0.893205,-17.934750,17.106795,95.037752,0.070711
235|4.682374,-0.540193,-17.991892|4.682478,-0.536931,-17.945384,17.463069,97.017051,0.070711|4.682685,-0.533311,-17.949021,17.466689,97.037162,0.070711
236|4.702384,-0.180088,-17.999099|4.702540,-0.176828,-17.952530,17.823172,99.017622,0.070711|4.702743,-0.173204,-17.956089,17.826796,99.037758,0.070711
237|4.722394,0.180088,-17.999099|4.722601,0.183344,-17.952469,17.816656,98.981421,0.070711|4.722801,0.186973,-17.955949,17.813027,98.961261,0.070711
238|4.742404,0.540193,-17.991892|4.742663,0.543442,-17.945201,17.456558,96.980878,0.070711|4.742860,0.547075,-17.948604,17.452925,96.960697,0.070711
239|4.762414,0.900081,-17.977482|4.762725,0.903321,-17.930730,17.096679,94.981549,0.070711|4.762918,0.906957,-17.934054,17.093043,94.961349,0.070711
240|4.782424,1.259609,-17.955873|4.782786,1.262837,-17.909060,16.737163,92.984237,0.070711|4.782976,1.266477,-17.912306,16.733523,92.964019,0.070711
241|4.802435,1.618632,-17.927075|4.802848,1.621847,-17.880200,16.378153,90.989740,0.070711|4.803034,1.625489,-17.883370,16.374511,90.969506,0.070711
242|4.822445,1.977008,-17.891099|4.822909,1.980206,-17.844163,16.019794,88.998856,0.070711|4.823092,1.983850,-17.847255,16.016150,88.978609,0.070711
243|4.842455,2.334591,-17.847960|4.842970,2.337771,-17.800962,15.662229,87.012385,0.070711|4.843150,2.341417,-17.803978,15.658583,86.992125,0.070711
244|4.862465,2.691240,-17.797675|4.863031,2.694398,-17.750614,15.305602,85.031120,0.070711|4.863207,2.698047,-17.753554,15.301953,85.010850,0.070711
245|4.882475,3.046812,-17.740263|4.883092,3.049946,-17.693141,14.950054,83.055855,0.070711|4.883265,3.053596,-17.696005,14.946404,83.035576,0.070711
246|4.902485,3.401164,-17.675749|4.903152,3.404272,-17.628564,14.595728,81.087381,0.070711|4.903322,3.407923,-17.631354,14.592077,81.067095,0.070711
247|4.922495,3.754153,-17.604157|4.923212,3.757233,-17.556911,14.242767,79.126486,0.070711|4.923379,3.760885,-17.559626,14.239115,79.106195,0.070711
248|4.942506,4.105640,-17.525516|4.943272,4.108688,-17.478209,13.891312,77.173955,0.070711|4.943436,4.112341,-17.480849,13.887659,77.153661,0.070711
249|4.962516,4.455483,-17.439859|4.963331,4.458497,-17.392489,13.541503,75.230571,0.070711|4.963493,4.462151,-17.395057,13.537849,75.210274,0.070711
250|4.982526,4.803542,-17.347218|4.983391,4.806520,-17.299787,13.193480,73.297111,0.070711|4.983550,4.810174,-17.302282,13.189826,73.276813,0.070711
251|5.002536,5.149677,-17.247632|5.003450,5.152617,-17.200140,12.847383,71.374349,0.070711|5.003606,5.156271,-17.202562,12.843729,71.354052,0.070711
252|5.022546,5.493751,-17.141141|5.023508,5.496650,-17.093587,12.503350,69.463057,0.070711|5.023662,5.500303,-17.095937,12.499697,69.442761,0.070711
253|5.042556,5.835625,-17.027786|5.043567,5.838480,-16.980170,12.161520,67.563997,0.070711|5.043718,5.842133,-16.982450,12.157867,67.543705,0.070711
254|5.062567,6.175162,-16.907613|5.063624,6.177972,-16.859937,11.822028,65.677933,0.070711|5.063773,6.181624,-16.862146,11.818376,65.657644,0.070711
255|5.082577,6.512227,-16.780670|5.083682,6.514989,-16.732933,11.485011,63.805617,0.070711|5.083828,6.518640,-16.735074,11.481360,63.785334,0.070711
256|5.102587,6.846685,-16.647009|5.103739,6.849396,-16.599212,11.150604,61.947801,0.070711|5.103883,6.853046,-16.601283,11.146954,61.927524,0.070711
257|5.122597,7.178401,-16.506682|5.123796,7.181059,-16.458825,10.818941,60.105227,0.070711|5.123937,7.184707,-16.460828,10.815293,60.084959,0.070711
258|5.142607,7.507243,-16.359747|5.143852,7.509846,-16.311829,10.490154,58.278635,0.070711|5.143991,7.513493,-16.313765,10.486507,58.258375,0.070711
259|5.162617,7.833079,-16.206260|5.163907,7.835624,-16.158284,10.164376,56.468755,0.070711|5.164045,7.839269,-16.160153,10.160731,56.448504,0.070711
260|5.182627,8.155779,-16.046285|5.183963,8.158264,-15.998250,9.841736,54.676311,0.070711|5.184098,8.161907,-16.000054,9.838093,54.656071,0.070711
261|5.202638,8.475213,-15.879886|5.204017,8.477636,-15.831791,9.522364,52.902023,0.070711|5.204150,8.481277,-15.833530,9.518723,52.881794,0.070711
262|5.222648,8.791254,-15.707128|5.224072,8.793612,-15.658975,9.206388,51.146599,0.070711|5.224203,8.797251,-15.660650,9.202749,51.126383,0.070711
263|5.242658,9.103775,-15.528081|5.244126,9.106066,-15.479871,8.893934,49.410744,0.070711|5.244255,9.109703,-15.481483,8.890297,49.390540,0.070711
264|5.262668,9.412651,-15.342816|5.264179,9.414873,-15.294549,8.585127,47.695152,0.070711|5.264306,9.418507,-15.296099,8.581493,47.674961,0.070711
265|5.282678,9.717758,-15.151409|5.284231,9.719908,-15.103085,8.280092,46.000510,0.070711|5.284357,9.723540,-15.104574,8.276460,45.980333,0.070711
266|5.302688,10.018974,-14.953935|5.304284,10.021051,-14.905555,7.978949,44.327496,0.070711|5.304407,10.024680,-14.906983,7.975320,44.307334,0.070711
267|5.322698,10.316179,-14.750473|5.324335,10.318179,-14.702038,7.681821,42.676781,0.070711|5.324457,10.321806,-14.703407,7.678194,42.656635,0.070711
268|5.342709,10.609253,-14.541106|5.344386,10.611175,-14.492616,7.388825,41.049025,0.070711|5.344506,10.614799,-14.493927,7.385201,41.028895,0.070711
269|5.362719,10.898079,-14.325916|5.364437,10.899921,-14.277373,7.100079,39.444881,0.070711|5.364554,10.903542,-14.278625,7.096458,39.424767,0.070711
270|5.382729,11.182542,-14.104991|5.384486,11.184302,-14.056394,6.815698,37.864991,0.070711|5.384602,11.187919,-14.057590,6.812081,37.844893,0.070711
271|5.402739,11.462527,-13.878417|5.404535,11.464202,-13.829768,6.535798,36.309986,0.070711|5.404650,11.467817,-13.830909,6.532183,36.289906,0.070711
272|5.422749,11.737923,-13.646288|5.424584,11.739512,-13.597587,6.260488,34.780491,0.070711|5.424697,11.743123,-13.598673,6.256877,34.760427,0.070711
273|5.442759,12.008619,-13.408694|5.444632,12.010119,-13.359942,5.989881,33.277117,0.070711|5.444743,12.013727,-13.360974,5.986273,33.257071,0.070711
274|5.462769,12.274507,-13.165731|5.464679,12.275916,-13.116929,5.724084,31.800466,0.070711|5.464788,12.279521,-13.117909,5.720479,31.780438,0.070711
275|5.482780,12.535480,-12.917497|5.484726,12.536797,-12.868646,5.463203,30.351129,0.070711|5.484833,12.540399,-12.869574,5.459601,30.331119,0.070711
276|5.502790,12.791434,-12.664091|5.504772,12.792656,-12.615192,5.207344,28.929688,0.070711|5.504877,12.796255,-12.616070,5.203745,28.909696,0.070711
277|5.522800,13.042267,-12.405615|5.524817,13.043392,-12.356668,4.956608,27.536710,0.070711|5.524921,13.046987,-12.357496,4.953013,27.516737,0.070711
278|5.542810,13.287878,-12.142171|5.544861,13.288904,-12.093178,4.711096,26.172755,0.070711|5.544964,13.292496,-12.093958,4.707504,26.152800,0.070711
279|5.562820,13.528168,-11.873865|5.564905,13.529094,-11.824827,4.470906,24.838367,0.070711|5.565006,13.532683,-11.825560,4.467317,24.818430,0.070711
280|5.582830,13.763041,-11.600806|5.584948,13.763865,-11.551723,4.236135,23.534082,0.070711|5.585047,13.767451,-11.552409,4.232549,23.514163,0.070711
281|5.602840,13.992404,-11.323101|5.604991,13.993124,-11.273975,4.006876,22.260421,0.070711|5.605088,13.996706,-11.274616,4.003294,22.240521,0.070711
282|5.622851,14.216165,-11.040863|5.625032,14.216779,-10.991694,3.783221,21.017895,0.070711|5.625128,14.220358,-10.992292,3.779642,20.998013,0.070711
283|5.642861,14.434233,-10.754204|5.645073,14.434740,-10.704994,3.565260,19.807001,0.070711|5.645167,14.438315,-10.705549,3.561685,19.787137,0.070711
284|5.662871,14.646523,-10.463239|5.665114,14.646920,-10.413990,3.353080,18.628223,0.070711|5.665205,14.650492,-10.414502,3.349508,18.608377,0.070711
285|5.682881,14.852947,-10.168085|5.685153,14.853234,-10.118796,3.146766,17.482035,0.070711|5.685243,14.856803,-10.119269,3.143197,17.462207,0.070711
286|5.702891,15.053425,-9.868860|5.705192,15.053599,-9.819533,2.946401,16.368894,0.070711|5.705280,15.057165,-9.819966,2.942835,16.349084,0.070711
287|5.722901,15.247876,-9.565683|5.725230,15.247935,-9.516320,2.752065,15.289247,0.070711|5.725316,15.251498,-9.516714,2.748502,15.269454,0.070711
288|5.742911,15.436221,-9.258676|5.745267,15.436165,-9.209278,2.563835,14.243526,0.070711|5.745351,15.439725,-9.209635,2.560275,14.223750,0.070711
289|5.762922,15.618386,-8.947962|5.765303,15.618213,-8.898530,2.381787,13.232150,0.070711|5.765385,15.621770,-8.898851,2.378230,13.212390,0.070711
290|5.782932,15.794297,-8.633666|5.785338,15.794006,-8.584200,2.205994,12.255523,0.070711|5.785419,15.797560,-8.584486,2.202440,12.235779,0.070711
291|5.802942,15.963884,-8.315912|5.805373,15.963473,-8.266415,2.036527,11.314036,0.070711|5.805452,15.967024,-8.266667,2.032976,11.294309,0.070711
292|5.822952,16.127080,-7.994829|5.825407,16.126548,-7.945302,1.873452,10.408067,0.070711|5.825483,16.130096,-7.945521,1.869904,10.388356,0.070711
293|5.842962,16.283818,-7.670545|5.845440,16.283164,-7.620989,1.716836,9.537979,0.070711|5.845514,16.286709,-7.621177,1.713291,9.518283,0.070711
294|5.862972,16.434037,-7.343189|5.865473,16.433259,-7.293606,1.566741,8.704119,0.070711|5.865544,16.436801,-7.293764,1.563199,8.684438,0.070711
295|5.882982,16.577675,-7.012894|5.885504,16.576772,-6.963285,1.423228,7.906822,0.070711|5.885574,16.580312,-6.963413,1.419688,7.887155,0.070711
296|5.902993,16.714676,-6.679790|5.905535,16.713647,-6.630156,1.286353,7.146407,0.070711|5.905602,16.717184,-6.630257,1.282816,7.126754,0.070711
297|5.923003,16.844985,-6.344012|5.925564,16.843828,-6.294355,1.156172,6.423177,0.070711|5.925629,16.847363,-6.294428,1.152637,6.403538,0.070711
298|5.943013,16.968549,-6.005694|5.945593,16.967264,-5.956015,1.032736,5.737424,0.070711|5.945656,16.970796,-5.956063,1.029204,5.717798,0.070711
299|5.963023,17.085318,-5.664971|5.965621,17.083904,-5.615272,0.916096,5.089422,0.070711|5.965682,17.087434,-5.615295,0.912566,5.069808,0.070711
300|5.983033,17.195247,-5.321980|5.985649,17.193703,-5.272262,0.806297,4.479429,0.070711|5.985706,17.197231,-5.272262,0.802769,4.459828,0.070711
301|6.003043,17.298291,-4.976858|6.005675,17.296616,-4.927123,0.703384,3.907690,0.070711|6.005730,17.300142,-4.927100,0.699858,3.888101,0.070711
302|6.023053,17.394409,-4.629744|6.025701,17.392602,-4.579992,0.607398,3.374435,0.070711|6.025753,17.396126,-4.579949,0.603874,3.354857,0.070711
303|6.043064,17.483563,-4.280776|6.045725,17.481622,-4.231009,0.518378,2.879876,0.070711|6.045775,17.485144,-4.230947,0.514856,2.860308,0.070711
304|6.063074,17.565716,-3.930093|6.065749,17.563642,-3.880314,0.436358,2.424212,0.070711|6.065796,17.567162,-3.880233,0.432838,2.404654,0.070711
305|6.083084,17.640836,-3.577838|6.085772,17.638628,-3.528047,0.361372,2.007624,0.070711|6.085816,17.642146,-3.527948,0.357854,1.988077,0.070711
306|6.103094,17.708892,-3.224149|6.105794,17.706549,-3.174349,0.293451,1.630281,0.070711|6.105835,17.710066,-3.174234,0.289934,1.610743,0.070711
307|6.123104,17.769858,-2.869170|6.125816,17.767380,-2.819361,0.232620,1.292333,0.070711|6.125853,17.770895,-2.819231,0.229105,1.272803,0.070711
308|6.143114,17.823710,-2.513042|6.145836,17.821095,-2.463226,0.178905,0.993915,0.070711|6.145871,17.824609,-2.463082,0.175391,0.974393,0.070711
309|6.163124,17.870424,-2.155907|6.165855,17.867674,-2.106087,0.132326,0.735147,0.070711|6.165887,17.871186,-2.105930,0.128814,0.715632,0.070711
310|6.183135,17.909984,-1.797910|6.185874,17.907096,-1.748086,0.092904,0.516132,0.070711|6.185902,17.910608,-1.747918,0.089392,0.496624,0.070711
311|6.203145,17.942372,-1.439193|6.205892,17.939348,-1.389366,0.060652,0.336958,0.070711|6.205917,17.942858,-1.389188,0.057142,0.317456,0.070711
312|6.223155,17.967577,-1.079899|6.225908,17.964414,-1.030072,0.035586,0.197697,0.070711|6.225930,17.967924,-1.029885,0.032076,0.178201,0.070711
313|6.243165,17.985587,-0.720173|6.245924,17.982287,-0.670347,0.017713,0.098405,0.070711|6.245942,17.985796,-0.670152,0.014204,0.078914,0.070711
314|6.263175,17.996396,-0.360159|6.265939,17.992958,-0.310335,0.007042,0.039121,0.070711|6.265954,17.996466,-0.310134,0.003534,0.019634,0.070711
