OneBody2_E-0.05_ecc0.8_RK4.txt
initial value : [x, y, v_x, v_y] = [2.00,0.00,0.00,0.95] , numerical interval dt = 0.02000 , [M, m] = [ 1, 1]

num|geodesic|
num|newtonian
num|degree, x, y, simple error, relative error
  1|0.000000,2.000000,0.000000,0.000000,0.000000
  2|0.009487,1.999950,0.018974,0.000090,0.004500
  3|0.018973,1.999800,0.037947,0.000360,0.017998
  4|0.028458,1.999550,0.056918,0.000810,0.040490
  5|0.037941,1.999200,0.075889,0.001440,0.071968
  6|0.047422,1.998750,0.094856,0.002250,0.112423
  7|0.056901,1.998200,0.113822,0.003239,0.161840
  8|0.066375,1.997551,0.132783,0.004408,0.220203
  9|0.075846,1.996802,0.151741,0.005757,0.287494
 10|0.085312,1.995952,0.170694,0.007286,0.363690
 11|0.094774,1.995004,0.189642,0.008993,0.448766
 12|0.104229,1.993955,0.208584,0.010880,0.542694
 13|0.113678,1.992808,0.227520,0.012946,0.645444
 14|0.123121,1.991561,0.246450,0.015191,0.756982
 15|0.132556,1.990214,0.265371,0.017614,0.877272
 16|0.141984,1.988769,0.284285,0.020216,1.006275
 17|0.151402,1.987225,0.303191,0.022996,1.143948
 18|0.160812,1.985581,0.322087,0.025954,1.290248
 19|0.170213,1.983839,0.340974,0.029089,1.445126
 20|0.179603,1.981999,0.359851,0.032402,1.608535
 21|0.188983,1.980060,0.378717,0.035892,1.780420
 22|0.198352,1.978023,0.397572,0.039559,1.960728
 23|0.207709,1.975887,0.416415,0.043403,2.149400
 24|0.217053,1.973654,0.435245,0.047422,2.346377
 25|0.226386,1.971324,0.454063,0.051617,2.551597
 26|0.235705,1.968896,0.472867,0.055988,2.764994
 27|0.245010,1.966370,0.491657,0.060534,2.986503
 28|0.254301,1.963748,0.510433,0.065254,3.216054
 29|0.263577,1.961029,0.529194,0.070148,3.453576
 30|0.272838,1.958213,0.547939,0.075216,3.698995
 31|0.282083,1.955301,0.566668,0.080458,3.952235
 32|0.291312,1.952293,0.585380,0.085872,4.213219
 33|0.300525,1.949189,0.604076,0.091459,4.481868
 34|0.309720,1.945990,0.622753,0.097218,4.758100
 35|0.318897,1.942696,0.641412,0.103148,5.041832
 36|0.328057,1.939306,0.660053,0.109249,5.332978
 37|0.337198,1.935822,0.678674,0.115520,5.631452
 38|0.346320,1.932244,0.697276,0.121962,5.937165
 39|0.355422,1.928571,0.715857,0.128572,6.250028
 40|0.364504,1.924805,0.734418,0.135351,6.569948
 41|0.373567,1.920945,0.752957,0.142298,6.896833
 42|0.382608,1.916993,0.771474,0.149413,7.230588
 43|0.391628,1.912947,0.789970,0.156695,7.571118
 44|0.400627,1.908809,0.808442,0.164143,7.918325
 45|0.409603,1.904580,0.826892,0.171757,8.272111
 46|0.418557,1.900258,0.845317,0.179536,8.632377
 47|0.427489,1.895845,0.863719,0.187479,8.999022
 48|0.436397,1.891341,0.882095,0.195586,9.371945
 49|0.445281,1.886747,0.900447,0.203856,9.751043
 50|0.454142,1.882062,0.918773,0.212288,10.136214
 51|0.462978,1.877288,0.937073,0.220882,10.527352
 52|0.471789,1.872424,0.955347,0.229637,10.924354
 53|0.480576,1.867471,0.973593,0.238552,11.327113
 54|0.489337,1.862430,0.991812,0.247626,11.735524
 55|0.498072,1.857300,1.010003,0.256859,12.149481
 56|0.506781,1.852083,1.028166,0.266251,12.568875
 57|0.515464,1.846778,1.046301,0.275799,12.993599
 58|0.524120,1.841387,1.064406,0.285504,13.423545
 59|0.532749,1.835908,1.082481,0.295365,13.858606
 60|0.541351,1.830344,1.100527,0.305380,14.298673
 61|0.549925,1.824695,1.118542,0.315550,14.743636
 62|0.558471,1.818960,1.136526,0.325873,15.193388
 63|0.566989,1.813140,1.154479,0.336348,15.647819
 64|0.575479,1.807236,1.172400,0.346975,16.106821
 65|0.583940,1.801249,1.190290,0.357753,16.570284
 66|0.592371,1.795178,1.208147,0.368680,17.038101
 67|0.600774,1.789024,1.225971,0.379757,17.510162
 68|0.609147,1.782788,1.243762,0.390982,17.986360
 69|0.617490,1.776470,1.261519,0.402354,18.466585
 70|0.625804,1.770070,1.279242,0.413873,18.950731
 71|0.634087,1.763590,1.296931,0.425538,19.438690
 72|0.642339,1.757029,1.314586,0.437347,19.930355
 73|0.650562,1.750389,1.332205,0.449300,20.425619
 74|0.658753,1.743669,1.349789,0.461396,20.924377
 75|0.666913,1.736870,1.367337,0.473634,21.426522
 76|0.675042,1.729993,1.384849,0.486013,21.931950
 77|0.683140,1.723037,1.402325,0.498533,22.440556
 78|0.691206,1.716005,1.419764,0.511191,22.952237
 79|0.699241,1.708895,1.437166,0.523988,23.466890
 80|0.707243,1.701710,1.454531,0.536923,23.984413
 81|0.715214,1.694448,1.471858,0.549994,24.504703
 82|0.723152,1.687111,1.489146,0.563200,25.027661
 83|0.731058,1.679699,1.506397,0.576541,25.553186
 84|0.738932,1.672213,1.523609,0.590016,26.081180
 85|0.746773,1.664654,1.540782,0.603624,26.611544
 86|0.754582,1.657021,1.557916,0.617363,27.144181
 87|0.762357,1.649315,1.575011,0.631233,27.678995
 88|0.770100,1.641537,1.592065,0.645233,28.215891
 89|0.777810,1.633688,1.609080,0.659361,28.754774
 90|0.785486,1.625768,1.626054,0.673618,29.295552
 91|0.793130,1.617777,1.642988,0.688001,29.838131
 92|0.800740,1.609716,1.659881,0.702511,30.382422
 93|0.808317,1.601586,1.676734,0.717145,30.928334
 94|0.815860,1.593387,1.693544,0.731903,31.475778
 95|0.823370,1.585120,1.710314,0.746785,32.024666
 96|0.830846,1.576785,1.727041,0.761788,32.574911
 97|0.838289,1.568382,1.743727,0.776912,33.126429
 98|0.845699,1.559913,1.760370,0.792157,33.679135
 99|0.853074,1.551378,1.776971,0.807520,34.232945
100|0.860416,1.542777,1.793529,0.823002,34.787778
101|0.867724,1.534111,1.810045,0.838600,35.343553
