OneBody4_E-0.15_plotinterval0.050_ecc0.0_RK4.txt
initial value : [x, y, v_x, v_y] = [30.00,0.00,0.00,0.55] , numerical interval dt = 0.02000 , [M, m] = [ 9, 1]

num|given_position|geodesic|newtonian
num| degree1, x1, y1 | degree2, x2, y2, simple error, relative error, d(rho) | degree2, x2, y2, simple error, relative error, dt
  1|0.000000,30.000000,0.000000|0.001667,29.999958,0.050000,0.000042,0.000139,0.091287|0.001667,29.999958,0.050000,0.000042,0.000139,0.091287
  2|0.020010,29.993994,0.600264|0.021676,29.993869,0.650264,0.006131,0.020436,0.091287|0.021676,29.993869,0.650263,0.006131,0.020436,0.091287
  3|0.040020,29.975979,1.200288|0.041686,29.975771,1.250286,0.024229,0.080765,0.091287|0.041686,29.975771,1.250285,0.024229,0.080765,0.091287
  4|0.060030,29.945961,1.799832|0.061694,29.945670,1.849826,0.054330,0.181100,0.091287|0.061694,29.945670,1.849824,0.054330,0.181100,0.091287
  5|0.080041,29.903954,2.398654|0.081702,29.903579,2.448644,0.096421,0.321402,0.091287|0.081702,29.903579,2.448641,0.096421,0.321402,0.091287
  6|0.100051,29.849973,2.996517|0.101710,29.849515,3.046501,0.150485,0.501615,0.091287|0.101710,29.849515,3.046495,0.150485,0.501615,0.091287
  7|0.120061,29.784040,3.593179|0.121717,29.783500,3.643157,0.216500,0.721666,0.091287|0.121716,29.783500,3.643149,0.216500,0.721667,0.091287
  8|0.140071,29.706183,4.188403|0.141723,29.705560,4.238373,0.294440,0.981468,0.091287|0.141723,29.705560,4.238362,0.294440,0.981468,0.091287
  9|0.160081,29.616431,4.781950|0.161729,29.615725,4.831911,0.384275,1.280916,0.091287|0.161728,29.615725,4.831896,0.384275,1.280916,0.091287
 10|0.180091,29.514820,5.373582|0.181734,29.514033,5.423532,0.485967,1.619890,0.091287|0.181733,29.514033,5.423514,0.485967,1.619890,0.091287
 11|0.200101,29.401393,5.963063|0.201738,29.400524,6.013002,0.599476,1.998255,0.091287|0.201737,29.400523,6.012979,0.599477,1.998256,0.091287
 12|0.220112,29.276193,6.550156|0.221742,29.275242,6.600082,0.724758,2.415859,0.091287|0.221741,29.275242,6.600054,0.724758,2.415860,0.091287
 13|0.240122,29.139271,7.134626|0.241745,29.138240,7.184539,0.861760,2.872535,0.091287|0.241744,29.138239,7.184506,0.861761,2.872536,0.091287
 14|0.260132,28.990682,7.716240|0.261748,28.989570,7.766138,1.010430,3.368100,0.091287|0.261747,28.989570,7.766099,1.010430,3.368102,0.091287
 15|0.280142,28.830485,8.294764|0.281750,28.829293,8.344646,1.170707,3.902356,0.091287|0.281749,28.829293,8.344601,1.170707,3.902358,0.091287
 16|0.300152,28.658745,8.869967|0.301752,28.657474,8.919832,1.342526,4.475088,0.091287|0.301750,28.657473,8.919780,1.342527,4.475091,0.091287
 17|0.320162,28.475530,9.441619|0.321753,28.474180,9.491465,1.525820,5.086068,0.091287|0.321751,28.474179,9.491406,1.525821,5.086071,0.091287
 18|0.340172,28.280914,10.009490|0.341753,28.279485,10.059317,1.720515,5.735051,0.091287|0.341751,28.279484,10.059250,1.720516,5.735055,0.091287
 19|0.360183,28.074975,10.573354|0.361753,28.073467,10.623159,1.926533,6.421776,0.091287|0.361751,28.073466,10.623085,1.926534,6.421781,0.091287
 20|0.380193,27.857794,11.132984|0.381752,27.856209,11.182768,2.143791,7.145970,0.091287|0.381750,27.856207,11.182685,2.143793,7.145975,0.091287
 21|0.400203,27.629459,11.688156|0.401751,27.627798,11.737917,2.372202,7.907341,0.091287|0.401748,27.627796,11.737826,2.372204,7.907348,0.091287
 22|0.420213,27.390062,12.238649|0.421749,27.388324,12.288386,2.611676,8.705586,0.091287|0.421746,27.388322,12.288285,2.611678,8.705594,0.091287
 23|0.440223,27.139697,12.784241|0.441747,27.137885,12.833954,2.862115,9.540384,0.091287|0.441744,27.137882,12.833843,2.862118,9.540393,0.091287
 24|0.460233,26.878467,13.324715|0.461744,26.876579,13.374401,3.123421,10.411402,0.091287|0.461741,26.876576,13.374280,3.123424,10.411412,0.091287
 25|0.480243,26.606474,13.859853|0.481741,26.604513,13.909513,3.395487,11.318290,0.091287|0.481737,26.604510,13.909381,3.395490,11.318302,0.091287
 26|0.500254,26.323828,14.389443|0.501737,26.321794,14.439074,3.678206,12.260686,0.091287|0.501733,26.321790,14.438931,3.678210,12.260699,0.091287
 27|0.520264,26.030643,14.913270|0.521732,26.028537,14.962873,3.971463,13.238211,0.091287|0.521728,26.028532,14.962718,3.971468,13.238226,0.091287
 28|0.540274,25.727035,15.431127|0.541727,25.724857,15.480699,4.275143,14.250476,0.091287|0.541722,25.724852,15.480532,4.275148,14.250492,0.091287
 29|0.560284,25.413126,15.942805|0.561722,25.410878,15.992346,4.589122,15.297074,0.091287|0.561717,25.410873,15.992167,4.589127,15.297091,0.091287
 30|0.580294,25.089042,16.448100|0.581715,25.086724,16.497609,4.913276,16.377586,0.091287|0.581710,25.086718,16.497416,4.913282,16.377605,0.091287
 31|0.600304,24.754912,16.946809|0.601709,24.752526,16.996285,5.247474,17.491580,0.091287|0.601703,24.752520,16.996079,5.247480,17.491601,0.091287
 32|0.620314,24.410871,17.438732|0.621702,24.408417,17.488175,5.591583,18.638609,0.091287|0.621696,24.408410,17.487955,5.591590,18.638633,0.091287
 33|0.640325,24.057056,17.923674|0.641694,24.054535,17.973081,5.945465,19.818215,0.091287|0.641688,24.054528,17.972847,5.945472,19.818241,0.091287
 34|0.660335,23.693608,18.401438|0.661686,23.691022,18.450810,6.308978,21.029925,0.091287|0.661680,23.691014,18.450561,6.308986,21.029953,0.091287
 35|0.680345,23.320674,18.871835|0.681678,23.318024,18.921171,6.681976,22.273255,0.091287|0.681671,23.318015,18.920907,6.681985,22.273285,0.091287
 36|0.700355,22.938402,19.334676|0.701669,22.935688,19.383974,7.064312,23.547705,0.091287|0.701662,22.935679,19.383694,7.064321,23.547738,0.091287
 37|0.720365,22.546946,19.789775|0.721659,22.544170,19.839036,7.455830,24.852766,0.091287|0.721652,22.544160,19.838739,7.455840,24.852801,0.091287
 38|0.740375,22.146463,20.236951|0.741649,22.143625,20.286172,7.856375,26.187916,0.091287|0.741642,22.143614,20.285860,7.856386,26.187953,0.091287
 39|0.760385,21.737112,20.676024|0.761639,21.734214,20.725205,8.265786,27.552619,0.091287|0.761631,21.734202,20.724876,8.265798,27.552659,0.091287
 40|0.780396,21.319057,21.106819|0.781628,21.316101,21.155959,8.683899,28.946330,0.091287|0.781620,21.316088,21.155612,8.683912,28.946373,0.091287
 41|0.800406,20.892467,21.529162|0.801616,20.889453,21.578262,9.110547,30.368490,0.091287|0.801608,20.889439,21.577896,9.110561,30.368535,0.091287
 42|0.820416,20.457512,21.942885|0.821605,20.454441,21.991943,9.545559,31.818530,0.091287|0.821596,20.454427,21.991559,9.545573,31.818578,0.091287
 43|0.840426,20.014365,22.347823|0.841592,20.011239,22.396838,9.988761,33.295870,0.091287|0.841584,20.011224,22.396436,9.988776,33.295920,0.091287
 44|0.860436,19.563205,22.743813|0.861580,19.560025,22.792784,10.439975,34.799917,0.091287|0.861571,19.560009,22.792363,10.439991,34.799970,0.091287
 45|0.880446,19.104212,23.130696|0.881567,19.100979,23.179623,10.899021,36.330070,0.091287|0.881558,19.100962,23.179182,10.899038,36.330126,0.091287
 46|0.900456,18.637570,23.508318|0.901553,18.634285,23.557200,11.365715,37.885716,0.091287|0.901544,18.634268,23.556739,11.365732,37.885774,0.091287
 47|0.920467,18.163465,23.876527|0.921539,18.160131,23.925364,11.839869,39.466232,0.091287|0.921530,18.160112,23.924883,11.839888,39.466293,0.091287
 48|0.940477,17.682088,24.235176|0.941525,17.678704,24.283968,12.321296,41.070985,0.091287|0.941516,17.678685,24.283465,12.321315,41.071049,0.091287
 49|0.960487,17.193631,24.584122|0.961511,17.190200,24.632867,12.809800,42.699333,0.091287|0.961501,17.190180,24.632343,12.809820,42.699400,0.091287
 50|0.980497,16.698290,24.923224|0.981496,16.694813,24.971922,13.305187,44.350624,0.091287|0.981486,16.694792,24.971377,13.305208,44.350694,0.091287
 51|1.000507,16.196263,25.252348|1.001480,16.192741,25.300998,13.807259,46.024197,0.091287|1.001471,16.192719,25.300431,13.807281,46.024269,0.091287
 52|1.020517,15.687751,25.571360|1.021465,15.684186,25.619963,14.315814,47.719381,0.091287|1.021455,15.684163,25.619373,14.315837,47.719456,0.091287
 53|1.040528,15.172958,25.880134|1.041449,15.169350,25.928688,14.830650,49.435499,0.091287|1.041439,15.169327,25.928075,14.830673,49.435575,0.091287
 54|1.060538,14.652090,26.178546|1.061432,14.648442,26.227051,15.351558,51.171862,0.091287|1.061423,14.648418,26.226415,15.351582,51.171940,0.091287
 55|1.080548,14.125355,26.466476|1.081416,14.121667,26.514931,15.878333,52.927775,0.091287|1.081406,14.121643,26.514272,15.878357,52.927856,0.091287
 56|1.100558,13.592964,26.743809|1.101399,13.589239,26.792215,16.410761,54.702536,0.091287|1.101389,13.589214,26.791531,16.410786,54.702619,0.091287
 57|1.120568,13.055131,27.010434|1.121381,13.051370,27.058789,16.948630,56.495434,0.091287|1.121372,13.051344,27.058081,16.948656,56.495519,0.091287
 58|1.140578,12.512071,27.266244|1.141364,12.508275,27.314549,17.491725,58.305751,0.091287|1.141354,12.508249,27.313816,17.491751,58.305838,0.091287
 59|1.160588,11.964001,27.511137|1.161346,11.960171,27.559391,18.039829,60.132763,0.091287|1.161337,11.960145,27.558633,18.039855,60.132851,0.091287
 60|1.180599,11.411141,27.745015|1.181328,11.407279,27.793218,18.592721,61.975737,0.091287|1.181319,11.407252,27.792435,18.592748,61.975826,0.091287
 61|1.200609,10.853712,27.967784|1.201309,10.849819,28.015935,19.150181,63.833936,0.091287|1.201300,10.849792,28.015126,19.150208,63.834026,0.091287
 62|1.220619,10.291937,28.179355|1.221291,10.288015,28.227454,19.711985,65.706616,0.091287|1.221282,10.287988,28.226619,19.712012,65.706707,0.091287
 63|1.240629,9.726041,28.379643|1.241272,9.722092,28.427690,20.277908,67.593027,0.091287|1.241263,9.722064,28.426829,20.277936,67.593118,0.091287
 64|1.260639,9.156251,28.568568|1.261253,9.152276,28.616563,20.847724,69.492414,0.091287|1.261245,9.152248,28.615675,20.847752,69.492505,0.091287
 65|1.280649,8.582795,28.746054|1.281233,8.578795,28.793997,21.421205,71.404016,0.091287|1.281226,8.578768,28.793082,21.421232,71.404108,0.091287
 66|1.300659,8.005903,28.912031|1.301214,8.001880,28.959921,21.998120,73.327068,0.091287|1.301206,8.001852,28.958978,21.998148,73.327159,0.091287
 67|1.320670,7.425805,29.066431|1.321194,7.421760,29.114269,22.578240,75.260800,0.091287|1.321187,7.421733,29.113298,22.578267,75.260891,0.091287
 68|1.340680,6.842733,29.209194|1.341174,6.838669,29.256979,23.161331,77.204438,0.091287|1.341167,6.838642,29.255980,23.161358,77.204528,0.091287
 69|1.360690,6.256922,29.340261|1.361154,6.252839,29.387993,23.747161,79.157204,0.091287|1.361148,6.252812,29.386966,23.747188,79.157292,0.091287
 70|1.380700,5.668606,29.459581|1.381134,5.664506,29.507260,24.335494,81.118315,0.091287|1.381128,5.664480,29.506204,24.335520,81.118401,0.091287
 71|1.400710,5.078020,29.567105|1.401113,5.073904,29.614731,24.926096,83.086986,0.091287|1.401108,5.073879,29.613647,24.926121,83.087071,0.091287
 72|1.420720,4.485401,29.662791|1.421093,4.481271,29.710364,25.518729,85.062430,0.091287|1.421088,4.481246,29.709251,25.518754,85.062512,0.091287
 73|1.440730,3.890986,29.746600|1.441072,3.886843,29.794120,26.113157,87.043856,0.091287|1.441068,3.886820,29.792977,26.113180,87.043934,0.091287
 74|1.460741,3.295013,29.818499|1.461051,3.290859,29.865966,26.709141,89.030469,0.091287|1.461048,3.290837,29.864794,26.709163,89.030544,0.091287
 75|1.480751,2.697720,29.878459|1.481031,2.693558,29.925872,27.306442,91.021475,0.091287|1.481028,2.693536,29.924671,27.306464,91.021546,0.091287
 76|1.500761,2.099348,29.926455|1.501010,2.095177,29.973816,27.904823,93.016076,0.091287|1.501007,2.095157,29.972584,27.904843,93.016143,0.091287
 77|1.520771,1.500135,29.962470|1.520989,1.495958,30.009777,28.504042,95.013475,0.091287|1.520987,1.495939,30.008515,28.504061,95.013536,0.091287
 78|1.540781,0.900321,29.986487|1.540967,0.896139,30.033742,29.103861,97.012870,0.091287|1.540967,0.896122,30.032450,29.103878,97.012926,0.091287
 79|1.560791,0.300147,29.998498|1.560946,0.295961,30.045701,29.704039,99.013462,0.091287|1.560946,0.295946,30.044378,29.704054,99.013512,0.091287
 80|1.580801,-0.300147,29.998498|1.580925,-0.304335,30.045648,29.695665,98.985550,0.091287|1.580926,-0.304348,30.044295,29.695652,98.985507,0.091287
 81|1.600812,-0.900321,29.986487|1.600904,-0.904509,30.033584,29.095491,96.984968,0.091287|1.600906,-0.904520,30.032200,29.095480,96.984932,0.091287
 82|1.620822,-1.500135,29.962470|1.620883,-1.504322,30.009515,28.495678,94.985593,0.091287|1.620885,-1.504331,30.008100,28.495669,94.985564,0.091287
 83|1.640832,-2.099348,29.926455|1.640861,-2.103533,29.973448,27.896467,92.988224,0.091287|1.640865,-2.103539,29.972002,27.896461,92.988204,0.091287
 84|1.660842,-2.697720,29.878459|1.660840,-2.701901,29.925400,27.298099,90.993663,0.091287|1.660845,-2.701905,29.923923,27.298095,90.993651,0.091287
 85|1.680852,-3.295013,29.818499|1.680819,-3.299188,29.865389,26.700812,89.002707,0.091287|1.680824,-3.299189,29.863880,26.700811,89.002705,0.091287
 86|1.700862,-3.890986,29.746600|1.700798,-3.895154,29.793439,26.104846,87.016153,0.091287|1.700804,-3.895152,29.791899,26.104848,87.016161,0.091287
 87|1.720872,-4.485401,29.662791|1.720776,-4.489561,29.709579,25.510439,85.034797,0.091287|1.720784,-4.489555,29.708007,25.510445,85.034816,0.091287
 88|1.740883,-5.078020,29.567105|1.740755,-5.082170,29.613842,24.917830,83.059432,0.091287|1.740764,-5.082161,29.612239,24.917839,83.059463,0.091287
 89|1.760893,-5.668606,29.459581|1.760734,-5.672745,29.506267,24.327255,81.090850,0.091287|1.760744,-5.672732,29.504633,24.327268,81.090893,0.091287
 90|1.780903,-6.256922,29.340261|1.780713,-6.261049,29.386898,23.738951,79.129837,0.091287|1.780724,-6.261032,29.385232,23.738968,79.129894,0.091287
 91|1.800913,-6.842733,29.209194|1.800693,-6.846846,29.255781,23.153154,77.177181,0.091287|1.800705,-6.846825,29.254083,23.153175,77.177251,0.091287
 92|1.820923,-7.425805,29.066431|1.820672,-7.429902,29.112969,22.570098,75.233661,0.091287|1.820685,-7.429876,29.111240,22.570124,75.233746,0.091287
 93|1.840933,-8.005903,28.912031|1.840651,-8.009983,28.958519,21.990017,73.300057,0.091287|1.840666,-8.009953,28.956759,21.990047,73.300157,0.091287
 94|1.860943,-8.582795,28.746054|1.860631,-8.586857,28.792494,21.413143,71.377142,0.091287|1.860647,-8.586822,28.790702,21.413178,71.377259,0.091287
 95|1.880954,-9.156251,28.568568|1.880610,-9.160294,28.614960,20.839706,69.465687,0.091287|1.880628,-9.160254,28.613136,20.839746,69.465820,0.091287
 96|1.900964,-9.726041,28.379643|1.900590,-9.730063,28.425987,20.269937,67.566457,0.091287|1.900609,-9.730018,28.424132,20.269982,67.566608,0.091287
 97|1.920974,-10.291937,28.179355|1.920570,-10.295936,28.225652,19.704064,65.680212,0.091287|1.920590,-10.295886,28.223766,19.704114,65.680381,0.091287
 98|1.940984,-10.853712,27.967784|1.940550,-10.857688,28.014035,19.142312,63.807707,0.091287|1.940572,-10.857631,28.012117,19.142369,63.807896,0.091287
 99|1.960994,-11.411141,27.745015|1.960531,-11.415092,27.791220,18.584908,61.949693,0.091287|1.960554,-11.415030,27.789271,18.584970,61.949901,0.091287
100|1.981004,-11.964001,27.511137|1.980511,-11.967926,27.557296,18.032074,60.106913,0.091287|1.980536,-11.967857,27.555317,18.032143,60.107142,0.091287
101|2.001014,-12.512071,27.266244|2.000492,-12.515969,27.312358,17.484031,58.280104,0.091287|2.000518,-12.515893,27.310348,17.484107,58.280355,0.091287
102|2.021025,-13.055131,27.010434|2.020473,-13.059000,27.056503,16.941000,56.469999,0.091287|2.020500,-13.058918,27.054462,16.941082,56.470273,0.091287
103|2.041035,-13.592964,26.743809|2.040454,-13.596803,26.789834,16.403197,54.677322,0.091287|2.040483,-13.596714,26.787763,16.403286,54.677619,0.091287
104|2.061045,-14.125355,26.466476|2.060436,-14.129163,26.512458,15.870837,52.902791,0.091287|2.060466,-14.129066,26.510356,15.870934,52.903112,0.091287
105|2.081055,-14.652090,26.178546|2.080418,-14.655865,26.224485,15.344135,51.147116,0.091287|2.080449,-14.655761,26.222353,15.344239,51.147462,0.091287
106|2.101065,-15.172958,25.880134|2.100400,-15.176700,25.926031,14.823300,49.411001,0.091287|2.100433,-15.176588,25.923869,14.823412,49.411373,0.091287
107|2.121075,-15.687751,25.571360|2.120382,-15.691458,25.617215,14.308542,47.695140,0.091287|2.120417,-15.691338,25.615023,14.308662,47.695538,0.091287
108|2.141085,-16.196263,25.252348|2.140365,-16.199934,25.298162,13.800066,46.000220,0.091287|2.140401,-16.199806,25.295940,13.800194,46.000646,0.091287
109|2.161096,-16.698290,24.923224|2.160348,-16.701924,24.968998,13.298076,44.326921,0.091287|2.160386,-16.701787,24.966747,13.298213,44.327375,0.091287
110|2.181106,-17.193631,24.584122|2.180331,-17.197227,24.629856,12.802773,42.675911,0.091287|2.180371,-17.197082,24.627576,12.802918,42.676395,0.091287
111|2.201116,-17.682088,24.235176|2.200315,-17.685644,24.280871,12.314356,41.047852,0.091287|2.200356,-17.685490,24.278563,12.314510,41.048366,0.091287
112|2.221126,-18.163465,23.876527|2.220299,-18.166981,23.922183,11.833019,39.443397,0.091287|2.220342,-18.166818,23.919847,11.833182,39.443941,0.091287
113|2.241136,-18.637570,23.508318|2.240283,-18.641044,23.553936,11.358956,37.863186,0.091287|2.240328,-18.640871,23.551572,11.359129,37.863763,0.091287
114|2.261146,-19.104212,23.130696|2.260268,-19.107644,23.176277,10.892356,36.307854,0.091287|2.260314,-19.107461,23.173885,10.892539,36.308463,0.091287
115|2.281156,-19.563205,22.743813|2.280253,-19.566593,22.789358,10.433407,34.778022,0.091287|2.280301,-19.566401,22.786938,10.433599,34.778665,0.091287
116|2.301167,-20.014365,22.347823|2.300239,-20.017709,22.393333,9.982291,33.274303,0.091287|2.300288,-20.017506,22.390886,9.982494,33.274981,0.091287
117|2.321177,-20.457512,21.942885|2.320225,-20.460810,21.988360,9.539190,31.797300,0.091287|2.320276,-20.460596,21.985887,9.539404,31.798013,0.091287
118|2.341187,-20.892467,21.529162|2.340211,-20.895719,21.574602,9.104281,30.347604,0.091287|2.340263,-20.895494,21.572103,9.104506,30.348352,0.091287
119|2.361197,-21.319057,21.106819|2.360198,-21.322262,21.152226,8.677738,28.925794,0.091287|2.360252,-21.322026,21.149701,8.677974,28.926580,0.091287
120|2.381207,-21.737112,20.676024|2.380185,-21.740268,20.721398,8.259732,27.532441,0.091287|2.380241,-21.740021,20.718848,8.259979,27.533264,0.091287
121|2.401217,-22.146463,20.236951|2.400173,-22.149569,20.282293,7.850431,26.168103,0.091287|2.400230,-22.149311,20.279719,7.850689,26.168964,0.091287
122|2.421227,-22.546946,19.789775|2.420161,-22.550003,19.835087,7.449997,24.833325,0.091287|2.420220,-22.549732,19.832487,7.450268,24.834225,0.091287
123|2.441238,-22.938402,19.334676|2.440149,-22.941408,19.379957,7.058592,23.528642,0.091287|2.440210,-22.941125,19.377334,7.058875,23.529582,0.091287
124|2.461248,-23.320674,18.871835|2.460138,-23.323627,18.917086,6.676373,22.254576,0.091287|2.460201,-23.323333,18.914440,6.676667,22.255557,0.091287
125|2.481258,-23.693608,18.401438|2.480128,-23.696509,18.446661,6.303491,21.011638,0.091287|2.480192,-23.696202,18.443991,6.303798,21.012660,0.091287
126|2.501268,-24.057056,17.923674|2.500118,-24.059903,17.968868,5.940097,19.800324,0.091287|2.500183,-24.059583,17.966176,5.940417,19.801389,0.091287
127|2.521278,-24.410871,17.438732|2.520108,-24.413664,17.483899,5.586336,18.621122,0.091287|2.520175,-24.413331,17.481185,5.586669,18.622230,0.091287
128|2.541288,-24.754912,16.946809|2.540099,-24.757650,16.991949,5.242350,17.474501,0.091287|2.540168,-24.757304,16.989214,5.242696,17.475653,0.091287
129|2.561298,-25.089042,16.448100|2.560091,-25.091724,16.493215,4.908276,16.360922,0.091287|2.560161,-25.091365,16.490459,4.908635,16.362118,0.091287
130|2.581309,-25.413126,15.942805|2.580083,-25.415751,15.987895,4.584249,15.280830,0.091287|2.580155,-25.415379,15.985119,4.584621,15.282071,0.091287
131|2.601319,-25.727035,15.431127|2.600076,-25.729603,15.476193,4.270397,14.234657,0.091287|2.600149,-25.729217,15.473397,4.270783,14.235944,0.091287
132|2.621329,-26.030643,14.913270|2.620069,-26.033153,14.958313,3.966847,13.222824,0.091287|2.620143,-26.032753,14.955498,3.967247,13.224157,0.091287
133|2.641339,-26.323828,14.389443|2.640062,-26.326280,14.434463,3.673720,12.245734,0.091287|2.640139,-26.325866,14.431630,3.674134,12.247114,0.091287
134|2.661349,-26.606474,13.859853|2.660057,-26.608866,13.904853,3.391134,11.303778,0.091287|2.660134,-26.608438,13.902002,3.391562,11.305206,0.091287
135|2.681359,-26.878467,13.324715|2.680052,-26.880799,13.369694,3.119201,10.397336,0.091287|2.680131,-26.880357,13.366825,3.119643,10.398811,0.091287
136|2.701369,-27.139697,12.784241|2.700047,-27.141970,12.829200,2.858030,9.526768,0.091287|2.700127,-27.141512,12.826315,2.858488,9.528292,0.091287
137|2.721380,-27.390062,12.238649|2.720043,-27.392273,12.283589,2.607727,8.692423,0.091287|2.720125,-27.391801,12.280688,2.608199,8.693997,0.091287
138|2.741390,-27.629459,11.688156|2.740039,-27.631609,11.733078,2.368391,7.894637,0.091287|2.740123,-27.631122,11.730162,2.368878,7.896260,0.091287
139|2.761400,-27.857794,11.132984|2.760037,-27.859882,11.177889,2.140118,7.133727,0.091287|2.760121,-27.859380,11.174958,2.140620,7.135401,0.091287
140|2.781410,-28.074975,10.573354|2.780034,-28.077000,10.618243,1.923000,6.409999,0.091287|2.780120,-28.076483,10.615298,1.923517,6.411724,0.091287
141|2.801420,-28.280914,10.009490|2.800033,-28.282877,10.054364,1.717123,5.723743,0.091287|2.800120,-28.282344,10.051406,1.717656,5.725519,0.091287
142|2.821430,-28.475530,9.441619|2.820032,-28.477430,9.486478,1.522570,5.075233,0.091287|2.820120,-28.476882,9.483507,1.523118,5.077061,0.091287
143|2.841440,-28.658745,8.869967|2.840031,-28.660581,8.914813,1.339419,4.464729,0.091287|2.840121,-28.660017,8.911830,1.339983,4.466609,0.091287
144|2.861451,-28.830485,8.294764|2.860031,-28.832257,8.339597,1.167743,3.892476,0.091287|2.860122,-28.831678,8.336603,1.168322,3.894408,0.091287
145|2.881461,-28.990682,7.716240|2.880032,-28.992390,7.761061,1.007610,3.358702,0.091287|2.880124,-28.991794,7.758057,1.008206,3.360687,0.091287
146|2.901471,-29.139271,7.134626|2.900034,-29.140914,7.179436,0.859086,2.863621,0.091287|2.900126,-29.140302,7.176422,0.859698,2.865659,0.091287
147|2.921481,-29.276193,6.550156|2.920036,-29.277771,6.594956,0.722229,2.407432,0.091287|2.920129,-29.277143,6.591933,0.722857,2.409524,0.091287
148|2.941491,-29.401393,5.963063|2.940038,-29.402905,6.007853,0.597095,1.990317,0.091287|2.940133,-29.402261,6.004822,0.597739,1.992463,0.091287
149|2.961501,-29.514820,5.373582|2.960042,-29.516267,5.418364,0.483733,1.612443,0.091287|2.960137,-29.515607,5.415326,0.484393,1.614643,0.091287
150|2.981511,-29.616431,4.781950|2.980046,-29.617812,4.826725,0.382188,1.273961,0.091287|2.980142,-29.617135,4.823680,0.382865,1.276216,0.091287
151|3.001522,-29.706183,4.188403|3.000050,-29.707498,4.233172,0.292502,0.975008,0.091287|3.000148,-29.706805,4.230120,0.293195,0.977317,0.091287
152|3.021532,-29.784040,3.593179|3.020056,-29.785289,3.637942,0.214711,0.715702,0.091287|3.020154,-29.784580,3.634886,0.215420,0.718066,0.091287
153|3.041542,-29.849973,2.996517|3.040062,-29.851156,3.041275,0.148844,0.496148,0.091287|3.040161,-29.850430,3.038214,0.149570,0.498567,0.091287
154|3.061552,-29.903954,2.398654|3.060068,-29.905070,2.443409,0.094930,0.316434,0.091287|3.060168,-29.904328,2.440344,0.095672,0.318907,0.091287
155|3.081562,-29.945961,1.799832|3.080075,-29.947011,1.844584,0.052989,0.176630,0.091287|3.080176,-29.946252,1.841515,0.053748,0.179159,0.091287
156|3.101572,-29.975979,1.200288|3.100083,-29.976962,1.245038,0.023038,0.076794,0.091287|3.100185,-29.976187,1.241968,0.023813,0.079378,0.091287
157|3.121583,-29.993994,0.600264|3.120092,-29.994910,0.645013,0.005090,0.016966,0.091287|3.120194,-29.994119,0.641941,0.005881,0.019605,0.091287
158|3.141593,-30.000000,0.000000|3.140101,-30.000849,0.044749,0.000849,0.002831,0.091287|3.140203,-30.000041,0.041676,0.000041,0.000137,0.091287
159|3.161603,-29.993994,-0.600264|3.160111,-29.994777,-0.555514,0.005223,0.017411,0.091287|3.160214,-29.993952,-0.558587,0.006048,0.020160,0.091287
160|3.181613,-29.975979,-1.200288|3.180121,-29.976695,-1.155537,0.023305,0.077684,0.091287|3.180225,-29.975853,-1.158609,0.024147,0.080489,0.091287
161|3.201623,-29.945961,-1.799832|3.200133,-29.946611,-1.755077,0.053389,0.177965,0.091287|3.200236,-29.945753,-1.758148,0.054247,0.180824,0.091287
162|3.221633,-29.903954,-2.398654|3.220144,-29.904536,-2.353897,0.095464,0.318212,0.091287|3.220249,-29.903662,-2.356965,0.096338,0.321127,0.091287
163|3.241643,-29.849973,-2.996517|3.240157,-29.850489,-2.951754,0.149511,0.498370,0.091287|3.240261,-29.849598,-2.954820,0.150402,0.501340,0.091287
164|3.261654,-29.784040,-3.593179|3.260170,-29.784490,-3.548412,0.215510,0.718367,0.091287|3.260275,-29.783583,-3.551473,0.216417,0.721391,0.091287
165|3.281664,-29.706183,-4.188403|3.280184,-29.706566,-4.143629,0.293434,0.978114,0.091287|3.280289,-29.705642,-4.146686,0.294358,0.981193,0.091287
166|3.301674,-29.616431,-4.781950|3.300198,-29.616748,-4.737169,0.383252,1.277508,0.091287|3.300304,-29.615808,-4.740221,0.384192,1.280641,0.091287
167|3.321684,-29.514820,-5.373582|3.320213,-29.515072,-5.328793,0.484928,1.616428,0.091287|3.320319,-29.514115,-5.331839,0.485885,1.619616,0.091287
168|3.341694,-29.401393,-5.963063|3.340229,-29.401578,-5.918265,0.598422,1.994740,0.091287|3.340335,-29.400606,-5.921304,0.599394,1.997981,0.091287
169|3.361704,-29.276193,-6.550156|3.360245,-29.276313,-6.505348,0.723687,2.412291,0.091287|3.360351,-29.275324,-6.508380,0.724676,2.415585,0.091287
170|3.381714,-29.139271,-7.134626|3.380262,-29.139326,-7.089808,0.860674,2.868914,0.091287|3.380368,-29.138321,-7.092831,0.861679,2.872262,0.091287
171|3.401725,-28.990682,-7.716240|3.400280,-28.990672,-7.671410,1.009328,3.364427,0.091287|3.400386,-28.989652,-7.674424,1.010348,3.367828,0.091287
172|3.421735,-28.830485,-8.294764|3.420298,-28.830411,-8.249922,1.169589,3.898631,0.091287|3.420404,-28.829375,-8.252926,1.170625,3.902084,0.091287
173|3.441745,-28.658745,-8.869967|3.440317,-28.658606,-8.825112,1.341394,4.471312,0.091287|3.440423,-28.657555,-8.828106,1.342445,4.474818,0.091287
174|3.461755,-28.475530,-9.441619|3.460337,-28.475328,-9.396749,1.524672,5.082241,0.091287|3.460442,-28.474260,-9.399732,1.525740,5.085798,0.091287
175|3.481765,-28.280914,-10.009490|3.480357,-28.280648,-9.964605,1.719352,5.731173,0.091287|3.480462,-28.279565,-9.967576,1.720435,5.734782,0.091287
176|3.501775,-28.074975,-10.573354|3.500378,-28.074645,-10.528453,1.925355,6.417849,0.091287|3.500483,-28.073547,-10.531411,1.926453,6.421509,0.091287
177|3.521785,-27.857794,-11.132984|3.520399,-27.857402,-11.088066,2.142598,7.141994,0.091287|3.520504,-27.856289,-11.091011,2.143711,7.145704,0.091287
178|3.541796,-27.629459,-11.688156|3.540421,-27.629005,-11.643221,2.370995,7.903317,0.091287|3.540526,-27.627877,-11.646152,2.372123,7.907077,0.091287
179|3.561806,-27.390062,-12.238649|3.560444,-27.389546,-12.193695,2.610454,8.701514,0.091287|3.560548,-27.388403,-12.196611,2.611597,8.705323,0.091287
180|3.581816,-27.139697,-12.784241|3.580467,-27.139121,-12.739268,2.860879,9.536265,0.091287|3.580571,-27.137963,-12.742169,2.862037,9.540123,0.091287
181|3.601826,-26.878467,-13.324715|3.600491,-26.877829,-13.279721,3.122171,10.407236,0.091287|3.600594,-26.876657,-13.282606,3.123343,10.411142,0.091287
182|3.621836,-26.606474,-13.859853|3.620515,-26.605776,-13.814839,3.394224,11.314078,0.091287|3.620618,-26.604590,-13.817707,3.395410,11.318032,0.091287
183|3.641846,-26.323828,-14.389443|3.640540,-26.323071,-14.344406,3.676929,12.256429,0.091287|3.640643,-26.321871,-14.347257,3.678129,12.260430,0.091287
184|3.661856,-26.030643,-14.913270|3.660566,-26.029827,-14.868211,3.970173,13.233910,0.091287|3.660668,-26.028613,-14.871044,3.971387,13.237958,0.091287
185|3.681867,-25.727035,-15.431127|3.680592,-25.726161,-15.386044,4.273839,14.246131,0.091287|3.680693,-25.724933,-15.388859,4.275067,14.250224,0.091287
186|3.701877,-25.413126,-15.942805|3.700618,-25.412194,-15.897697,4.587806,15.292686,0.091287|3.700720,-25.410953,-15.900493,4.589047,15.296824,0.091287
187|3.721887,-25.089042,-16.448100|3.720646,-25.088053,-16.402967,4.911947,16.373157,0.091287|3.720746,-25.086798,-16.405743,4.913202,16.377339,0.091287
188|3.741897,-24.754912,-16.946809|3.740673,-24.753867,-16.901650,5.246133,17.487109,0.091287|3.740773,-24.752599,-16.904406,5.247401,17.491335,0.091287
189|3.761907,-24.410871,-17.438732|3.760702,-24.409770,-17.393546,5.590230,18.634099,0.091287|3.760801,-24.408490,-17.396281,5.591510,18.638368,0.091287
190|3.781917,-24.057056,-17.923674|3.780731,-24.055900,-17.878460,5.944100,19.813665,0.091287|3.780829,-24.054607,-17.881174,5.945393,19.817976,0.091287
191|3.801927,-23.693608,-18.401438|3.800760,-23.692399,-18.356196,6.307601,21.025337,0.091287|3.800858,-23.691093,-18.358888,6.308907,21.029689,0.091287
192|3.821938,-23.320674,-18.871835|3.820790,-23.319411,-18.826564,6.680589,22.268628,0.091287|3.820887,-23.318094,-18.829233,6.681906,22.273021,0.091287
193|3.841948,-22.938402,-19.334676|3.840820,-22.937087,-19.289375,7.062913,23.543042,0.091287|3.840916,-22.935758,-19.292021,7.064242,23.547475,0.091287
194|3.861958,-22.546946,-19.789775|3.860851,-22.545580,-19.744444,7.454420,24.848067,0.091287|3.860946,-22.544238,-19.747066,7.455762,24.852539,0.091287
195|3.881968,-22.146463,-20.236951|3.880882,-22.145045,-20.191588,7.854955,26.183182,0.091287|3.880977,-22.143692,-20.194186,7.856308,26.187692,0.091287
196|3.901978,-21.737112,-20.676024|3.900914,-21.735645,-20.630628,8.264355,27.547851,0.091287|3.901008,-21.734280,-20.633202,8.265720,27.552398,0.091287
197|3.921988,-21.319057,-21.106819|3.920947,-21.317542,-21.061390,8.682458,28.941528,0.091287|3.921039,-21.316166,-21.063938,8.683834,28.946112,0.091287
198|3.941998,-20.892467,-21.529162|3.940979,-20.890903,-21.483699,9.109097,30.363656,0.091287|3.941071,-20.889517,-21.486223,9.110483,30.368276,0.091287
199|3.962009,-20.457512,-21.942885|3.961013,-20.455901,-21.897388,9.544099,31.813664,0.091287|3.961103,-20.454504,-21.899886,9.545496,31.818319,0.091287
200|3.982019,-20.014365,-22.347823|3.981046,-20.012708,-22.302291,9.987292,33.290973,0.091287|3.981136,-20.011301,-22.304762,9.988699,33.295662,0.091287
201|4.002029,-19.563205,-22.743813|4.001080,-19.561503,-22.698244,10.438497,34.794991,0.091287|4.001169,-19.560086,-22.700688,10.439914,34.799712,0.091287
202|4.022039,-19.104212,-23.130696|4.021115,-19.102466,-23.085091,10.897534,36.325115,0.091287|4.021203,-19.101039,-23.087508,10.898961,36.329869,0.091287
203|4.042049,-18.637570,-23.508318|4.041150,-18.635780,-23.462676,11.364220,37.880732,0.091287|4.041237,-18.634345,-23.465065,11.365655,37.885518,0.091287
204|4.062059,-18.163465,-23.876527|4.061185,-18.161634,-23.830847,11.838366,39.461221,0.091287|4.061271,-18.160189,-23.833208,11.839811,39.466037,0.091287
205|4.082069,-17.682088,-24.235176|4.081221,-17.680216,-24.189458,12.319784,41.065948,0.091287|4.081306,-17.678762,-24.191791,12.321238,41.070794,0.091287
206|4.102080,-17.193631,-24.584122|4.101257,-17.191719,-24.538364,12.808281,42.694271,0.091287|4.101341,-17.190256,-24.540669,12.809744,42.699145,0.091287
207|4.122090,-16.698290,-24.923224|4.121293,-16.696339,-24.877426,13.303661,44.345537,0.091287|4.121376,-16.694868,-24.879702,13.305132,44.350440,0.091287
208|4.142100,-16.196263,-25.252348|4.141330,-16.194274,-25.206509,13.805726,46.019086,0.091287|4.141412,-16.192795,-25.208756,13.807205,46.024015,0.091287
209|4.162110,-15.687751,-25.571360|4.161367,-15.685726,-25.525481,14.314274,47.714247,0.091287|4.161448,-15.684239,-25.527698,14.315761,47.719203,0.091287
210|4.182120,-15.172958,-25.880134|4.181404,-15.170897,-25.834213,14.829103,49.430342,0.091287|4.181484,-15.169403,-25.836400,14.830597,49.435323,0.091287
211|4.202130,-14.652090,-26.178546|4.201442,-14.649995,-26.132582,15.350005,51.166684,0.091287|4.201521,-14.648493,-26.134739,15.351507,51.171689,0.091287
212|4.222140,-14.125355,-26.466476|4.221480,-14.123227,-26.420469,15.876773,52.922577,0.091287|4.221558,-14.121719,-26.422596,15.878281,52.927605,0.091287
213|4.242151,-13.592964,-26.743809|4.241518,-13.590805,-26.697759,16.409195,54.697318,0.091287|4.241595,-13.589289,-26.699855,16.410711,54.702368,0.091287
214|4.262161,-13.055131,-27.010434|4.261557,-13.052941,-26.964340,16.947059,56.490196,0.091287|4.261633,-13.051419,-26.966406,16.948581,56.495269,0.091287
215|4.282171,-12.512071,-27.266244|4.281596,-12.509852,-27.220105,17.490148,58.300495,0.091287|4.281671,-12.508324,-27.222140,17.491676,58.305588,0.091287
216|4.302181,-11.964001,-27.511137|4.301635,-11.961753,-27.464953,18.038247,60.127488,0.091287|4.301709,-11.960220,-27.466957,18.039780,60.132601,0.091287
217|4.322191,-11.411141,-27.745015|4.321674,-11.408866,-27.698786,18.591134,61.970445,0.091287|4.321747,-11.407327,-27.700758,18.592673,61.975577,0.091287
218|4.342201,-10.853712,-27.967784|4.341714,-10.851412,-27.921508,19.148588,63.828628,0.091287|4.341786,-10.849867,-27.923450,19.150133,63.833778,0.091287
219|4.362211,-10.291937,-28.179355|4.361754,-10.289613,-28.133033,19.710387,65.701291,0.091287|4.361824,-10.288062,-28.134942,19.711938,65.706459,0.091287
220|4.382222,-9.726041,-28.379643|4.381794,-9.723694,-28.333274,20.276306,67.587687,0.091287|4.381863,-9.722139,-28.335152,20.277861,67.592871,0.091287
221|4.402232,-9.156251,-28.568568|4.401834,-9.153882,-28.522151,20.846118,69.487059,0.091287|4.401903,-9.152322,-28.523997,20.847678,69.492258,0.091287
222|4.422242,-8.582795,-28.746054|4.421875,-8.580406,-28.699590,21.419594,71.398647,0.091287|4.421942,-8.578842,-28.701404,21.421158,71.403861,0.091287
223|4.442252,-8.005903,-28.912031|4.441915,-8.003495,-28.865518,21.996505,73.321685,0.091287|4.441981,-8.001926,-28.867300,21.998074,73.326913,0.091287
224|4.462262,-7.425805,-29.066431|4.461956,-7.423379,-29.019870,22.576621,75.255403,0.091287|4.462021,-7.421807,-29.021620,22.578193,75.260645,0.091287
225|4.482272,-6.842733,-29.209194|4.481997,-6.840292,-29.162583,23.159708,77.199028,0.091287|4.482061,-6.838715,-29.164302,23.161285,77.204282,0.091287
226|4.502282,-6.256922,-29.340261|4.502038,-6.254466,-29.293601,23.745534,79.151781,0.091287|4.502101,-6.252886,-29.295288,23.747114,79.157046,0.091287
227|4.522293,-5.668606,-29.459581|4.522079,-5.666136,-29.412871,24.333864,81.112880,0.091287|4.522141,-5.664553,-29.414526,24.335447,81.118156,0.091287
228|4.542303,-5.078020,-29.567105|4.542120,-5.075538,-29.520345,24.924462,83.081539,0.091287|4.542182,-5.073952,-29.521968,24.926048,83.086826,0.091287
229|4.562313,-4.485401,-29.662791|4.562162,-4.482909,-29.615981,25.517091,85.056971,0.091287|4.562222,-4.481320,-29.617571,25.518680,85.062267,0.091287
230|4.582323,-3.890986,-29.746600|4.582203,-3.888484,-29.699739,26.111516,87.038385,0.091287|4.582262,-3.886893,-29.701298,26.113107,87.043690,0.091287
231|4.602333,-3.295013,-29.818499|4.602244,-3.292504,-29.771587,26.707496,89.024987,0.091287|4.602303,-3.290910,-29.773114,26.709090,89.030300,0.091287
232|4.622343,-2.697720,-29.878459|4.622286,-2.695205,-29.831496,27.304795,91.015982,0.091287|4.622344,-2.693609,-29.832991,27.306391,91.021302,0.091287
233|4.642353,-2.099348,-29.926455|4.642328,-2.096828,-29.879441,27.903172,93.010573,0.091287|4.642384,-2.095230,-29.880904,27.904770,93.015899,0.091287
234|4.662364,-1.500135,-29.962470|4.662369,-1.497612,-29.915404,28.502388,95.007960,0.091287|4.662425,-1.496012,-29.916835,28.503988,95.013292,0.091287
235|4.682374,-0.900321,-29.986487|4.682411,-0.897796,-29.939369,29.102204,97.007345,0.091287|4.682466,-0.896195,-29.940769,29.103805,97.012682,0.091287
236|4.702384,-0.300147,-29.998498|4.702452,-0.297622,-29.951329,29.702378,99.007927,0.091287|4.702506,-0.296020,-29.952697,29.703980,99.013268,0.091287
237|4.722394,0.300147,-29.998498|4.722494,0.302671,-29.951276,29.697329,98.991096,0.091287|4.722547,0.304275,-29.952613,29.695725,98.985751,0.091287
238|4.742404,0.900321,-29.986487|4.742536,0.902843,-29.939213,29.097157,96.990525,0.091287|4.742588,0.904447,-29.940519,29.095553,96.985176,0.091287
239|4.762414,1.500135,-29.962470|4.762577,1.502652,-29.915143,28.497348,94.991160,0.091287|4.762629,1.504258,-29.916418,28.495742,94.985808,0.091287
240|4.782424,2.099348,-29.926455|4.782619,2.101859,-29.879076,27.898141,92.993802,0.091287|4.782669,2.103466,-29.880320,27.896534,92.988448,0.091287
241|4.802435,2.697720,-29.878459|4.802660,2.700225,-29.831027,27.299775,90.999251,0.091287|4.802710,2.701831,-29.832241,27.298169,90.993896,0.091287
242|4.822445,3.295013,-29.818499|4.822702,3.297508,-29.771015,26.702492,89.008306,0.091287|4.822751,3.299115,-29.772198,26.700885,89.002949,0.091287
243|4.842455,3.890986,-29.746600|4.842743,3.893471,-29.699063,26.106529,87.021763,0.091287|4.842791,3.895078,-29.700216,26.104922,87.016406,0.091287
244|4.862465,4.485401,-29.662791|4.862784,4.487874,-29.615202,25.512126,85.040419,0.091287|4.862832,4.489482,-29.616324,25.510518,85.035061,0.091287
245|4.882475,5.078020,-29.567105|4.882825,5.080480,-29.519463,24.919520,83.065066,0.091287|4.882872,5.082087,-29.520556,24.917913,83.059708,0.091287
246|4.902485,5.668606,-29.459581|4.902866,5.671051,-29.411886,24.328949,81.096495,0.091287|4.902912,5.672658,-29.412950,24.327342,81.091138,0.091287
247|4.922495,6.256922,-29.340261|4.922907,6.259351,-29.292514,23.740649,79.135495,0.091287|4.922953,6.260958,-29.293548,23.739042,79.130139,0.091287
248|4.942506,6.842733,-29.209194|4.942948,6.845145,-29.161394,23.154855,77.182851,0.091287|4.942993,6.846751,-29.162399,23.153249,77.177497,0.091287
249|4.962516,7.425805,-29.066431|4.962989,7.428197,-29.018580,22.571803,75.239344,0.091287|4.963032,7.429802,-29.019556,22.570198,75.233992,0.091287
250|4.982526,8.005903,-28.912031|4.983029,8.008274,-28.864127,21.991726,73.305753,0.091287|4.983072,8.009879,-28.865074,21.990121,73.300403,0.091287
251|5.002536,8.582795,-28.746054|5.003069,8.585144,-28.698098,21.414856,71.382853,0.091287|5.003112,8.586748,-28.699018,21.413252,71.377505,0.091287
252|5.022546,9.156251,-28.568568|5.023109,9.158576,-28.520560,20.841424,69.471412,0.091287|5.023151,9.160180,-28.521452,20.839820,69.466067,0.091287
253|5.042556,9.726041,-28.379643|5.043149,9.728341,-28.331584,20.271659,67.572196,0.091287|5.043190,9.729943,-28.332447,20.270057,67.566855,0.091287
254|5.062567,10.291937,-28.179355|5.063189,10.294210,-28.131244,19.705790,65.685967,0.091287|5.063229,10.295811,-28.132081,19.704189,65.680629,0.091287
255|5.082577,10.853712,-27.967784|5.083228,10.855957,-27.919622,19.144043,63.813478,0.091287|5.083268,10.857557,-27.920432,19.142443,63.808144,0.091287
256|5.102587,11.411141,-27.745015|5.103267,11.413356,-27.696803,18.586644,61.955480,0.091287|5.103307,11.414955,-27.697585,18.585045,61.950150,0.091287
257|5.122597,11.964001,-27.511137|5.123306,11.966185,-27.462874,18.033815,60.112717,0.091287|5.123345,11.967783,-27.463631,18.032217,60.107391,0.091287
258|5.142607,12.512071,-27.266244|5.143345,12.514222,-27.217931,17.485778,58.285926,0.091287|5.143383,12.515819,-27.218662,17.484181,58.280605,0.091287
259|5.162617,13.055131,-27.010434|5.163383,13.057248,-26.962071,16.942752,56.475839,0.091287|5.163421,13.058843,-26.962776,16.941157,56.470523,0.091287
260|5.182627,13.592964,-26.743809|5.183422,13.595046,-26.695396,16.404954,54.683181,0.091287|5.183459,13.596639,-26.696076,16.403361,54.677870,0.091287
261|5.202638,14.125355,-26.466476|5.203459,14.127399,-26.418014,15.872601,52.908670,0.091287|5.203496,14.128991,-26.418669,15.871009,52.903363,0.091287
262|5.222648,14.652090,-26.178546|5.223497,14.654095,-26.130036,15.345905,51.153016,0.091287|5.223533,14.655686,-26.130666,15.344314,51.147714,0.091287
263|5.242658,15.172958,-25.880134|5.243534,15.174924,-25.831576,14.825076,49.416921,0.091287|5.243570,15.176513,-25.832182,14.823487,49.411625,0.091287
264|5.262668,15.687751,-25.571360|5.263571,15.689675,-25.522754,14.310325,47.701082,0.091287|5.263606,15.691263,-25.523336,14.308737,47.695791,0.091287
265|5.282678,16.196263,-25.252348|5.283608,16.198144,-25.203694,13.801856,46.006185,0.091287|5.283642,16.199730,-25.204253,13.800270,46.000900,0.091287
266|5.302688,16.698290,-24.923224|5.303644,16.700127,-24.874524,13.299873,44.332909,0.091287|5.303678,16.701711,-24.875060,13.298289,44.327629,0.091287
267|5.322698,17.193631,-24.584122|5.323680,17.195423,-24.535375,12.804577,42.681924,0.091287|5.323713,17.197005,-24.535889,12.802995,42.676649,0.091287
268|5.342709,17.682088,-24.235176|5.343715,17.683833,-24.186384,12.316167,41.053890,0.091287|5.343748,17.685414,-24.186875,12.314586,41.048621,0.091287
269|5.362719,18.163465,-23.876527|5.363751,18.165162,-23.827689,11.834838,39.449461,0.091287|5.363783,18.166741,-23.828159,11.833259,39.444197,0.091287
270|5.382729,18.637570,-23.508318|5.383785,18.639217,-23.459436,11.360783,37.869277,0.091287|5.383817,18.640794,-23.459884,11.359206,37.864019,0.091287
271|5.402739,19.104212,-23.130696|5.403820,19.105808,-23.081770,10.894192,36.313972,0.091287|5.403851,19.107384,-23.082197,10.892616,36.308720,0.091287
272|5.422749,19.563205,-22.743813|5.423854,19.564749,-22.694843,10.435251,34.784169,0.091287|5.423885,19.566323,-22.695250,10.433677,34.778922,0.091287
273|5.442759,20.014365,-22.347823|5.443888,20.015856,-22.298811,9.984144,33.280480,0.091287|5.443918,20.017428,-22.299198,9.982572,33.275239,0.091287
274|5.462769,20.457512,-21.942885|5.463921,20.458948,-21.893832,9.541052,31.803507,0.091287|5.463951,20.460519,-21.894199,9.539481,31.798271,0.091287
275|5.482780,20.892467,-21.529162|5.483954,20.893847,-21.480067,9.106153,30.353842,0.091287|5.483983,20.895417,-21.480415,9.104583,30.348612,0.091287
276|5.502790,21.319057,-21.106819|5.503986,21.320381,-21.057683,8.679619,28.932065,0.091287|5.504015,21.321948,-21.058012,8.678052,28.926840,0.091287
277|5.522800,21.737112,-20.676024|5.524018,21.738377,-20.626849,8.261623,27.538745,0.091287|5.524046,21.739942,-20.627160,8.260058,27.533525,0.091287
278|5.542810,22.146463,-20.236951|5.544049,22.147668,-20.187737,7.852332,26.174440,0.091287|5.544077,22.149232,-20.188030,7.850768,26.169225,0.091287
279|5.562820,22.546946,-19.789775|5.564080,22.548091,-19.740523,7.451909,24.839696,0.091287|5.564108,22.549654,-19.740799,7.450346,24.834487,0.091287
280|5.582830,22.938402,-19.334676|5.584111,22.939485,-19.285387,7.060515,23.535049,0.091287|5.584138,22.941047,-19.285645,7.058953,23.529845,0.091287
281|5.602840,23.320674,-18.871835|5.604141,23.321694,-18.822509,6.678306,22.261019,0.091287|5.604168,23.323254,-18.822751,6.676746,22.255820,0.091287
282|5.622851,23.693608,-18.401438|5.624171,23.694564,-18.352077,6.305436,21.018118,0.091287|5.624197,23.696123,-18.352302,6.303877,21.012924,0.091287
283|5.642861,24.057056,-17.923674|5.644200,24.057947,-17.874277,5.942053,19.806844,0.091287|5.644225,24.059504,-17.874487,5.940496,19.801654,0.091287
284|5.662871,24.410871,-17.438732|5.664229,24.411696,-17.389302,5.588304,18.627680,0.091287|5.664254,24.413252,-17.389497,5.586748,18.622495,0.091287
285|5.682881,24.754912,-16.946809|5.684257,24.755670,-16.897345,5.244330,17.481099,0.091287|5.684281,24.757225,-16.897525,5.242775,17.475918,0.091287
286|5.702891,25.089042,-16.448100|5.704285,25.089732,-16.398604,4.910268,16.367560,0.091287|5.704308,25.091285,-16.398770,4.908715,16.362384,0.091287
287|5.722901,25.413126,-15.942805|5.724312,25.413747,-15.893278,4.586253,15.287510,0.091287|5.724335,25.415299,-15.893430,4.584701,15.282337,0.091287
288|5.742911,25.727035,-15.431127|5.744339,25.727586,-15.381570,4.272414,14.241380,0.091287|5.744361,25.729137,-15.381709,4.270863,14.236211,0.091287
289|5.762922,26.030643,-14.913270|5.764365,26.031123,-14.863684,3.968877,13.229589,0.091287|5.764387,26.032673,-14.863810,3.967327,13.224425,0.091287
290|5.782932,26.323828,-14.389443|5.784391,26.324237,-14.339829,3.675763,12.252543,0.091287|5.784412,26.325785,-14.339942,3.674215,12.247382,0.091287
291|5.802942,26.606474,-13.859853|5.804416,26.606810,-13.810212,3.393190,11.310632,0.091287|5.804436,26.608357,-13.810313,3.391643,11.305475,0.091287
292|5.822952,26.878467,-13.324715|5.824440,26.878730,-13.275047,3.121270,10.404235,0.091287|5.824460,26.880276,-13.275137,3.119724,10.399081,0.091287
293|5.842962,27.139697,-12.784241|5.844464,27.139886,-12.734549,2.860114,9.533713,0.091287|5.844484,27.141431,-12.734627,2.858569,9.528562,0.091287
294|5.862972,27.390062,-12.238649|5.864488,27.390175,-12.188932,2.609825,8.699415,0.091287|5.864507,27.391720,-12.189000,2.608280,8.694268,0.091287
295|5.882982,27.629459,-11.688156|5.884511,27.629497,-11.638417,2.370503,7.901676,0.091287|5.884529,27.631041,-11.638474,2.368959,7.896531,0.091287
296|5.902993,27.857794,-11.132984|5.904533,27.857756,-11.083222,2.142244,7.140815,0.091287|5.904551,27.859298,-11.083270,2.140702,7.135673,0.091287
297|5.923003,28.074975,-10.573354|5.924555,28.074859,-10.523571,1.925141,6.417136,0.091287|5.924572,28.076401,-10.523610,1.923599,6.411996,0.091287
298|5.943013,28.280914,-10.009490|5.944577,28.280721,-9.959688,1.719279,5.730929,0.091287|5.944593,28.282263,-9.959718,1.717737,5.725791,0.091287
299|5.963023,28.475530,-9.441619|5.964597,28.475259,-9.391798,1.524741,5.082469,0.091287|5.964613,28.476800,-9.391819,1.523200,5.077334,0.091287
300|5.983033,28.658745,-8.869967|5.984617,28.658396,-8.820129,1.341604,4.472015,0.091287|5.984632,28.659935,-8.820142,1.340065,4.466882,0.091287
301|6.003043,28.830485,-8.294764|6.004637,28.830056,-8.244910,1.169944,3.899812,0.091287|6.004651,28.831596,-8.244916,1.168404,3.894681,0.091287
302|6.023053,28.990682,-7.716240|6.024656,28.990173,-7.666370,1.009827,3.366090,0.091287|6.024669,28.991712,-7.666369,1.008288,3.360961,0.091287
303|6.043064,29.139271,-7.134626|6.044675,29.138682,-7.084742,0.861318,2.871061,0.091287|6.044687,29.140220,-7.084735,0.859780,2.865934,0.091287
304|6.063074,29.276193,-6.550156|6.064693,29.275523,-6.500259,0.724477,2.414924,0.091287|6.064704,29.277061,-6.500245,0.722939,2.409798,0.091287
305|6.083084,29.401393,-5.963063|6.084710,29.400641,-5.913154,0.599359,1.997862,0.091287|6.084721,29.402179,-5.913135,0.597821,1.992737,0.091287
306|6.103094,29.514820,-5.373582|6.104727,29.513988,-5.323663,0.486012,1.620041,0.091287|6.104737,29.515525,-5.323639,0.484475,1.614918,0.091287
307|6.123104,29.616431,-4.781950|6.124743,29.615516,-4.732021,0.384484,1.281613,0.091287|6.124752,29.617053,-4.731992,0.382947,1.276491,0.091287
308|6.143114,29.706183,-4.188403|6.144758,29.705186,-4.138466,0.294814,0.982713,0.091287|6.144767,29.706722,-4.138433,0.293278,0.977592,0.091287
309|6.163124,29.784040,-3.593179|6.164773,29.782961,-3.543236,0.217039,0.723462,0.091287|6.164781,29.784498,-3.543199,0.215502,0.718341,0.091287
310|6.183135,29.849973,-2.996517|6.184788,29.848811,-2.946567,0.151189,0.503962,0.091287|6.184794,29.850347,-2.946527,0.149653,0.498842,0.091287
311|6.203145,29.903954,-2.398654|6.204801,29.902709,-2.348700,0.097291,0.324302,0.091287|6.204807,29.904245,-2.348657,0.095755,0.319183,0.091287
312|6.223155,29.945961,-1.799832|6.224815,29.944634,-1.749874,0.055366,0.184553,0.091287|6.224819,29.946170,-1.749829,0.053830,0.179435,0.091287
313|6.243165,29.975979,-1.200288|6.244827,29.974568,-1.150329,0.025432,0.084772,0.091287|6.244831,29.976104,-1.150281,0.023896,0.079654,0.091287
314|6.263175,29.993994,-0.600264|6.264839,29.992500,-0.550304,0.007500,0.024999,0.091287|6.264842,29.994036,-0.550255,0.005964,0.019881,0.091287
