OneBody4_E-0.05_plotinterval0.010_ecc0.0_RK4.txt
initial value : [x, y, v_x, v_y] = [90.00,0.00,0.00,0.32] , numerical interval dt = 0.02000 , [M, m] = [ 9, 1]

num|given_position|geodesic|newtonian
num| degree1, x1, y1 | degree2, x2, y2, simple error, relative error, d(rho) | degree2, x2, y2, simple error, relative error, dt
  1|0.000000,90.000000,0.000000|0.000111,89.999999,0.010000,0.000001,0.000001,0.031623|0.000111,89.999999,0.010000,0.000001,0.000001,0.031623
  2|0.020010,89.981982,1.800793|0.020121,89.981981,1.810793,0.018019,0.020021,0.031623|0.020121,89.981981,1.810793,0.018019,0.020021,0.031623
  3|0.040020,89.927937,3.600865|0.040131,89.927934,3.610865,0.072066,0.080074,0.031623|0.040131,89.927934,3.610865,0.072066,0.080074,0.031623
  4|0.060030,89.837884,5.399495|0.060141,89.837880,5.409495,0.162120,0.180133,0.031623|0.060141,89.837880,5.409495,0.162120,0.180133,0.031623
  5|0.080041,89.711862,7.195963|0.080151,89.711857,7.205963,0.288143,0.320159,0.031623|0.080151,89.711857,7.205963,0.288143,0.320159,0.031623
  6|0.100051,89.549919,8.989550|0.100161,89.549913,8.999549,0.450087,0.500097,0.031623|0.100161,89.549913,8.999549,0.450087,0.500097,0.031623
  7|0.120061,89.352121,10.779537|0.120171,89.352114,10.789537,0.647886,0.719873,0.031623|0.120171,89.352114,10.789537,0.647886,0.719873,0.031623
  8|0.140071,89.118548,12.565209|0.140181,89.118539,12.575208,0.881461,0.979401,0.031623|0.140181,89.118539,12.575208,0.881461,0.979401,0.031623
  9|0.160081,88.849292,14.345849|0.160191,88.849282,14.355849,1.150718,1.278575,0.031623|0.160191,88.849282,14.355848,1.150718,1.278575,0.031623
 10|0.180091,88.544461,16.120746|0.180201,88.544450,16.130745,1.455550,1.617277,0.031623|0.180201,88.544450,16.130745,1.455550,1.617277,0.031623
 11|0.200101,88.204178,17.889188|0.200210,88.204166,17.899187,1.795834,1.995371,0.031623|0.200210,88.204166,17.899186,1.795834,1.995371,0.031623
 12|0.220112,87.828578,19.650467|0.220220,87.828566,19.660466,2.171434,2.412705,0.031623|0.220220,87.828566,19.660465,2.171434,2.412705,0.031623
 13|0.240122,87.417813,21.403878|0.240230,87.417799,21.413877,2.582201,2.869112,0.031623|0.240230,87.417799,21.413876,2.582201,2.869112,0.031623
 14|0.260132,86.972046,23.148719|0.260239,86.972031,23.158718,3.027969,3.364410,0.031623|0.260239,86.972031,23.158718,3.027969,3.364410,0.031623
 15|0.280142,86.491456,24.884292|0.280249,86.491440,24.894290,3.508560,3.898400,0.031623|0.280249,86.491440,24.894290,3.508560,3.898400,0.031623
 16|0.300152,85.976236,26.609901|0.300258,85.976219,26.619899,4.023781,4.470868,0.031623|0.300258,85.976219,26.619899,4.023781,4.470868,0.031623
 17|0.320162,85.426591,28.324856|0.320268,85.426573,28.334854,4.573427,5.081585,0.031623|0.320268,85.426573,28.334853,4.573427,5.081585,0.031623
 18|0.340172,84.842743,30.028470|0.340277,84.842724,30.038467,5.157276,5.730307,0.031623|0.340277,84.842724,30.038467,5.157276,5.730307,0.031623
 19|0.360183,84.224924,31.720061|0.360287,84.224903,31.730058,5.775097,6.416774,0.031623|0.360287,84.224903,31.730057,5.775097,6.416774,0.031623
 20|0.380193,83.573381,33.398951|0.380296,83.573360,33.408947,6.426640,7.140711,0.031623|0.380296,83.573360,33.408947,6.426640,7.140711,0.031623
 21|0.400203,82.888377,35.064468|0.400305,82.888355,35.074464,7.111645,7.901828,0.031623|0.400305,82.888355,35.074464,7.111645,7.901828,0.031623
 22|0.420213,82.170185,36.715946|0.420315,82.170162,36.725942,7.829838,8.699820,0.031623|0.420315,82.170162,36.725941,7.829838,8.699820,0.031623
 23|0.440223,81.419092,38.352723|0.440324,81.419068,38.362719,8.580932,9.534369,0.031623|0.440324,81.419068,38.362718,8.580932,9.534369,0.031623
 24|0.460233,80.635400,39.974144|0.460333,80.635375,39.984139,9.364625,10.405139,0.031623|0.460333,80.635375,39.984139,9.364625,10.405139,0.031623
 25|0.480243,79.819422,41.579560|0.480342,79.819396,41.589554,10.180604,11.311782,0.031623|0.480342,79.819396,41.589554,10.180604,11.311782,0.031623
 26|0.500254,78.971485,43.168328|0.500351,78.971458,43.178321,11.028542,12.253935,0.031623|0.500351,78.971458,43.178321,11.028542,12.253935,0.031623
 27|0.520264,78.091929,44.739811|0.520360,78.091901,44.749804,11.908099,13.231222,0.031623|0.520360,78.091901,44.749803,11.908099,13.231222,0.031623
 28|0.540274,77.181105,46.293381|0.540369,77.181076,46.303373,12.818924,14.243249,0.031623|0.540369,77.181076,46.303373,12.818924,14.243249,0.031623
 29|0.560284,76.239378,47.828415|0.560378,76.239348,47.838407,13.760652,15.289614,0.031623|0.560378,76.239348,47.838406,13.760652,15.289614,0.031623
 30|0.580294,75.267125,49.344299|0.580387,75.267094,49.354291,14.732906,16.369895,0.031623|0.580387,75.267094,49.354290,14.732906,16.369895,0.031623
 31|0.600304,74.264737,50.840426|0.600396,74.264705,50.850417,15.735295,17.483661,0.031623|0.600396,74.264705,50.850416,15.735295,17.483661,0.031623
 32|0.620314,73.232613,52.316197|0.620405,73.232580,52.326187,16.767420,18.630467,0.031623|0.620405,73.232580,52.326186,16.767420,18.630467,0.031623
 33|0.640325,72.171167,53.771021|0.640414,72.171133,53.781011,17.828867,19.809852,0.031623|0.640414,72.171133,53.781010,17.828867,19.809852,0.031623
 34|0.660335,71.080825,55.204315|0.660423,71.080790,55.214304,18.919210,21.021345,0.031623|0.660423,71.080790,55.214303,18.919210,21.021345,0.031623
 35|0.680345,69.962022,56.615506|0.680431,69.961986,56.625495,20.038014,22.264460,0.031623|0.680431,69.961986,56.625493,20.038014,22.264460,0.031623
 36|0.700355,68.815207,58.004028|0.700440,68.815171,58.014017,21.184829,23.538699,0.031623|0.700440,68.815171,58.014015,21.184829,23.538699,0.031623
 37|0.720365,67.640839,59.369326|0.720449,67.640802,59.379314,22.359198,24.843554,0.031623|0.720449,67.640802,59.379313,22.359198,24.843554,0.031623
 38|0.740375,66.439388,60.710854|0.740458,66.439350,60.720841,23.560650,26.178500,0.031623|0.740458,66.439350,60.720839,23.560650,26.178500,0.031623
 39|0.760385,65.211335,62.028073|0.760466,65.211296,62.038059,24.788704,27.543004,0.031623|0.760466,65.211296,62.038057,24.788704,27.543004,0.031623
 40|0.780396,63.957172,63.320456|0.780475,63.957133,63.330441,26.042867,28.936519,0.031623|0.780475,63.957133,63.330440,26.042867,28.936519,0.031623
 41|0.800406,62.677401,64.587486|0.800483,62.677361,64.597471,27.322639,30.358488,0.031623|0.800483,62.677361,64.597469,27.322639,30.358488,0.031623
 42|0.820416,61.372535,65.828656|0.820492,61.372494,65.838640,28.627506,31.808340,0.031623|0.820492,61.372494,65.838639,28.627506,31.808340,0.031623
 43|0.840426,60.043095,67.043469|0.840500,60.043053,67.053452,29.956947,33.285496,0.031623|0.840500,60.043053,67.053450,29.956947,33.285496,0.031623
 44|0.860436,58.689615,68.231438|0.860509,58.689572,68.241420,31.310428,34.789364,0.031623|0.860509,58.689572,68.241419,31.310428,34.789364,0.031623
 45|0.880446,57.312636,69.392087|0.880517,57.312592,69.402069,32.687408,36.319342,0.031623|0.880517,57.312592,69.402067,32.687408,36.319342,0.031623
 46|0.900456,55.912709,70.524953|0.900526,55.912665,70.534934,34.087335,37.874817,0.031623|0.900526,55.912665,70.534932,34.087335,37.874817,0.031623
 47|0.920467,54.490395,71.629581|0.920534,54.490350,71.639561,35.509650,39.455166,0.031623|0.920534,54.490350,71.639559,35.509650,39.455166,0.031623
 48|0.940477,53.046264,72.705529|0.940543,53.046218,72.715508,36.953782,41.059757,0.031623|0.940543,53.046218,72.715506,36.953782,41.059758,0.031623
 49|0.960487,51.580893,73.752366|0.960551,51.580847,73.762345,38.419153,42.687948,0.031623|0.960551,51.580847,73.762342,38.419153,42.687948,0.031623
 50|0.980497,50.094870,74.769673|0.980559,50.094823,74.779651,39.905177,44.339086,0.031623|0.980559,50.094823,74.779649,39.905177,44.339086,0.031623
 51|1.000507,48.588789,75.757043|1.000567,48.588741,75.767020,41.411259,46.012509,0.031623|1.000567,48.588741,75.767018,41.411259,46.012510,0.031623
 52|1.020517,47.063253,76.714081|1.020576,47.063205,76.724057,42.936795,47.707550,0.031623|1.020576,47.063205,76.724054,42.936795,47.707550,0.031623
 53|1.040528,45.518874,77.640403|1.040584,45.518826,77.650378,44.481174,49.423527,0.031623|1.040584,45.518825,77.650375,44.481175,49.423527,0.031623
 54|1.060538,43.956269,78.535638|1.060592,43.956220,78.545612,46.043780,51.159755,0.031623|1.060592,43.956220,78.545609,46.043780,51.159755,0.031623
 55|1.080548,42.376065,79.399428|1.080600,42.376015,79.409401,47.623985,52.915539,0.031623|1.080600,42.376015,79.409398,47.623985,52.915539,0.031623
 56|1.100558,40.778893,80.231427|1.100609,40.778843,80.241400,49.221157,54.690174,0.031623|1.100609,40.778843,80.241397,49.221157,54.690174,0.031623
 57|1.120568,39.165394,81.031302|1.120617,39.165344,81.041274,50.834656,56.482951,0.031623|1.120617,39.165344,81.041271,50.834656,56.482951,0.031623
 58|1.140578,37.536214,81.798733|1.140625,37.536163,81.808704,52.463837,58.293153,0.031623|1.140625,37.536163,81.808700,52.463837,58.293153,0.031623
 59|1.160588,35.892004,82.533412|1.160633,35.891952,82.543382,54.108048,60.120053,0.031623|1.160633,35.891952,82.543378,54.108048,60.120053,0.031623
 60|1.180599,34.233423,83.235045|1.180641,34.233371,83.245014,55.766629,61.962921,0.031623|1.180641,34.233371,83.245011,55.766629,61.962921,0.031623
 61|1.200609,32.561136,83.903352|1.200649,32.561083,83.913320,57.438917,63.821019,0.031623|1.200649,32.561083,83.913316,57.438917,63.821019,0.031623
 62|1.220619,30.875811,84.538064|1.220657,30.875758,84.548032,59.124242,65.693602,0.031623|1.220657,30.875758,84.548028,59.124242,65.693602,0.031623
 63|1.240629,29.178124,85.138928|1.240665,29.178071,85.148895,60.821929,67.579922,0.031623|1.240665,29.178071,85.148891,60.821929,67.579922,0.031623
 64|1.260639,27.468754,85.705703|1.260673,27.468700,85.715669,62.531300,69.479222,0.031623|1.260673,27.468700,85.715665,62.531300,69.479222,0.031623
 65|1.280649,25.748385,86.238162|1.280681,25.748332,86.248127,64.251668,71.390742,0.031623|1.280681,25.748332,86.248123,64.251668,71.390743,0.031623
 66|1.300659,24.017708,86.736092|1.300689,24.017654,86.746056,65.982346,73.313718,0.031623|1.300689,24.017654,86.746052,65.982346,73.313718,0.031623
 67|1.320670,22.277414,87.199294|1.320698,22.277359,87.209256,67.722641,75.247378,0.031623|1.320697,22.277359,87.209252,67.722641,75.247378,0.031623
 68|1.340680,20.528200,87.627581|1.340706,20.528145,87.637543,69.471855,77.190950,0.031623|1.340705,20.528145,87.637538,69.471855,77.190950,0.031623
 69|1.360690,18.770767,88.020783|1.360713,18.770712,88.030744,71.229288,79.143653,0.031623|1.360713,18.770712,88.030740,71.229288,79.143654,0.031623
 70|1.380700,17.005818,88.378743|1.380721,17.005763,88.388702,72.994237,81.104708,0.031623|1.380721,17.005763,88.388698,72.994237,81.104708,0.031623
 71|1.400710,15.234060,88.701316|1.400729,15.234005,88.711274,74.765995,83.073328,0.031623|1.400729,15.234005,88.711270,74.765995,83.073328,0.031623
 72|1.420720,13.456202,88.988373|1.420737,13.456147,88.998331,76.543853,85.048726,0.031623|1.420737,13.456147,88.998326,76.543853,85.048726,0.031623
 73|1.440730,11.672957,89.239801|1.440745,11.672902,89.249758,78.327098,87.030109,0.031623|1.440745,11.672902,89.249753,78.327098,87.030109,0.031623
 74|1.460741,9.885038,89.455497|1.460753,9.884982,89.465453,80.115018,89.016686,0.031623|1.460753,9.884982,89.465448,80.115018,89.016686,0.031623
 75|1.480751,8.093161,89.635377|1.480761,8.093105,89.645331,81.906895,91.007661,0.031623|1.480761,8.093105,89.645326,81.906895,91.007661,0.031623
 76|1.500761,6.298044,89.779366|1.500769,6.297988,89.789320,83.702012,93.002236,0.031623|1.500769,6.297988,89.789315,83.702012,93.002236,0.031623
 77|1.520771,4.500405,89.887409|1.520777,4.500349,89.897362,85.499651,94.999612,0.031623|1.520777,4.500349,89.897357,85.499651,94.999612,0.031623
 78|1.540781,2.700964,89.959462|1.540785,2.700908,89.969414,87.299092,96.998991,0.031623|1.540785,2.700908,89.969408,87.299092,96.998991,0.031623
 79|1.560791,0.900441,89.995495|1.560793,0.900385,90.005446,89.099615,98.999572,0.031623|1.560793,0.900385,90.005441,89.099615,98.999572,0.031623
 80|1.580801,-0.900441,89.995495|1.580801,-0.900497,90.005445,89.099503,98.999447,0.031623|1.580801,-0.900498,90.005439,89.099502,98.999447,0.031623
 81|1.600812,-2.700964,89.959462|1.600809,-2.701020,89.969411,87.298980,96.998867,0.031623|1.600809,-2.701020,89.969405,87.298980,96.998867,0.031623
 82|1.620822,-4.500405,89.887409|1.620817,-4.500461,89.897357,85.499539,94.999488,0.031623|1.620817,-4.500461,89.897351,85.499539,94.999488,0.031623
 83|1.640832,-6.298044,89.779366|1.640825,-6.298100,89.789313,83.701900,93.002111,0.031623|1.640825,-6.298100,89.789307,83.701900,93.002111,0.031623
 84|1.660842,-8.093161,89.635377|1.660833,-8.093217,89.645322,81.906783,91.007537,0.031623|1.660833,-8.093217,89.645316,81.906783,91.007537,0.031623
 85|1.680852,-9.885038,89.455497|1.680841,-9.885094,89.465442,80.114906,89.016562,0.031623|1.680841,-9.885094,89.465436,80.114906,89.016562,0.031623
 86|1.700862,-11.672957,89.239801|1.700849,-11.673013,89.249745,78.326987,87.029986,0.031623|1.700849,-11.673013,89.249738,78.326987,87.029986,0.031623
 87|1.720872,-13.456202,88.988373|1.720857,-13.456258,88.998316,76.543742,85.048602,0.031623|1.720857,-13.456258,88.998310,76.543742,85.048602,0.031623
 88|1.740883,-15.234060,88.701316|1.740864,-15.234115,88.711258,74.765885,83.073205,0.031623|1.740864,-15.234115,88.711251,74.765885,83.073205,0.031623
 89|1.760893,-17.005818,88.378743|1.760872,-17.005873,88.388684,72.994127,81.104586,0.031623|1.760872,-17.005873,88.388677,72.994127,81.104586,0.031623
 90|1.780903,-18.770767,88.020783|1.780880,-18.770821,88.030723,71.229179,79.143532,0.031623|1.780880,-18.770821,88.030716,71.229179,79.143532,0.031623
 91|1.800913,-20.528200,87.627581|1.800888,-20.528254,87.637520,69.471746,77.190828,0.031623|1.800888,-20.528254,87.637513,69.471746,77.190828,0.031623
 92|1.820923,-22.277414,87.199294|1.820896,-22.277468,87.209232,67.722532,75.247258,0.031623|1.820896,-22.277468,87.209225,67.722532,75.247258,0.031623
 93|1.840933,-24.017708,86.736092|1.840904,-24.017762,86.746029,65.982238,73.313598,0.031623|1.840904,-24.017762,86.746022,65.982238,73.313598,0.031623
 94|1.860943,-25.748385,86.238162|1.860912,-25.748439,86.248098,64.251561,71.390623,0.031623|1.860912,-25.748439,86.248091,64.251561,71.390623,0.031623
 95|1.880954,-27.468754,85.705703|1.880920,-27.468807,85.715638,62.531193,69.479103,0.031623|1.880920,-27.468807,85.715631,62.531193,69.479103,0.031623
 96|1.900964,-29.178124,85.138928|1.900928,-29.178177,85.148862,60.821823,67.579804,0.031623|1.900929,-29.178177,85.148855,60.821823,67.579804,0.031623
 97|1.920974,-30.875811,84.538064|1.920937,-30.875863,84.547998,59.124137,65.693485,0.031623|1.920937,-30.875863,84.547990,59.124137,65.693485,0.031623
 98|1.940984,-32.561136,83.903352|1.940945,-32.561188,83.913284,57.438812,63.820902,0.031623|1.940945,-32.561188,83.913276,57.438812,63.820902,0.031623
 99|1.960994,-34.233423,83.235045|1.960953,-34.233475,83.244977,55.766525,61.962806,0.031623|1.960953,-34.233475,83.244969,55.766525,61.962806,0.031623
100|1.981004,-35.892004,82.533412|1.980961,-35.892055,82.543342,54.107945,60.119939,0.031623|1.980961,-35.892055,82.543334,54.107945,60.119939,0.031623
101|2.001014,-37.536214,81.798733|2.000969,-37.536265,81.808662,52.463735,58.293039,0.031623|2.000969,-37.536265,81.808654,52.463735,58.293039,0.031623
102|2.021025,-39.165394,81.031302|2.020977,-39.165445,81.041231,50.834555,56.482839,0.031623|2.020977,-39.165445,81.041222,50.834555,56.482839,0.031623
103|2.041035,-40.778893,80.231427|2.040985,-40.778943,80.241355,49.221057,54.690063,0.031623|2.040985,-40.778943,80.241346,49.221057,54.690063,0.031623
104|2.061045,-42.376065,79.399428|2.060993,-42.376114,79.409355,47.623886,52.915429,0.031623|2.060993,-42.376114,79.409346,47.623886,52.915429,0.031623
105|2.081055,-43.956269,78.535638|2.081002,-43.956318,78.545564,46.043682,51.159646,0.031623|2.081002,-43.956318,78.545555,46.043682,51.159646,0.031623
106|2.101065,-45.518874,77.640403|2.101010,-45.518922,77.650328,44.481078,49.423420,0.031623|2.101010,-45.518922,77.650319,44.481078,49.423420,0.031623
107|2.121075,-47.063253,76.714081|2.121018,-47.063301,76.724005,42.936699,47.707443,0.031623|2.121018,-47.063301,76.723996,42.936699,47.707443,0.031623
108|2.141085,-48.588789,75.757043|2.141026,-48.588836,75.766967,41.411164,46.012404,0.031623|2.141026,-48.588836,75.766958,41.411164,46.012404,0.031623
109|2.161096,-50.094870,74.769673|2.161035,-50.094916,74.779596,39.905084,44.338982,0.031623|2.161035,-50.094916,74.779587,39.905084,44.338982,0.031623
110|2.181106,-51.580893,73.752366|2.181043,-51.580939,73.762288,38.419061,42.687846,0.031623|2.181043,-51.580939,73.762279,38.419061,42.687846,0.031623
111|2.201116,-53.046264,72.705529|2.201051,-53.046309,72.715450,36.953691,41.059657,0.031623|2.201051,-53.046309,72.715441,36.953691,41.059657,0.031623
112|2.221126,-54.490395,71.629581|2.221060,-54.490440,71.639501,35.509560,39.455067,0.031623|2.221060,-54.490440,71.639492,35.509560,39.455067,0.031623
113|2.241136,-55.912709,70.524953|2.241068,-55.912753,70.534873,34.087247,37.874719,0.031623|2.241068,-55.912753,70.534863,34.087247,37.874719,0.031623
114|2.261146,-57.312636,69.392087|2.261077,-57.312679,69.402006,32.687321,36.319245,0.031623|2.261077,-57.312679,69.401997,32.687321,36.319246,0.031623
115|2.281156,-58.689615,68.231438|2.281085,-58.689658,68.241356,31.310342,34.789269,0.031623|2.281085,-58.689658,68.241346,31.310342,34.789269,0.031623
116|2.301167,-60.043095,67.043469|2.301093,-60.043137,67.053386,29.956863,33.285403,0.031623|2.301094,-60.043137,67.053376,29.956863,33.285403,0.031623
117|2.321177,-61.372535,65.828656|2.321102,-61.372576,65.838573,28.627424,31.808249,0.031623|2.321102,-61.372576,65.838563,28.627424,31.808249,0.031623
118|2.341187,-62.677401,64.587486|2.341110,-62.677442,64.597402,27.322558,30.358398,0.031623|2.341111,-62.677442,64.597392,27.322558,30.358398,0.031623
119|2.361197,-63.957172,63.320456|2.361119,-63.957212,63.330371,26.042788,28.936431,0.031623|2.361119,-63.957212,63.330361,26.042788,28.936431,0.031623
120|2.381207,-65.211335,62.028073|2.381128,-65.211374,62.037987,24.788626,27.542918,0.031623|2.381128,-65.211374,62.037977,24.788626,27.542918,0.031623
121|2.401217,-66.439388,60.710854|2.401136,-66.439426,60.720767,23.560574,26.178416,0.031623|2.401136,-66.439426,60.720757,23.560574,26.178416,0.031623
122|2.421227,-67.640839,59.369326|2.421145,-67.640876,59.379240,22.359124,24.843471,0.031623|2.421145,-67.640876,59.379229,22.359124,24.843471,0.031623
123|2.441238,-68.815207,58.004028|2.441154,-68.815243,58.013941,21.184757,23.538618,0.031623|2.441154,-68.815243,58.013930,21.184757,23.538619,0.031623
124|2.461248,-69.962022,56.615506|2.461162,-69.962058,56.625418,20.037942,22.264380,0.031623|2.461162,-69.962057,56.625407,20.037943,22.264381,0.031623
125|2.481258,-71.080825,55.204315|2.481171,-71.080859,55.214226,18.919141,21.021267,0.031623|2.481171,-71.080859,55.214216,18.919141,21.021268,0.031623
126|2.501268,-72.171167,53.771021|2.501180,-72.171201,53.780931,17.828799,19.809777,0.031623|2.501180,-72.171201,53.780921,17.828799,19.809777,0.031623
127|2.521278,-73.232613,52.316197|2.521189,-73.232646,52.326107,16.767354,18.630394,0.031623|2.521189,-73.232646,52.326096,16.767354,18.630394,0.031623
128|2.541288,-74.264737,50.840426|2.541198,-74.264769,50.850335,15.735231,17.483590,0.031623|2.541198,-74.264768,50.850325,15.735232,17.483591,0.031623
129|2.561298,-75.267125,49.344299|2.561207,-75.267157,49.354208,14.732843,16.369826,0.031623|2.561207,-75.267156,49.354197,14.732844,16.369826,0.031623
130|2.581309,-76.239378,47.828415|2.581216,-76.239408,47.838323,13.760592,15.289546,0.031623|2.581216,-76.239408,47.838312,13.760592,15.289547,0.031623
131|2.601319,-77.181105,46.293381|2.601225,-77.181134,46.303289,12.818866,14.243184,0.031623|2.601225,-77.181134,46.303277,12.818866,14.243185,0.031623
132|2.621329,-78.091929,44.739811|2.621234,-78.091957,44.749718,11.908043,13.231159,0.031623|2.621234,-78.091957,44.749707,11.908043,13.231159,0.031623
133|2.641339,-78.971485,43.168328|2.641243,-78.971513,43.178235,11.028487,12.253875,0.031623|2.641243,-78.971512,43.178223,11.028488,12.253875,0.031623
134|2.661349,-79.819422,41.579560|2.661252,-79.819449,41.589467,10.180551,11.311723,0.031623|2.661252,-79.819449,41.589455,10.180551,11.311724,0.031623
135|2.681359,-80.635400,39.974144|2.681261,-80.635426,39.984051,9.364574,10.405082,0.031623|2.681261,-80.635425,39.984039,9.364575,10.405083,0.031623
136|2.701369,-81.419092,38.352723|2.701270,-81.419117,38.362629,8.580883,9.534314,0.031623|2.701270,-81.419117,38.362618,8.580883,9.534315,0.031623
137|2.721380,-82.170185,36.715946|2.721279,-82.170209,36.725852,7.829791,8.699768,0.031623|2.721279,-82.170208,36.725840,7.829792,8.699769,0.031623
138|2.741390,-82.888377,35.064468|2.741289,-82.888400,35.074373,7.111600,7.901778,0.031623|2.741289,-82.888399,35.074362,7.111601,7.901779,0.031623
139|2.761400,-83.573381,33.398951|2.761298,-83.573403,33.408855,6.426597,7.140663,0.031623|2.761298,-83.573403,33.408844,6.426597,7.140664,0.031623
140|2.781410,-84.224924,31.720061|2.781307,-84.224944,31.729965,5.775056,6.416729,0.031623|2.781307,-84.224944,31.729953,5.775056,6.416729,0.031623
141|2.801420,-84.842743,30.028470|2.801317,-84.842762,30.038374,5.157238,5.730264,0.031623|2.801317,-84.842762,30.038362,5.157238,5.730265,0.031623
142|2.821430,-85.426591,28.324856|2.821326,-85.426610,28.334760,4.573390,5.081544,0.031623|2.821326,-85.426609,28.334748,4.573391,5.081545,0.031623
143|2.841440,-85.976236,26.609901|2.841335,-85.976253,26.619805,4.023747,4.470829,0.031623|2.841336,-85.976253,26.619793,4.023747,4.470830,0.031623
144|2.861451,-86.491456,24.884292|2.861345,-86.491473,24.894195,3.508527,3.898364,0.031623|2.861345,-86.491472,24.894183,3.508528,3.898364,0.031623
145|2.881461,-86.972046,23.148719|2.881354,-86.972061,23.158622,3.027939,3.364376,0.031623|2.881355,-86.972061,23.158610,3.027939,3.364377,0.031623
146|2.901471,-87.417813,21.403878|2.901364,-87.417827,21.413780,2.582173,2.869081,0.031623|2.901364,-87.417827,21.413769,2.582173,2.869082,0.031623
147|2.921481,-87.828578,19.650467|2.921374,-87.828592,19.660369,2.171408,2.412676,0.031623|2.921374,-87.828591,19.660357,2.171409,2.412677,0.031623
148|2.941491,-88.204178,17.889188|2.941383,-88.204190,17.899090,1.795810,1.995344,0.031623|2.941384,-88.204189,17.899078,1.795811,1.995345,0.031623
149|2.961501,-88.544461,16.120746|2.961393,-88.544472,16.130647,1.455528,1.617253,0.031623|2.961393,-88.544471,16.130636,1.455529,1.617254,0.031623
150|2.981511,-88.849292,14.345849|2.981403,-88.849302,14.355751,1.150698,1.278554,0.031623|2.981403,-88.849301,14.355739,1.150699,1.278554,0.031623
151|3.001522,-89.118548,12.565209|3.001413,-89.118557,12.575110,0.881443,0.979381,0.031623|3.001413,-89.118556,12.575098,0.881444,0.979382,0.031623
152|3.021532,-89.352121,10.779537|3.021423,-89.352129,10.789439,0.647871,0.719856,0.031623|3.021423,-89.352128,10.789427,0.647872,0.719857,0.031623
153|3.041542,-89.549919,8.989550|3.041432,-89.549926,8.999451,0.450074,0.500082,0.031623|3.041433,-89.549925,8.999439,0.450075,0.500083,0.031623
154|3.061552,-89.711862,7.195963|3.061442,-89.711867,7.205864,0.288133,0.320147,0.031623|3.061443,-89.711867,7.205852,0.288133,0.320148,0.031623
155|3.081562,-89.837884,5.399495|3.081452,-89.837889,5.409396,0.162111,0.180123,0.031623|3.081453,-89.837888,5.409384,0.162112,0.180124,0.031623
156|3.101572,-89.927937,3.600865|3.101462,-89.927940,3.610766,0.072060,0.080066,0.031623|3.101463,-89.927939,3.610754,0.072061,0.080067,0.031623
157|3.121583,-89.981982,1.800793|3.121473,-89.981985,1.810694,0.018015,0.020017,0.031623|3.121473,-89.981984,1.810682,0.018016,0.020018,0.031623
158|3.141593,-90.000000,0.000000|3.141483,-90.000001,0.009901,0.000001,0.000002,0.031623|3.141483,-90.000001,0.009889,0.000001,0.000001,0.031623
159|3.161603,-89.981982,-1.800793|3.161493,-89.981983,-1.790892,0.018017,0.020019,0.031623|3.161493,-89.981982,-1.790904,0.018018,0.020020,0.031623
160|3.181613,-89.927937,-3.600865|3.181503,-89.927936,-3.590964,0.072064,0.080071,0.031623|3.181503,-89.927935,-3.590976,0.072065,0.080072,0.031623
161|3.201623,-89.837884,-5.399495|3.201513,-89.837883,-5.389593,0.162117,0.180131,0.031623|3.201513,-89.837882,-5.389606,0.162118,0.180132,0.031623
162|3.221633,-89.711862,-7.195963|3.221524,-89.711859,-7.186062,0.288141,0.320157,0.031623|3.221524,-89.711858,-7.186074,0.288142,0.320158,0.031623
163|3.241643,-89.549919,-8.989550|3.241534,-89.549915,-8.979648,0.450085,0.500094,0.031623|3.241534,-89.549914,-8.979660,0.450086,0.500096,0.031623
164|3.261654,-89.352121,-10.779537|3.261544,-89.352116,-10.769636,0.647884,0.719871,0.031623|3.261544,-89.352115,-10.769648,0.647885,0.719872,0.031623
165|3.281664,-89.118548,-12.565209|3.281555,-89.118541,-12.555307,0.881459,0.979398,0.031623|3.281555,-89.118540,-12.555319,0.881460,0.979400,0.031623
166|3.301674,-88.849292,-14.345849|3.301565,-88.849284,-14.335947,1.150716,1.278573,0.031623|3.301565,-88.849283,-14.335959,1.150717,1.278574,0.031623
167|3.321684,-88.544461,-16.120746|3.321576,-88.544453,-16.110844,1.455547,1.617275,0.031623|3.321576,-88.544452,-16.110856,1.455548,1.617276,0.031623
168|3.341694,-88.204178,-17.889188|3.341586,-88.204168,-17.879286,1.795832,1.995368,0.031623|3.341586,-88.204167,-17.879297,1.795833,1.995370,0.031623
169|3.361704,-87.828578,-19.650467|3.361597,-87.828568,-19.640565,2.171432,2.412702,0.031623|3.361597,-87.828567,-19.640576,2.171433,2.412704,0.031623
170|3.381714,-87.417813,-21.403878|3.381608,-87.417801,-21.393976,2.582199,2.869110,0.031623|3.381608,-87.417800,-21.393987,2.582200,2.869111,0.031623
171|3.401725,-86.972046,-23.148719|3.401618,-86.972033,-23.138817,3.027967,3.364407,0.031623|3.401618,-86.972032,-23.138829,3.027968,3.364409,0.031623
172|3.421735,-86.491456,-24.884292|3.421629,-86.491443,-24.874389,3.508557,3.898397,0.031623|3.421629,-86.491441,-24.874401,3.508559,3.898398,0.031623
173|3.441745,-85.976236,-26.609901|3.441640,-85.976221,-26.599998,4.023779,4.470865,0.031623|3.441640,-85.976220,-26.600010,4.023780,4.470867,0.031623
174|3.461755,-85.426591,-28.324856|3.461651,-85.426576,-28.314953,4.573424,5.081583,0.031623|3.461651,-85.426574,-28.314965,4.573426,5.081584,0.031623
175|3.481765,-84.842743,-30.028470|3.481661,-84.842726,-30.018566,5.157274,5.730304,0.031623|3.481662,-84.842725,-30.018578,5.157275,5.730306,0.031623
176|3.501775,-84.224924,-31.720061|3.501672,-84.224906,-31.710157,5.775094,6.416771,0.031623|3.501672,-84.224905,-31.710168,5.775095,6.416773,0.031623
177|3.521785,-83.573381,-33.398951|3.521683,-83.573363,-33.389046,6.426637,7.140708,0.031623|3.521683,-83.573361,-33.389058,6.426639,7.140710,0.031623
178|3.541796,-82.888377,-35.064468|3.541694,-82.888357,-35.054563,7.111643,7.901825,0.031623|3.541694,-82.888356,-35.054575,7.111644,7.901827,0.031623
179|3.561806,-82.170185,-36.715946|3.561705,-82.170164,-36.706041,7.829836,8.699818,0.031623|3.561705,-82.170163,-36.706053,7.829837,8.699819,0.031623
180|3.581816,-81.419092,-38.352723|3.581716,-81.419071,-38.342818,8.580929,9.534366,0.031623|3.581716,-81.419069,-38.342829,8.580931,9.534367,0.031623
181|3.601826,-80.635400,-39.974144|3.601727,-80.635378,-39.964238,9.364622,10.405136,0.031623|3.601728,-80.635376,-39.964250,9.364624,10.405138,0.031623
182|3.621836,-79.819422,-41.579560|3.621739,-79.819399,-41.569654,10.180601,11.311779,0.031623|3.621739,-79.819397,-41.569665,10.180603,11.311781,0.031623
183|3.641846,-78.971485,-43.168328|3.641750,-78.971461,-43.158421,11.028539,12.253933,0.031623|3.641750,-78.971459,-43.158432,11.028541,12.253934,0.031623
184|3.661856,-78.091929,-44.739811|3.661761,-78.091903,-44.729903,11.908097,13.231219,0.031623|3.661761,-78.091902,-44.729915,11.908098,13.231220,0.031623
185|3.681867,-77.181105,-46.293381|3.681772,-77.181078,-46.283473,12.818922,14.243247,0.031623|3.681772,-77.181077,-46.283484,12.818923,14.243248,0.031623
186|3.701877,-76.239378,-47.828415|3.701784,-76.239350,-47.818506,13.760650,15.289611,0.031623|3.701784,-76.239349,-47.818517,13.760651,15.289612,0.031623
187|3.721887,-75.267125,-49.344299|3.721795,-75.267097,-49.334390,14.732903,16.369892,0.031623|3.721795,-75.267096,-49.334401,14.732904,16.369894,0.031623
188|3.741897,-74.264737,-50.840426|3.741806,-74.264707,-50.830516,15.735293,17.483659,0.031623|3.741806,-74.264706,-50.830527,15.735294,17.483660,0.031623
189|3.761907,-73.232613,-52.316197|3.761818,-73.232582,-52.306287,16.767418,18.630464,0.031623|3.761818,-73.232581,-52.306297,16.767419,18.630466,0.031623
190|3.781917,-72.171167,-53.771021|3.781829,-72.171136,-53.761110,17.828864,19.809849,0.031623|3.781829,-72.171134,-53.761121,17.828866,19.809851,0.031623
191|3.801927,-71.080825,-55.204315|3.801841,-71.080793,-55.194404,18.919207,21.021342,0.031623|3.801841,-71.080791,-55.194414,18.919209,21.021343,0.031623
192|3.821938,-69.962022,-56.615506|3.821852,-69.961989,-56.605594,20.038011,22.264457,0.031623|3.821852,-69.961987,-56.605605,20.038013,22.264458,0.031623
193|3.841948,-68.815207,-58.004028|3.841864,-68.815173,-57.994116,21.184827,23.538696,0.031623|3.841864,-68.815172,-57.994126,21.184828,23.538698,0.031623
194|3.861958,-67.640839,-59.369326|3.861875,-67.640804,-59.359413,22.359196,24.843551,0.031623|3.861875,-67.640803,-59.359424,22.359197,24.843553,0.031623
195|3.881968,-66.439388,-60.710854|3.881887,-66.439353,-60.700940,23.560647,26.178497,0.031623|3.881887,-66.439351,-60.700950,23.560649,26.178499,0.031623
196|3.901978,-65.211335,-62.028073|3.901899,-65.211299,-62.018158,24.788701,27.543001,0.031623|3.901899,-65.211297,-62.018168,24.788703,27.543003,0.031623
197|3.921988,-63.957172,-63.320456|3.921910,-63.957135,-63.310541,26.042865,28.936516,0.031623|3.921910,-63.957134,-63.310551,26.042866,28.936518,0.031623
198|3.941998,-62.677401,-64.587486|3.941922,-62.677364,-64.577570,27.322636,30.358485,0.031623|3.941922,-62.677362,-64.577580,27.322638,30.358487,0.031623
199|3.962009,-61.372535,-65.828656|3.961934,-61.372496,-65.818740,28.627504,31.808337,0.031623|3.961934,-61.372495,-65.818750,28.627505,31.808339,0.031623
200|3.982019,-60.043095,-67.043469|3.981946,-60.043056,-67.033551,29.956944,33.285493,0.031623|3.981946,-60.043054,-67.033561,29.956946,33.285495,0.031623
201|4.002029,-58.689615,-68.231438|4.001957,-58.689575,-68.221520,31.310425,34.789361,0.031623|4.001957,-58.689573,-68.221530,31.310427,34.789363,0.031623
202|4.022039,-57.312636,-69.392087|4.021969,-57.312595,-69.382169,32.687405,36.319339,0.031623|4.021969,-57.312593,-69.382178,32.687407,36.319341,0.031623
203|4.042049,-55.912709,-70.524953|4.041981,-55.912668,-70.515033,34.087332,37.874814,0.031623|4.041981,-55.912666,-70.515043,34.087334,37.874816,0.031623
204|4.062059,-54.490395,-71.629581|4.061993,-54.490353,-71.619660,35.509647,39.455163,0.031623|4.061993,-54.490351,-71.619670,35.509649,39.455165,0.031623
205|4.082069,-53.046264,-72.705529|4.082005,-53.046221,-72.695608,36.953779,41.059754,0.031623|4.082005,-53.046219,-72.695617,36.953781,41.059756,0.031623
206|4.102080,-51.580893,-73.752366|4.102017,-51.580850,-73.742444,38.419150,42.687945,0.031623|4.102017,-51.580848,-73.742453,38.419152,42.687947,0.031623
207|4.122090,-50.094870,-74.769673|4.122029,-50.094826,-74.759750,39.905174,44.339082,0.031623|4.122029,-50.094824,-74.759760,39.905176,44.339084,0.031623
208|4.142100,-48.588789,-75.757043|4.142041,-48.588744,-75.747120,41.411256,46.012506,0.031623|4.142041,-48.588743,-75.747129,41.411257,46.012508,0.031623
209|4.162110,-47.063253,-76.714081|4.162053,-47.063208,-76.704156,42.936792,47.707546,0.031623|4.162053,-47.063206,-76.704165,42.936794,47.707548,0.031623
210|4.182120,-45.518874,-77.640403|4.182065,-45.518828,-77.630477,44.481172,49.423524,0.031623|4.182065,-45.518827,-77.630486,44.481173,49.423526,0.031623
211|4.202130,-43.956269,-78.535638|4.202077,-43.956223,-78.525712,46.043777,51.159752,0.031623|4.202077,-43.956221,-78.525720,46.043779,51.159754,0.031623
212|4.222140,-42.376065,-79.399428|4.222089,-42.376018,-79.389501,47.623982,52.915535,0.031623|4.222089,-42.376016,-79.389509,47.623984,52.915537,0.031623
213|4.242151,-40.778893,-80.231427|4.242101,-40.778846,-80.221499,49.221154,54.690171,0.031623|4.242101,-40.778844,-80.221508,49.221156,54.690173,0.031623
214|4.262161,-39.165394,-81.031302|4.262113,-39.165347,-81.021373,50.834653,56.482948,0.031623|4.262113,-39.165345,-81.021382,50.834655,56.482950,0.031623
215|4.282171,-37.536214,-81.798733|4.282125,-37.536166,-81.788803,52.463834,58.293149,0.031623|4.282125,-37.536164,-81.788811,52.463836,58.293151,0.031623
216|4.302181,-35.892004,-82.533412|4.302138,-35.891955,-82.523481,54.108045,60.120050,0.031623|4.302138,-35.891953,-82.523489,54.108047,60.120052,0.031623
217|4.322191,-34.233423,-83.235045|4.322150,-34.233374,-83.225114,55.766626,61.962918,0.031623|4.322150,-34.233372,-83.225122,55.766628,61.962920,0.031623
218|4.342201,-32.561136,-83.903352|4.342162,-32.561086,-83.893419,57.438914,63.821015,0.031623|4.342162,-32.561084,-83.893427,57.438916,63.821017,0.031623
219|4.362211,-30.875811,-84.538064|4.362174,-30.875761,-84.528131,59.124239,65.693599,0.031623|4.362174,-30.875759,-84.528139,59.124241,65.693601,0.031623
220|4.382222,-29.178124,-85.138928|4.382186,-29.178073,-85.128994,60.821927,67.579918,0.031623|4.382186,-29.178072,-85.129002,60.821928,67.579920,0.031623
221|4.402232,-27.468754,-85.705703|4.402199,-27.468703,-85.695768,62.531297,69.479219,0.031623|4.402199,-27.468701,-85.695776,62.531299,69.479221,0.031623
222|4.422242,-25.748385,-86.238162|4.422211,-25.748335,-86.228226,64.251665,71.390739,0.031623|4.422211,-25.748333,-86.228234,64.251667,71.390741,0.031623
223|4.442252,-24.017708,-86.736092|4.442223,-24.017657,-86.726155,65.982343,73.313715,0.031623|4.442223,-24.017655,-86.726163,65.982345,73.313717,0.031623
224|4.462262,-22.277414,-87.199294|4.462235,-22.277362,-87.189356,67.722638,75.247375,0.031623|4.462235,-22.277360,-87.189363,67.722640,75.247377,0.031623
225|4.482272,-20.528200,-87.627581|4.482248,-20.528148,-87.617642,69.471852,77.190946,0.031623|4.482248,-20.528146,-87.617650,69.471854,77.190949,0.031623
226|4.502282,-18.770767,-88.020783|4.502260,-18.770715,-88.010844,71.229285,79.143650,0.031623|4.502260,-18.770713,-88.010851,71.229287,79.143652,0.031623
227|4.522293,-17.005818,-88.378743|4.522272,-17.005766,-88.368802,72.994234,81.104705,0.031623|4.522272,-17.005764,-88.368809,72.994236,81.104707,0.031623
228|4.542303,-15.234060,-88.701316|4.542285,-15.234008,-88.691374,74.765992,83.073325,0.031623|4.542285,-15.234006,-88.691381,74.765994,83.073327,0.031623
229|4.562313,-13.456202,-88.988373|4.562297,-13.456150,-88.978431,76.543850,85.048722,0.031623|4.562297,-13.456148,-88.978437,76.543852,85.048724,0.031623
230|4.582323,-11.672957,-89.239801|4.582309,-11.672905,-89.229857,78.327095,87.030106,0.031623|4.582309,-11.672903,-89.229864,78.327097,87.030108,0.031623
231|4.602333,-9.885038,-89.455497|4.602322,-9.884985,-89.445553,80.115015,89.016683,0.031623|4.602322,-9.884983,-89.445559,80.115017,89.016685,0.031623
232|4.622343,-8.093161,-89.635377|4.622334,-8.093108,-89.625431,81.906892,91.007657,0.031623|4.622334,-8.093106,-89.625437,81.906894,91.007659,0.031623
233|4.642353,-6.298044,-89.779366|4.642346,-6.297991,-89.769420,83.702009,93.002232,0.031623|4.642346,-6.297989,-89.769426,83.702011,93.002234,0.031623
234|4.662364,-4.500405,-89.887409|4.662359,-4.500352,-89.877462,85.499648,94.999609,0.031623|4.662359,-4.500350,-89.877468,85.499650,94.999611,0.031623
235|4.682374,-2.700964,-89.959462|4.682371,-2.700911,-89.949513,87.299089,96.998988,0.031623|4.682371,-2.700909,-89.949519,87.299091,96.998990,0.031623
236|4.702384,-0.900441,-89.995495|4.702383,-0.900388,-89.985546,89.099612,98.999568,0.031623|4.702383,-0.900386,-89.985552,89.099614,98.999571,0.031623
237|4.722394,0.900441,-89.995495|4.722396,0.900495,-89.985545,89.099505,98.999451,0.031623|4.722396,0.900496,-89.985550,89.099504,98.999448,0.031623
238|4.742404,2.700964,-89.959462|4.742408,2.701017,-89.949510,87.298983,96.998870,0.031623|4.742408,2.701019,-89.949516,87.298981,96.998868,0.031623
239|4.762414,4.500405,-89.887409|4.762420,4.500458,-89.877457,85.499542,94.999491,0.031623|4.762420,4.500460,-89.877462,85.499540,94.999489,0.031623
240|4.782424,6.298044,-89.779366|4.782433,6.298097,-89.769413,83.701903,93.002115,0.031623|4.782433,6.298099,-89.769418,83.701901,93.002113,0.031623
241|4.802435,8.093161,-89.635377|4.802445,8.093214,-89.625422,81.906786,91.007540,0.031623|4.802445,8.093216,-89.625427,81.906784,91.007538,0.031623
242|4.822445,9.885038,-89.455497|4.822458,9.885091,-89.445542,80.114909,89.016566,0.031623|4.822458,9.885093,-89.445547,80.114907,89.016564,0.031623
243|4.842455,11.672957,-89.239801|4.842470,11.673010,-89.229844,78.326990,87.029989,0.031623|4.842470,11.673012,-89.229849,78.326988,87.029987,0.031623
244|4.862465,13.456202,-88.988373|4.862482,13.456255,-88.978416,76.543745,85.048606,0.031623|4.862482,13.456257,-88.978421,76.543743,85.048604,0.031623
245|4.882475,15.234060,-88.701316|4.882495,15.234112,-88.691357,74.765888,83.073209,0.031623|4.882495,15.234114,-88.691362,74.765886,83.073207,0.031623
246|4.902485,17.005818,-88.378743|4.902507,17.005870,-88.368783,72.994130,81.104589,0.031623|4.902507,17.005872,-88.368788,72.994128,81.104587,0.031623
247|4.922495,18.770767,-88.020783|4.922519,18.770818,-88.010823,71.229182,79.143535,0.031623|4.922519,18.770820,-88.010827,71.229180,79.143533,0.031623
248|4.942506,20.528200,-87.627581|4.942531,20.528251,-87.617620,69.471749,77.190832,0.031623|4.942531,20.528253,-87.617624,69.471747,77.190830,0.031623
249|4.962516,22.277414,-87.199294|4.962544,22.277465,-87.189331,67.722535,75.247261,0.031623|4.962544,22.277467,-87.189336,67.722533,75.247259,0.031623
250|4.982526,24.017708,-86.736092|4.982556,24.017759,-86.726129,65.982241,73.313601,0.031623|4.982556,24.017761,-86.726133,65.982239,73.313599,0.031623
251|5.002536,25.748385,-86.238162|5.002568,25.748436,-86.228198,64.251564,71.390626,0.031623|5.002568,25.748438,-86.228202,64.251562,71.390624,0.031623
252|5.022546,27.468754,-85.705703|5.022581,27.468804,-85.695738,62.531196,69.479107,0.031623|5.022581,27.468806,-85.695742,62.531194,69.479104,0.031623
253|5.042556,29.178124,-85.138928|5.042593,29.178174,-85.128962,60.821826,67.579807,0.031623|5.042593,29.178176,-85.128966,60.821824,67.579805,0.031623
254|5.062567,30.875811,-84.538064|5.062605,30.875860,-84.528097,59.124140,65.693488,0.031623|5.062605,30.875862,-84.528101,59.124138,65.693486,0.031623
255|5.082577,32.561136,-83.903352|5.082617,32.561185,-83.893384,57.438815,63.820906,0.031623|5.082617,32.561187,-83.893387,57.438813,63.820904,0.031623
256|5.102587,34.233423,-83.235045|5.102629,34.233472,-83.225076,55.766528,61.962809,0.031623|5.102629,34.233474,-83.225080,55.766526,61.962807,0.031623
257|5.122597,35.892004,-82.533412|5.122642,35.892052,-82.523442,54.107948,60.119942,0.031623|5.122642,35.892054,-82.523445,54.107946,60.119940,0.031623
258|5.142607,37.536214,-81.798733|5.142654,37.536262,-81.788762,52.463738,58.293043,0.031623|5.142654,37.536264,-81.788765,52.463736,58.293041,0.031623
259|5.162617,39.165394,-81.031302|5.162666,39.165442,-81.021330,50.834558,56.482842,0.031623|5.162666,39.165444,-81.021333,50.834556,56.482840,0.031623
260|5.182627,40.778893,-80.231427|5.182678,40.778940,-80.221454,49.221060,54.690066,0.031623|5.182678,40.778942,-80.221457,49.221058,54.690064,0.031623
261|5.202638,42.376065,-79.399428|5.202690,42.376111,-79.389454,47.623889,52.915432,0.031623|5.202690,42.376113,-79.389457,47.623887,52.915430,0.031623
262|5.222648,43.956269,-78.535638|5.222702,43.956315,-78.525663,46.043685,51.159650,0.031623|5.222702,43.956317,-78.525666,46.043683,51.159648,0.031623
263|5.242658,45.518874,-77.640403|5.242714,45.518919,-77.630427,44.481081,49.423423,0.031623|5.242714,45.518921,-77.630430,44.481079,49.423421,0.031623
264|5.262668,47.063253,-76.714081|5.262726,47.063298,-76.704105,42.936702,47.707447,0.031623|5.262726,47.063300,-76.704107,42.936700,47.707444,0.031623
265|5.282678,48.588789,-75.757043|5.282738,48.588833,-75.747066,41.411167,46.012408,0.031623|5.282738,48.588835,-75.747069,41.411165,46.012406,0.031623
266|5.302688,50.094870,-74.769673|5.302750,50.094913,-74.759695,39.905087,44.338985,0.031623|5.302750,50.094915,-74.759698,39.905085,44.338983,0.031623
267|5.322698,51.580893,-73.752366|5.322762,51.580936,-73.742387,38.419064,42.687849,0.031623|5.322762,51.580938,-73.742390,38.419062,42.687847,0.031623
268|5.342709,53.046264,-72.705529|5.342774,53.046306,-72.695549,36.953694,41.059660,0.031623|5.342774,53.046308,-72.695552,36.953692,41.059658,0.031623
269|5.362719,54.490395,-71.629581|5.362786,54.490437,-71.619601,35.509563,39.455070,0.031623|5.362786,54.490439,-71.619603,35.509561,39.455068,0.031623
270|5.382729,55.912709,-70.524953|5.382798,55.912750,-70.514972,34.087250,37.874722,0.031623|5.382798,55.912752,-70.514974,34.087248,37.874720,0.031623
271|5.402739,57.312636,-69.392087|5.402810,57.312676,-69.382106,32.687324,36.319249,0.031623|5.402810,57.312678,-69.382108,32.687322,36.319247,0.031623
272|5.422749,58.689615,-68.231438|5.422822,58.689655,-68.221455,31.310345,34.789273,0.031623|5.422822,58.689656,-68.221457,31.310344,34.789271,0.031623
273|5.442759,60.043095,-67.043469|5.442834,60.043134,-67.033485,29.956866,33.285406,0.031623|5.442834,60.043136,-67.033487,29.956864,33.285404,0.031623
274|5.462769,61.372535,-65.828656|5.462845,61.372573,-65.818672,28.627427,31.808252,0.031623|5.462845,61.372575,-65.818674,28.627425,31.808250,0.031623
275|5.482780,62.677401,-64.587486|5.482857,62.677439,-64.577501,27.322561,30.358401,0.031623|5.482857,62.677441,-64.577503,27.322559,30.358399,0.031623
276|5.502790,63.957172,-63.320456|5.502869,63.957209,-63.310470,26.042791,28.936435,0.031623|5.502869,63.957211,-63.310472,26.042789,28.936433,0.031623
277|5.522800,65.211335,-62.028073|5.522881,65.211371,-62.018086,24.788629,27.542921,0.031623|5.522881,65.211373,-62.018088,24.788627,27.542919,0.031623
278|5.542810,66.439388,-60.710854|5.542892,66.439423,-60.700867,23.560577,26.178419,0.031623|5.542892,66.439425,-60.700868,23.560575,26.178417,0.031623
279|5.562820,67.640839,-59.369326|5.562904,67.640873,-59.359339,22.359127,24.843474,0.031623|5.562904,67.640875,-59.359340,22.359125,24.843472,0.031623
280|5.582830,68.815207,-58.004028|5.582915,68.815240,-57.994040,21.184760,23.538622,0.031623|5.582915,68.815242,-57.994041,21.184758,23.538620,0.031623
281|5.602840,69.962022,-56.615506|5.602927,69.962054,-56.605517,20.037946,22.264384,0.031623|5.602927,69.962056,-56.605518,20.037944,22.264382,0.031623
282|5.622851,71.080825,-55.204315|5.622938,71.080856,-55.194325,18.919144,21.021271,0.031623|5.622938,71.080858,-55.194327,18.919142,21.021269,0.031623
283|5.642861,72.171167,-53.771021|5.642950,72.171198,-53.761030,17.828802,19.809780,0.031623|5.642950,72.171200,-53.761032,17.828800,19.809778,0.031623
284|5.662871,73.232613,-52.316197|5.662961,73.232643,-52.306206,16.767357,18.630397,0.031623|5.662961,73.232644,-52.306207,16.767356,18.630395,0.031623
285|5.682881,74.264737,-50.840426|5.682973,74.264766,-50.830435,15.735234,17.483594,0.031623|5.682973,74.264767,-50.830436,15.735233,17.483592,0.031623
286|5.702891,75.267125,-49.344299|5.702984,75.267153,-49.334307,14.732847,16.369829,0.031623|5.702984,75.267155,-49.334308,14.732845,16.369827,0.031623
287|5.722901,76.239378,-47.828415|5.722995,76.239405,-47.818422,13.760595,15.289550,0.031623|5.722995,76.239407,-47.818423,13.760593,15.289548,0.031623
288|5.742911,77.181105,-46.293381|5.743007,77.181131,-46.283388,12.818869,14.243188,0.031623|5.743007,77.181133,-46.283388,12.818867,14.243186,0.031623
289|5.762922,78.091929,-44.739811|5.763018,78.091954,-44.729817,11.908046,13.231162,0.031623|5.763018,78.091956,-44.729818,11.908044,13.231160,0.031623
290|5.782932,78.971485,-43.168328|5.783029,78.971510,-43.158334,11.028490,12.253878,0.031623|5.783029,78.971511,-43.158334,11.028489,12.253876,0.031623
291|5.802942,79.819422,-41.579560|5.803040,79.819446,-41.569566,10.180554,11.311727,0.031623|5.803040,79.819447,-41.569566,10.180553,11.311725,0.031623
292|5.822952,80.635400,-39.974144|5.823052,80.635423,-39.964150,9.364577,10.405086,0.031623|5.823052,80.635424,-39.964150,9.364576,10.405084,0.031623
293|5.842962,81.419092,-38.352723|5.843063,81.419114,-38.342728,8.580886,9.534318,0.031623|5.843063,81.419115,-38.342729,8.580885,9.534316,0.031623
294|5.862972,82.170185,-36.715946|5.863074,82.170205,-36.705951,7.829795,8.699772,0.031623|5.863074,82.170207,-36.705951,7.829793,8.699770,0.031623
295|5.882982,82.888377,-35.064468|5.883085,82.888396,-35.054472,7.111604,7.901782,0.031623|5.883085,82.888398,-35.054473,7.111602,7.901780,0.031623
296|5.902993,83.573381,-33.398951|5.903096,83.573400,-33.388955,6.426600,7.140667,0.031623|5.903096,83.573401,-33.388955,6.426599,7.140665,0.031623
297|5.923003,84.224924,-31.720061|5.923107,84.224941,-31.710064,5.775059,6.416733,0.031623|5.923107,84.224943,-31.710064,5.775057,6.416730,0.031623
298|5.943013,84.842743,-30.028470|5.943118,84.842759,-30.018473,5.157241,5.730268,0.031623|5.943118,84.842761,-30.018473,5.157239,5.730266,0.031623
299|5.963023,85.426591,-28.324856|5.963128,85.426606,-28.314859,4.573394,5.081548,0.031623|5.963128,85.426608,-28.314859,4.573392,5.081546,0.031623
300|5.983033,85.976236,-26.609901|5.983139,85.976250,-26.599904,4.023750,4.470833,0.031623|5.983139,85.976252,-26.599904,4.023748,4.470831,0.031623
301|6.003043,86.491456,-24.884292|6.003150,86.491469,-24.874294,3.508531,3.898368,0.031623|6.003150,86.491471,-24.874294,3.508529,3.898366,0.031623
302|6.023053,86.972046,-23.148719|6.023161,86.972058,-23.138721,3.027942,3.364380,0.031623|6.023161,86.972060,-23.138721,3.027940,3.364378,0.031623
303|6.043064,87.417813,-21.403878|6.043172,87.417824,-21.393879,2.582176,2.869085,0.031623|6.043172,87.417826,-21.393880,2.582174,2.869083,0.031623
304|6.063074,87.828578,-19.650467|6.063182,87.828588,-19.640468,2.171412,2.412680,0.031623|6.063182,87.828590,-19.640468,2.171410,2.412678,0.031623
305|6.083084,88.204178,-17.889188|6.083193,88.204186,-17.879189,1.795814,1.995348,0.031623|6.083193,88.204188,-17.879189,1.795812,1.995346,0.031623
306|6.103094,88.544461,-16.120746|6.103203,88.544468,-16.110746,1.455532,1.617257,0.031623|6.103203,88.544470,-16.110747,1.455530,1.617255,0.031623
307|6.123104,88.849292,-14.345849|6.123214,88.849298,-14.335850,1.150702,1.278558,0.031623|6.123214,88.849300,-14.335850,1.150700,1.278556,0.031623
308|6.143114,89.118548,-12.565209|6.143224,89.118553,-12.555209,0.881447,0.979386,0.031623|6.143224,89.118555,-12.555209,0.881445,0.979384,0.031623
309|6.163124,89.352121,-10.779537|6.163235,89.352126,-10.769538,0.647874,0.719860,0.031623|6.163235,89.352127,-10.769538,0.647873,0.719858,0.031623
310|6.183135,89.549919,-8.989550|6.183245,89.549922,-8.979550,0.450078,0.500086,0.031623|6.183245,89.549924,-8.979550,0.450076,0.500084,0.031623
311|6.203145,89.711862,-7.195963|6.203255,89.711864,-7.185963,0.288136,0.320151,0.031623|6.203255,89.711866,-7.185963,0.288134,0.320149,0.031623
312|6.223155,89.837884,-5.399495|6.223266,89.837885,-5.389495,0.162115,0.180127,0.031623|6.223266,89.837887,-5.389495,0.162113,0.180125,0.031623
313|6.243165,89.927937,-3.600865|6.243276,89.927936,-3.590865,0.072064,0.080071,0.031623|6.243276,89.927938,-3.590865,0.072062,0.080069,0.031623
314|6.263175,89.981982,-1.800793|6.263286,89.981981,-1.790793,0.018019,0.020021,0.031623|6.263286,89.981983,-1.790793,0.018017,0.020019,0.031623
