OneBody2_E-0.05_ecc0.0_EU1.txt
initial value : [x, y, v_x, v_y] = [10.00,0.00,0.00,0.32] , numerical interval dt = 0.02000 , [M, m] = [ 1, 1]

num|geodesic|
num|newtonian
num|degree, x, y, simple error, relative error
  1|0.000000,10.000000,0.000000,0.000000,0.000000
  2|0.000632,10.000000,0.006325,0.000000,0.000000
  3|0.001265,9.999994,0.012649,0.000006,0.000060
  4|0.001897,9.999984,0.018974,0.000016,0.000160
  5|0.002530,9.999970,0.025298,0.000030,0.000300
  6|0.003162,9.999952,0.031623,0.000048,0.000480
  7|0.003795,9.999930,0.037947,0.000070,0.000700
  8|0.004427,9.999904,0.044272,0.000096,0.000960
  9|0.005060,9.999874,0.050596,0.000126,0.001260
 10|0.005692,9.999840,0.056921,0.000160,0.001600
 11|0.006325,9.999802,0.063245,0.000198,0.001980
 12|0.006957,9.999760,0.069570,0.000240,0.002400
 13|0.007589,9.999714,0.075894,0.000286,0.002860
 14|0.008222,9.999664,0.082218,0.000336,0.003360
 15|0.008854,9.999610,0.088543,0.000390,0.003900
 16|0.009487,9.999552,0.094867,0.000448,0.004480
 17|0.010119,9.999490,0.101191,0.000510,0.005100
 18|0.010752,9.999424,0.107516,0.000576,0.005760
 19|0.011384,9.999354,0.113840,0.000646,0.006460
 20|0.012017,9.999280,0.120164,0.000720,0.007200
 21|0.012649,9.999202,0.126488,0.000798,0.007980
 22|0.013282,9.999120,0.132812,0.000880,0.008800
 23|0.013914,9.999034,0.139136,0.000966,0.009660
 24|0.014547,9.998944,0.145460,0.001056,0.010560
 25|0.015179,9.998850,0.151784,0.001150,0.011500
 26|0.015811,9.998752,0.158108,0.001248,0.012480
 27|0.016444,9.998650,0.164431,0.001350,0.013500
 28|0.017076,9.998544,0.170755,0.001456,0.014560
 29|0.017709,9.998434,0.177079,0.001566,0.015660
 30|0.018341,9.998320,0.183402,0.001680,0.016800
 31|0.018974,9.998202,0.189726,0.001798,0.017980
 32|0.019606,9.998080,0.196049,0.001920,0.019199
 33|0.020239,9.997954,0.202373,0.002046,0.020459
 34|0.020871,9.997824,0.208696,0.002176,0.021759
 35|0.021504,9.997690,0.215019,0.002310,0.023099
 36|0.022136,9.997552,0.221342,0.002448,0.024479
 37|0.022768,9.997410,0.227665,0.002590,0.025899
 38|0.023401,9.997264,0.233988,0.002736,0.027359
 39|0.024033,9.997114,0.240311,0.002886,0.028859
 40|0.024666,9.996960,0.246634,0.003040,0.030399
 41|0.025298,9.996802,0.252956,0.003198,0.031979
 42|0.025931,9.996640,0.259279,0.003360,0.033598
 43|0.026563,9.996474,0.265601,0.003526,0.035258
 44|0.027196,9.996304,0.271924,0.003696,0.036958
 45|0.027828,9.996130,0.278246,0.003870,0.038698
 46|0.028461,9.995952,0.284568,0.004048,0.040478
 47|0.029093,9.995770,0.290890,0.004230,0.042297
 48|0.029726,9.995584,0.297212,0.004416,0.044157
 49|0.030358,9.995394,0.303533,0.004606,0.046057
 50|0.030990,9.995200,0.309855,0.004800,0.047997
 51|0.031623,9.995002,0.316177,0.004998,0.049976
 52|0.032255,9.994800,0.322498,0.005200,0.051996
 53|0.032888,9.994594,0.328819,0.005406,0.054056
 54|0.033520,9.994384,0.335140,0.005616,0.056155
 55|0.034153,9.994171,0.341461,0.005829,0.058295
 56|0.034785,9.993953,0.347782,0.006047,0.060475
 57|0.035418,9.993731,0.354103,0.006269,0.062694
 58|0.036050,9.993505,0.360424,0.006495,0.064954
 59|0.036683,9.993275,0.366744,0.006725,0.067253
 60|0.037315,9.993041,0.373064,0.006959,0.069593
 61|0.037948,9.992803,0.379385,0.007197,0.071972
 62|0.038580,9.992561,0.385705,0.007439,0.074392
 63|0.039212,9.992315,0.392024,0.007685,0.076851
 64|0.039845,9.992065,0.398344,0.007935,0.079350
 65|0.040477,9.991811,0.404664,0.008189,0.081890
 66|0.041110,9.991553,0.410983,0.008447,0.084469
 67|0.041742,9.991291,0.417302,0.008709,0.087088
 68|0.042375,9.991025,0.423621,0.008975,0.089748
 69|0.043007,9.990755,0.429940,0.009245,0.092447
 70|0.043640,9.990481,0.436259,0.009519,0.095186
 71|0.044272,9.990203,0.442577,0.009797,0.097965
 72|0.044905,9.989922,0.448896,0.010078,0.100784
 73|0.045537,9.989636,0.455214,0.010364,0.103644
 74|0.046170,9.989346,0.461532,0.010654,0.106543
 75|0.046802,9.989052,0.467850,0.010948,0.109482
 76|0.047435,9.988754,0.474167,0.011246,0.112461
 77|0.048067,9.988452,0.480485,0.011548,0.115479
 78|0.048699,9.988146,0.486802,0.011854,0.118538
 79|0.049332,9.987836,0.493119,0.012164,0.121637
 80|0.049964,9.987522,0.499436,0.012478,0.124776
 81|0.050597,9.987205,0.505753,0.012795,0.127955
 82|0.051229,9.986883,0.512069,0.013117,0.131173
 83|0.051862,9.986557,0.518385,0.013443,0.134432
 84|0.052494,9.986227,0.524701,0.013773,0.137731
 85|0.053127,9.985893,0.531017,0.014107,0.141069
 86|0.053759,9.985555,0.537333,0.014445,0.144448
 87|0.054392,9.985213,0.543648,0.014787,0.147866
 88|0.055024,9.984868,0.549963,0.015132,0.151324
 89|0.055657,9.984518,0.556278,0.015482,0.154823
 90|0.056289,9.984164,0.562593,0.015836,0.158361
 91|0.056921,9.983806,0.568908,0.016194,0.161939
 92|0.057554,9.983444,0.575222,0.016556,0.165557
 93|0.058186,9.983078,0.581536,0.016922,0.169215
 94|0.058819,9.982709,0.587850,0.017291,0.172913
 95|0.059451,9.982335,0.594164,0.017665,0.176651
 96|0.060084,9.981957,0.600477,0.018043,0.180429
 97|0.060716,9.981575,0.606790,0.018425,0.184247
 98|0.061349,9.981190,0.613103,0.018810,0.188105
 99|0.061981,9.980800,0.619416,0.019200,0.192002
100|0.062614,9.980406,0.625728,0.019594,0.195940
101|0.063246,9.980008,0.632040,0.019992,0.199917
102|0.063879,9.979607,0.638352,0.020393,0.203935
103|0.064511,9.979201,0.644664,0.020799,0.207992
104|0.065144,9.978791,0.650975,0.021209,0.212089
105|0.065776,9.978377,0.657286,0.021623,0.216226
106|0.066409,9.977960,0.663597,0.022040,0.220404
107|0.067041,9.977538,0.669908,0.022462,0.224621
108|0.067673,9.977112,0.676218,0.022888,0.228877
109|0.068306,9.976683,0.682528,0.023317,0.233174
110|0.068938,9.976249,0.688838,0.023751,0.237511
111|0.069571,9.975811,0.695148,0.024189,0.241888
112|0.070203,9.975370,0.701457,0.024630,0.246304
113|0.070836,9.974924,0.707766,0.025076,0.250761
114|0.071468,9.974474,0.714075,0.025526,0.255257
115|0.072101,9.974021,0.720383,0.025979,0.259793
116|0.072733,9.973563,0.726691,0.026437,0.264369
117|0.073366,9.973101,0.732999,0.026899,0.268985
118|0.073998,9.972636,0.739306,0.027364,0.273641
119|0.074631,9.972166,0.745614,0.027834,0.278337
120|0.075263,9.971693,0.751921,0.028307,0.283073
121|0.075896,9.971215,0.758227,0.028785,0.287849
122|0.076528,9.970734,0.764534,0.029266,0.292664
123|0.077160,9.970248,0.770840,0.029752,0.297520
124|0.077793,9.969759,0.777145,0.030241,0.302415
125|0.078425,9.969265,0.783451,0.030735,0.307350
126|0.079058,9.968768,0.789756,0.031232,0.312325
127|0.079690,9.968266,0.796061,0.031734,0.317340
128|0.080323,9.967761,0.802365,0.032239,0.322395
129|0.080955,9.967251,0.808669,0.032749,0.327489
130|0.081588,9.966738,0.814973,0.033262,0.332624
131|0.082220,9.966220,0.821277,0.033780,0.337798
132|0.082853,9.965699,0.827580,0.034301,0.343013
133|0.083485,9.965173,0.833883,0.034827,0.348267
134|0.084118,9.964644,0.840185,0.035356,0.353561
135|0.084750,9.964111,0.846488,0.035889,0.358895
136|0.085383,9.963573,0.852789,0.036427,0.364268
137|0.086015,9.963032,0.859091,0.036968,0.369682
138|0.086648,9.962486,0.865392,0.037514,0.375135
139|0.087280,9.961937,0.871693,0.038063,0.380629
140|0.087913,9.961384,0.877993,0.038616,0.386162
141|0.088545,9.960827,0.884294,0.039173,0.391735
142|0.089177,9.960265,0.890593,0.039735,0.397348
143|0.089810,9.959700,0.896893,0.040300,0.403000
144|0.090442,9.959131,0.903192,0.040869,0.408693
145|0.091075,9.958557,0.909491,0.041443,0.414425
146|0.091707,9.957980,0.915789,0.042020,0.420197
147|0.092340,9.957399,0.922087,0.042601,0.426009
148|0.092972,9.956814,0.928384,0.043186,0.431861
149|0.093605,9.956225,0.934682,0.043775,0.437753
150|0.094237,9.955632,0.940979,0.044368,0.443685
151|0.094870,9.955034,0.947275,0.044966,0.449656
152|0.095502,9.954433,0.953571,0.045567,0.455667
153|0.096135,9.953828,0.959867,0.046172,0.461718
154|0.096767,9.953219,0.966162,0.046781,0.467809
155|0.097400,9.952606,0.972457,0.047394,0.473940
156|0.098032,9.951989,0.978752,0.048011,0.480110
157|0.098665,9.951368,0.985046,0.048632,0.486320
158|0.099297,9.950743,0.991340,0.049257,0.492570
159|0.099930,9.950114,0.997633,0.049886,0.498860
160|0.100562,9.949481,1.003926,0.050519,0.505190
161|0.101194,9.948844,1.010219,0.051156,0.511559
162|0.101827,9.948203,1.016511,0.051797,0.517969
163|0.102459,9.947558,1.022803,0.052442,0.524418
164|0.103092,9.946909,1.029094,0.053091,0.530907
165|0.103724,9.946256,1.035385,0.053744,0.537435
166|0.104357,9.945600,1.041676,0.054400,0.544004
167|0.104989,9.944939,1.047966,0.055061,0.550612
168|0.105622,9.944274,1.054256,0.055726,0.557260
169|0.106254,9.943605,1.060545,0.056395,0.563948
170|0.106887,9.942932,1.066834,0.057068,0.570676
171|0.107519,9.942256,1.073122,0.057744,0.577443
172|0.108152,9.941575,1.079410,0.058425,0.584250
173|0.108784,9.940890,1.085698,0.059110,0.591097
174|0.109417,9.940202,1.091985,0.059798,0.597984
175|0.110049,9.939509,1.098272,0.060491,0.604910
176|0.110682,9.938812,1.104558,0.061188,0.611876
177|0.111314,9.938112,1.110844,0.061888,0.618882
178|0.111947,9.937407,1.117129,0.062593,0.625928
179|0.112579,9.936699,1.123414,0.063301,0.633013
180|0.113212,9.935986,1.129699,0.064014,0.640139
181|0.113844,9.935270,1.135983,0.064730,0.647304
182|0.114476,9.934549,1.142267,0.065451,0.654508
183|0.115109,9.933825,1.148550,0.066175,0.661753
184|0.115741,9.933096,1.154832,0.066904,0.669037
185|0.116374,9.932364,1.161115,0.067636,0.676361
186|0.117006,9.931628,1.167396,0.068372,0.683725
187|0.117639,9.930887,1.173678,0.069113,0.691128
188|0.118271,9.930143,1.179959,0.069857,0.698571
189|0.118904,9.929395,1.186239,0.070605,0.706054
190|0.119536,9.928642,1.192519,0.071358,0.713576
191|0.120169,9.927886,1.198798,0.072114,0.721139
192|0.120801,9.927126,1.205077,0.072874,0.728741
193|0.121434,9.926362,1.211356,0.073638,0.736383
194|0.122066,9.925594,1.217634,0.074406,0.744064
195|0.122699,9.924821,1.223911,0.075179,0.751785
196|0.123331,9.924045,1.230188,0.075955,0.759546
197|0.123964,9.923265,1.236465,0.076735,0.767346
198|0.124596,9.922481,1.242741,0.077519,0.775187
199|0.125229,9.921693,1.249016,0.078307,0.783067
200|0.125861,9.920901,1.255291,0.079099,0.790986
201|0.126494,9.920105,1.261566,0.079895,0.798946
202|0.127126,9.919306,1.267840,0.080694,0.806945
203|0.127759,9.918502,1.274113,0.081498,0.814983
204|0.128391,9.917694,1.280386,0.082306,0.823062
205|0.129024,9.916882,1.286659,0.083118,0.831180
206|0.129656,9.916066,1.292931,0.083934,0.839337
207|0.130288,9.915247,1.299202,0.084753,0.847535
208|0.130921,9.914423,1.305473,0.085577,0.855772
209|0.131553,9.913595,1.311744,0.086405,0.864049
210|0.132186,9.912764,1.318014,0.087236,0.872365
211|0.132818,9.911928,1.324283,0.088072,0.880721
212|0.133451,9.911088,1.330552,0.088912,0.889117
213|0.134083,9.910245,1.336820,0.089755,0.897552
214|0.134716,9.909397,1.343088,0.090603,0.906027
215|0.135348,9.908546,1.349355,0.091454,0.914542
216|0.135981,9.907690,1.355622,0.092310,0.923096
217|0.136613,9.906831,1.361888,0.093169,0.931690
218|0.137246,9.905968,1.368154,0.094032,0.940323
219|0.137878,9.905100,1.374419,0.094900,0.948996
220|0.138511,9.904229,1.380683,0.095771,0.957709
221|0.139143,9.903354,1.386947,0.096646,0.966461
222|0.139776,9.902475,1.393211,0.097525,0.975254
223|0.140408,9.901591,1.399473,0.098409,0.984085
224|0.141041,9.900704,1.405736,0.099296,0.992956
225|0.141673,9.899813,1.411998,0.100187,1.001867
226|0.142306,9.898918,1.418259,0.101082,1.010818
227|0.142938,9.898019,1.424519,0.101981,1.019808
228|0.143571,9.897116,1.430779,0.102884,1.028837
229|0.144203,9.896209,1.437039,0.103791,1.037907
230|0.144836,9.895298,1.443298,0.104702,1.047015
231|0.145468,9.894384,1.449556,0.105616,1.056164
232|0.146101,9.893465,1.455814,0.106535,1.065352
233|0.146733,9.892542,1.462071,0.107458,1.074580
234|0.147366,9.891615,1.468328,0.108385,1.083847
235|0.147998,9.890685,1.474584,0.109315,1.093153
236|0.148631,9.889750,1.480839,0.110250,1.102500
237|0.149263,9.888811,1.487094,0.111189,1.111886
238|0.149895,9.887869,1.493348,0.112131,1.121311
239|0.150528,9.886922,1.499602,0.113078,1.130776
240|0.151160,9.885972,1.505855,0.114028,1.140281
241|0.151793,9.885018,1.512107,0.114982,1.149825
242|0.152425,9.884059,1.518359,0.115941,1.159408
243|0.153058,9.883097,1.524610,0.116903,1.169031
244|0.153690,9.882131,1.530861,0.117869,1.178694
245|0.154323,9.881160,1.537111,0.118840,1.188396
246|0.154955,9.880186,1.543360,0.119814,1.198138
247|0.155588,9.879208,1.549609,0.120792,1.207920
248|0.156220,9.878226,1.555857,0.121774,1.217740
249|0.156853,9.877240,1.562105,0.122760,1.227601
250|0.157485,9.876250,1.568352,0.123750,1.237501
251|0.158118,9.875256,1.574598,0.124744,1.247440
252|0.158750,9.874258,1.580844,0.125742,1.257419
253|0.159383,9.873256,1.587089,0.126744,1.267437
254|0.160015,9.872250,1.593333,0.127750,1.277495
255|0.160648,9.871241,1.599577,0.128759,1.287592
256|0.161280,9.870227,1.605820,0.129773,1.297729
257|0.161913,9.869209,1.612062,0.130791,1.307906
258|0.162545,9.868188,1.618304,0.131812,1.318121
259|0.163178,9.867162,1.624545,0.132838,1.328377
260|0.163810,9.866133,1.630786,0.133867,1.338672
261|0.164443,9.865099,1.637026,0.134901,1.349006
262|0.165075,9.864062,1.643265,0.135938,1.359380
263|0.165708,9.863021,1.649504,0.136979,1.369793
264|0.166340,9.861975,1.655742,0.138025,1.380245
265|0.166973,9.860926,1.661979,0.139074,1.390738
266|0.167605,9.859873,1.668215,0.140127,1.401269
267|0.168238,9.858816,1.674451,0.141184,1.411840
268|0.168870,9.857755,1.680687,0.142245,1.422451
269|0.169503,9.856690,1.686921,0.143310,1.433100
270|0.170135,9.855621,1.693155,0.144379,1.443790
271|0.170768,9.854548,1.699388,0.145452,1.454518
272|0.171400,9.853471,1.705621,0.146529,1.465287
273|0.172033,9.852391,1.711853,0.147609,1.476094
274|0.172665,9.851306,1.718084,0.148694,1.486941
275|0.173298,9.850217,1.724314,0.149783,1.497828
276|0.173930,9.849125,1.730544,0.150875,1.508753
277|0.174563,9.848028,1.736773,0.151972,1.519719
278|0.175195,9.846928,1.743002,0.153072,1.530723
279|0.175827,9.845823,1.749230,0.154177,1.541767
280|0.176460,9.844715,1.755457,0.155285,1.552851
281|0.177092,9.843603,1.761683,0.156397,1.563974
282|0.177725,9.842486,1.767909,0.157514,1.575136
283|0.178357,9.841366,1.774134,0.158634,1.586337
284|0.178990,9.840242,1.780358,0.159758,1.597578
285|0.179622,9.839114,1.786581,0.160886,1.608858
286|0.180255,9.837982,1.792804,0.162018,1.620178
287|0.180887,9.836846,1.799026,0.163154,1.631537
288|0.181520,9.835706,1.805248,0.164294,1.642935
289|0.182152,9.834563,1.811468,0.165437,1.654373
290|0.182785,9.833415,1.817688,0.166585,1.665850
291|0.183417,9.832263,1.823907,0.167737,1.677367
292|0.184050,9.831108,1.830126,0.168892,1.688922
293|0.184682,9.829948,1.836343,0.170052,1.700517
294|0.185315,9.828785,1.842560,0.171215,1.712152
295|0.185947,9.827617,1.848777,0.172383,1.723826
296|0.186580,9.826446,1.854992,0.173554,1.735539
297|0.187212,9.825271,1.861207,0.174729,1.747291
298|0.187845,9.824092,1.867421,0.175908,1.759083
299|0.188477,9.822909,1.873634,0.177091,1.770914
300|0.189110,9.821722,1.879847,0.178278,1.782784
301|0.189742,9.820531,1.886059,0.179469,1.794693
302|0.190375,9.819336,1.892270,0.180664,1.806642
303|0.191007,9.818137,1.898480,0.181863,1.818630
304|0.191640,9.816934,1.904690,0.183066,1.830658
305|0.192272,9.815728,1.910898,0.184272,1.842724
306|0.192905,9.814517,1.917106,0.185483,1.854830
307|0.193537,9.813302,1.923314,0.186698,1.866976
308|0.194170,9.812084,1.929520,0.187916,1.879160
309|0.194802,9.810862,1.935726,0.189138,1.891384
310|0.195435,9.809635,1.941931,0.190365,1.903647
311|0.196067,9.808405,1.948135,0.191595,1.915949
312|0.196700,9.807171,1.954338,0.192829,1.928290
313|0.197332,9.805933,1.960541,0.194067,1.940671
314|0.197965,9.804691,1.966743,0.195309,1.953091
315|0.198597,9.803445,1.972944,0.196555,1.965550
316|0.199230,9.802195,1.979144,0.197805,1.978049
317|0.199862,9.800941,1.985343,0.199059,1.990586
318|0.200495,9.799684,1.991542,0.200316,2.003163
319|0.201127,9.798422,1.997740,0.201578,2.015779
320|0.201760,9.797157,2.003937,0.202843,2.028434
321|0.202392,9.795887,2.010133,0.204113,2.041129
322|0.203025,9.794614,2.016329,0.205386,2.053862
323|0.203657,9.793336,2.022523,0.206664,2.066635
324|0.204290,9.792055,2.028717,0.207945,2.079447
325|0.204922,9.790770,2.034910,0.209230,2.092298
326|0.205555,9.789481,2.041102,0.210519,2.105189
327|0.206187,9.788188,2.047294,0.211812,2.118118
328|0.206820,9.786891,2.053484,0.213109,2.131087
329|0.207452,9.785591,2.059674,0.214409,2.144094
330|0.208085,9.784286,2.065863,0.215714,2.157141
331|0.208717,9.782977,2.072051,0.217023,2.170227
332|0.209350,9.781665,2.078238,0.218335,2.183353
333|0.209982,9.780348,2.084425,0.219652,2.196517
334|0.210615,9.779028,2.090611,0.220972,2.209721
335|0.211247,9.777704,2.096795,0.222296,2.222963
336|0.211880,9.776376,2.102979,0.223624,2.236245
337|0.212512,9.775043,2.109162,0.224957,2.249566
338|0.213145,9.773707,2.115345,0.226293,2.262926
339|0.213777,9.772368,2.121526,0.227632,2.276325
340|0.214410,9.771024,2.127707,0.228976,2.289763
341|0.215042,9.769676,2.133886,0.230324,2.303240
342|0.215675,9.768324,2.140065,0.231676,2.316757
343|0.216307,9.766969,2.146243,0.233031,2.330312
344|0.216940,9.765609,2.152420,0.234391,2.343906
345|0.217572,9.764246,2.158597,0.235754,2.357540
346|0.218205,9.762879,2.164772,0.237121,2.371213
347|0.218837,9.761508,2.170947,0.238492,2.384924
348|0.219470,9.760132,2.177121,0.239868,2.398675
349|0.220102,9.758754,2.183293,0.241246,2.412465
350|0.220735,9.757371,2.189465,0.242629,2.426294
351|0.221367,9.755984,2.195636,0.244016,2.440162
352|0.222000,9.754593,2.201807,0.245407,2.454069
353|0.222632,9.753199,2.207976,0.246801,2.468014
354|0.223265,9.751800,2.214144,0.248200,2.481999
355|0.223897,9.750398,2.220312,0.249602,2.496023
356|0.224530,9.748991,2.226479,0.251009,2.510086
357|0.225162,9.747581,2.232645,0.252419,2.524188
358|0.225795,9.746167,2.238809,0.253833,2.538329
359|0.226427,9.744749,2.244973,0.255251,2.552509
360|0.227060,9.743327,2.251137,0.256673,2.566728
361|0.227692,9.741901,2.257299,0.258099,2.580986
362|0.228325,9.740472,2.263460,0.259528,2.595283
363|0.228957,9.739038,2.269620,0.260962,2.609619
364|0.229590,9.737601,2.275780,0.262399,2.623994
365|0.230222,9.736159,2.281939,0.263841,2.638408
366|0.230855,9.734714,2.288096,0.265286,2.652860
367|0.231487,9.733265,2.294253,0.266735,2.667352
368|0.232120,9.731812,2.300409,0.268188,2.681883
369|0.232752,9.730355,2.306564,0.269645,2.696452
370|0.233385,9.728894,2.312718,0.271106,2.711061
371|0.234017,9.727429,2.318871,0.272571,2.725708
372|0.234650,9.725961,2.325023,0.274039,2.740395
373|0.235282,9.724488,2.331174,0.275512,2.755120
374|0.235915,9.723012,2.337325,0.276988,2.769884
375|0.236547,9.721531,2.343474,0.278469,2.784687
376|0.237180,9.720047,2.349622,0.279953,2.799529
377|0.237812,9.718559,2.355770,0.281441,2.814410
378|0.238445,9.717067,2.361916,0.282933,2.829330
379|0.239077,9.715571,2.368062,0.284429,2.844289
380|0.239710,9.714071,2.374207,0.285929,2.859286
381|0.240342,9.712568,2.380350,0.287432,2.874322
382|0.240975,9.711060,2.386493,0.288940,2.889398
383|0.241607,9.709549,2.392635,0.290451,2.904512
384|0.242240,9.708034,2.398776,0.291966,2.919665
385|0.242872,9.706514,2.404916,0.293486,2.934856
386|0.243505,9.704991,2.411055,0.295009,2.950087
387|0.244137,9.703464,2.417193,0.296536,2.965357
388|0.244770,9.701934,2.423330,0.298066,2.980665
389|0.245402,9.700399,2.429466,0.299601,2.996012
390|0.246035,9.698860,2.435601,0.301140,3.011398
391|0.246667,9.697318,2.441735,0.302682,3.026822
392|0.247300,9.695771,2.447868,0.304229,3.042286
393|0.247932,9.694221,2.454000,0.305779,3.057788
394|0.248565,9.692667,2.460131,0.307333,3.073329
395|0.249197,9.691109,2.466261,0.308891,3.088909
396|0.249830,9.689547,2.472390,0.310453,3.104528
397|0.250462,9.687981,2.478519,0.312019,3.120185
398|0.251095,9.686412,2.484646,0.313588,3.135881
399|0.251727,9.684838,2.490772,0.315162,3.151616
400|0.252360,9.683261,2.496897,0.316739,3.167390
401|0.252992,9.681680,2.503021,0.318320,3.183202
402|0.253625,9.680095,2.509145,0.319905,3.199053
403|0.254257,9.678506,2.515267,0.321494,3.214943
404|0.254890,9.676913,2.521388,0.323087,3.230872
405|0.255522,9.675316,2.527508,0.324684,3.246839
406|0.256155,9.673715,2.533628,0.326285,3.262845
407|0.256787,9.672111,2.539746,0.327889,3.278890
408|0.257420,9.670503,2.545863,0.329497,3.294973
409|0.258052,9.668890,2.551979,0.331110,3.311095
410|0.258685,9.667274,2.558094,0.332726,3.327256
411|0.259317,9.665654,2.564208,0.334346,3.343456
412|0.259950,9.664031,2.570321,0.335969,3.359694
413|0.260582,9.662403,2.576433,0.337597,3.375970
414|0.261215,9.660771,2.582544,0.339229,3.392286
415|0.261847,9.659136,2.588654,0.340864,3.408640
416|0.262480,9.657497,2.594763,0.342503,3.425033
417|0.263112,9.655854,2.600871,0.344146,3.441464
418|0.263745,9.654207,2.606978,0.345793,3.457934
419|0.264377,9.652556,2.613084,0.347444,3.474443
420|0.265010,9.650901,2.619189,0.349099,3.490990
421|0.265642,9.649242,2.625293,0.350758,3.507576
422|0.266275,9.647580,2.631395,0.352420,3.524201
423|0.266907,9.645914,2.637497,0.354086,3.540864
424|0.267540,9.644243,2.643598,0.355757,3.557565
425|0.268172,9.642569,2.649697,0.357431,3.574306
426|0.268805,9.640892,2.655796,0.359108,3.591085
427|0.269437,9.639210,2.661893,0.360790,3.607902
428|0.270070,9.637524,2.667989,0.362476,3.624758
429|0.270702,9.635835,2.674085,0.364165,3.641653
430|0.271335,9.634141,2.680179,0.365859,3.658586
431|0.271968,9.632444,2.686272,0.367556,3.675557
432|0.272600,9.630743,2.692364,0.369257,3.692567
433|0.273233,9.629038,2.698455,0.370962,3.709616
434|0.273865,9.627330,2.704545,0.372670,3.726703
435|0.274498,9.625617,2.710634,0.374383,3.743829
436|0.275130,9.623901,2.716722,0.376099,3.760994
437|0.275763,9.622180,2.722808,0.377820,3.778196
438|0.276395,9.620456,2.728894,0.379544,3.795438
439|0.277028,9.618728,2.734978,0.381272,3.812717
440|0.277660,9.616996,2.741062,0.383004,3.830036
441|0.278293,9.615261,2.747144,0.384739,3.847392
442|0.278925,9.613521,2.753225,0.386479,3.864788
443|0.279558,9.611778,2.759305,0.388222,3.882221
444|0.280190,9.610031,2.765384,0.389969,3.899694
445|0.280823,9.608280,2.771462,0.391720,3.917204
446|0.281455,9.606525,2.777539,0.393475,3.934753
447|0.282088,9.604766,2.783615,0.395234,3.952341
448|0.282720,9.603003,2.789689,0.396997,3.969967
449|0.283353,9.601237,2.795763,0.398763,3.987631
450|0.283985,9.599467,2.801835,0.400533,4.005334
451|0.284618,9.597693,2.807906,0.402307,4.023075
452|0.285250,9.595915,2.813976,0.404085,4.040854
453|0.285883,9.594133,2.820045,0.405867,4.058672
454|0.286515,9.592347,2.826113,0.407653,4.076529
455|0.287148,9.590558,2.832180,0.409442,4.094423
456|0.287780,9.588764,2.838246,0.411236,4.112356
457|0.288413,9.586967,2.844310,0.413033,4.130328
458|0.289045,9.585166,2.850373,0.414834,4.148338
459|0.289678,9.583361,2.856436,0.416639,4.166386
460|0.290310,9.581553,2.862497,0.418447,4.184472
461|0.290943,9.579740,2.868556,0.420260,4.202597
462|0.291575,9.577924,2.874615,0.422076,4.220760
463|0.292208,9.576104,2.880673,0.423896,4.238962
464|0.292840,9.574280,2.886729,0.425720,4.257202
465|0.293473,9.572452,2.892785,0.427548,4.275480
466|0.294105,9.570620,2.898839,0.429380,4.293796
467|0.294738,9.568785,2.904892,0.431215,4.312151
468|0.295370,9.566946,2.910943,0.433054,4.330544
469|0.296003,9.565102,2.916994,0.434898,4.348975
470|0.296635,9.563256,2.923044,0.436744,4.367445
471|0.297268,9.561405,2.929092,0.438595,4.385953
472|0.297901,9.559550,2.935139,0.440450,4.404499
473|0.298533,9.557692,2.941185,0.442308,4.423083
474|0.299166,9.555829,2.947230,0.444171,4.441705
475|0.299798,9.553963,2.953273,0.446037,4.460366
476|0.300431,9.552093,2.959316,0.447907,4.479065
477|0.301063,9.550220,2.965357,0.449780,4.497803
478|0.301696,9.548342,2.971397,0.451658,4.516578
479|0.302328,9.546461,2.977436,0.453539,4.535392
480|0.302961,9.544576,2.983474,0.455424,4.554244
481|0.303593,9.542687,2.989510,0.457313,4.573134
482|0.304226,9.540794,2.995546,0.459206,4.592062
483|0.304858,9.538897,3.001580,0.461103,4.611028
484|0.305491,9.536997,3.007613,0.463003,4.630033
485|0.306123,9.535092,3.013644,0.464908,4.649075
486|0.306756,9.533184,3.019675,0.466816,4.668156
487|0.307388,9.531272,3.025704,0.468728,4.687275
488|0.308021,9.529357,3.031732,0.470643,4.706433
489|0.308653,9.527437,3.037759,0.472563,4.725628
490|0.309286,9.525514,3.043785,0.474486,4.744861
491|0.309918,9.523587,3.049809,0.476413,4.764133
492|0.310551,9.521656,3.055832,0.478344,4.783442
493|0.311183,9.519721,3.061854,0.480279,4.802790
494|0.311816,9.517782,3.067875,0.482218,4.822176
495|0.312448,9.515840,3.073895,0.484160,4.841600
496|0.313081,9.513894,3.079913,0.486106,4.861062
497|0.313713,9.511944,3.085930,0.488056,4.880562
498|0.314346,9.509990,3.091946,0.490010,4.900100
499|0.314978,9.508032,3.097961,0.491968,4.919676
500|0.315611,9.506071,3.103974,0.493929,4.939290
501|0.316244,9.504106,3.109986,0.495894,4.958942
502|0.316876,9.502137,3.115997,0.497863,4.978633
503|0.317509,9.500164,3.122007,0.499836,4.998361
504|0.318141,9.498187,3.128015,0.501813,5.018127
505|0.318774,9.496207,3.134022,0.503793,5.037932
506|0.319406,9.494223,3.140028,0.505777,5.057774
507|0.320039,9.492235,3.146033,0.507765,5.077654
508|0.320671,9.490243,3.152036,0.509757,5.097572
509|0.321304,9.488247,3.158038,0.511753,5.117529
510|0.321936,9.486248,3.164039,0.513752,5.137523
511|0.322569,9.484245,3.170039,0.515755,5.157555
512|0.323201,9.482237,3.176037,0.517763,5.177625
513|0.323834,9.480227,3.182034,0.519773,5.197733
514|0.324466,9.478212,3.188030,0.521788,5.217879
515|0.325099,9.476194,3.194025,0.523806,5.238063
516|0.325731,9.474172,3.200018,0.525828,5.258285
517|0.326364,9.472146,3.206010,0.527854,5.278544
518|0.326996,9.470116,3.212000,0.529884,5.298842
519|0.327629,9.468082,3.217990,0.531918,5.319178
520|0.328261,9.466045,3.223978,0.533955,5.339551
521|0.328894,9.464004,3.229965,0.535996,5.359962
522|0.329526,9.461959,3.235950,0.538041,5.380411
523|0.330159,9.459910,3.241935,0.540090,5.400898
524|0.330791,9.457858,3.247918,0.542142,5.421423
525|0.331424,9.455801,3.253899,0.544199,5.441986
526|0.332057,9.453741,3.259880,0.546259,5.462587
527|0.332689,9.451678,3.265859,0.548322,5.483225
528|0.333322,9.449610,3.271836,0.550390,5.503901
529|0.333954,9.447538,3.277813,0.552462,5.524615
530|0.334587,9.445463,3.283788,0.554537,5.545367
531|0.335219,9.443384,3.289762,0.556616,5.566156
532|0.335852,9.441302,3.295734,0.558698,5.586984
533|0.336484,9.439215,3.301705,0.560785,5.607849
534|0.337117,9.437125,3.307675,0.562875,5.628752
535|0.337749,9.435031,3.313644,0.564969,5.649693
536|0.338382,9.432933,3.319611,0.567067,5.670671
537|0.339014,9.430831,3.325577,0.569169,5.691687
538|0.339647,9.428726,3.331541,0.571274,5.712741
539|0.340279,9.426617,3.337505,0.573383,5.733833
540|0.340912,9.424504,3.343467,0.575496,5.754962
541|0.341544,9.422387,3.349427,0.577613,5.776129
542|0.342177,9.420267,3.355386,0.579733,5.797334
543|0.342809,9.418142,3.361344,0.581858,5.818576
544|0.343442,9.416014,3.367301,0.583986,5.839857
545|0.344074,9.413883,3.373256,0.586117,5.861174
546|0.344707,9.411747,3.379210,0.588253,5.882530
547|0.345339,9.409608,3.385162,0.590392,5.903923
548|0.345972,9.407465,3.391113,0.592535,5.925354
549|0.346605,9.405318,3.397063,0.594682,5.946822
550|0.347237,9.403167,3.403011,0.596833,5.968328
551|0.347870,9.401013,3.408959,0.598987,5.989872
552|0.348502,9.398855,3.414904,0.601145,6.011453
553|0.349135,9.396693,3.420849,0.603307,6.033072
554|0.349767,9.394527,3.426792,0.605473,6.054729
555|0.350400,9.392358,3.432733,0.607642,6.076423
556|0.351032,9.390185,3.438673,0.609815,6.098155
557|0.351665,9.388008,3.444612,0.611992,6.119924
558|0.352297,9.385827,3.450550,0.614173,6.141731
559|0.352930,9.383642,3.456486,0.616358,6.163575
560|0.353562,9.381454,3.462420,0.618546,6.185457
561|0.354195,9.379262,3.468354,0.620738,6.207377
562|0.354827,9.377067,3.474286,0.622933,6.229334
563|0.355460,9.374867,3.480216,0.625133,6.251328
564|0.356092,9.372664,3.486145,0.627336,6.273360
565|0.356725,9.370457,3.492073,0.629543,6.295430
566|0.357357,9.368246,3.498000,0.631754,6.317537
567|0.357990,9.366032,3.503925,0.633968,6.339681
568|0.358623,9.363814,3.509848,0.636186,6.361863
569|0.359255,9.361592,3.515770,0.638408,6.384083
570|0.359888,9.359366,3.521691,0.640634,6.406340
571|0.360520,9.357137,3.527610,0.642863,6.428634
572|0.361153,9.354903,3.533528,0.645097,6.450966
573|0.361785,9.352666,3.539445,0.647334,6.473335
574|0.362418,9.350426,3.545360,0.649574,6.495742
575|0.363050,9.348181,3.551274,0.651819,6.518186
576|0.363683,9.345933,3.557186,0.654067,6.540667
577|0.364315,9.343681,3.563097,0.656319,6.563186
578|0.364948,9.341426,3.569006,0.658574,6.585743
579|0.365580,9.339166,3.574914,0.660834,6.608336
580|0.366213,9.336903,3.580821,0.663097,6.630967
581|0.366845,9.334636,3.586726,0.665364,6.653636
582|0.367478,9.332366,3.592630,0.667634,6.676341
583|0.368110,9.330092,3.598532,0.669908,6.699085
584|0.368743,9.327814,3.604433,0.672186,6.721865
585|0.369376,9.325532,3.610332,0.674468,6.744683
586|0.370008,9.323246,3.616230,0.676754,6.767538
587|0.370641,9.320957,3.622127,0.679043,6.790430
588|0.371273,9.318664,3.628022,0.681336,6.813360
589|0.371906,9.316367,3.633915,0.683633,6.836327
590|0.372538,9.314067,3.639807,0.685933,6.859331
591|0.373171,9.311763,3.645698,0.688237,6.882372
592|0.373803,9.309455,3.651587,0.690545,6.905451
593|0.374436,9.307143,3.657475,0.692857,6.928567
594|0.375068,9.304828,3.663361,0.695172,6.951721
595|0.375701,9.302509,3.669246,0.697491,6.974911
596|0.376333,9.300186,3.675130,0.699814,6.998139
597|0.376966,9.297860,3.681012,0.702140,7.021404
598|0.377598,9.295529,3.686892,0.704471,7.044706
599|0.378231,9.293195,3.692771,0.706805,7.068045
600|0.378863,9.290858,3.698648,0.709142,7.091422
601|0.379496,9.288516,3.704525,0.711484,7.114835
602|0.380129,9.286171,3.710399,0.713829,7.138286
603|0.380761,9.283823,3.716272,0.716177,7.161774
604|0.381394,9.281470,3.722144,0.718530,7.185299
605|0.382026,9.279114,3.728014,0.720886,7.208862
606|0.382659,9.276754,3.733882,0.723246,7.232461
607|0.383291,9.274390,3.739749,0.725610,7.256098
608|0.383924,9.272023,3.745615,0.727977,7.279771
609|0.384556,9.269652,3.751479,0.730348,7.303482
610|0.385189,9.267277,3.757342,0.732723,7.327230
611|0.385821,9.264899,3.763203,0.735101,7.351015
612|0.386454,9.262516,3.769062,0.737484,7.374837
613|0.387086,9.260130,3.774921,0.739870,7.398696
614|0.387719,9.257741,3.780777,0.742259,7.422592
615|0.388351,9.255347,3.786632,0.744653,7.446525
616|0.388984,9.252950,3.792486,0.747050,7.470496
617|0.389617,9.250550,3.798338,0.749450,7.494503
618|0.390249,9.248145,3.804188,0.751855,7.518547
619|0.390882,9.245737,3.810037,0.754263,7.542628
620|0.391514,9.243325,3.815885,0.756675,7.566747
621|0.392147,9.240910,3.821731,0.759090,7.590902
622|0.392779,9.238491,3.827575,0.761509,7.615094
623|0.393412,9.236068,3.833418,0.763932,7.639323
624|0.394044,9.233641,3.839259,0.766359,7.663589
625|0.394677,9.231211,3.845099,0.768789,7.687893
626|0.395309,9.228777,3.850938,0.771223,7.712233
627|0.395942,9.226339,3.856774,0.773661,7.736610
628|0.396574,9.223898,3.862609,0.776102,7.761023
629|0.397207,9.221453,3.868443,0.778547,7.785474
630|0.397839,9.219004,3.874275,0.780996,7.809962
631|0.398472,9.216551,3.880106,0.783449,7.834486
632|0.399105,9.214095,3.885935,0.785905,7.859048
633|0.399737,9.211635,3.891762,0.788365,7.883646
634|0.400370,9.209172,3.897588,0.790828,7.908281
635|0.401002,9.206705,3.903413,0.793295,7.932954
636|0.401635,9.204234,3.909235,0.795766,7.957662
637|0.402267,9.201759,3.915057,0.798241,7.982408
638|0.402900,9.199281,3.920876,0.800719,8.007191
639|0.403532,9.196799,3.926694,0.803201,8.032010
640|0.404165,9.194313,3.932511,0.805687,8.056866
641|0.404797,9.191824,3.938326,0.808176,8.081759
642|0.405430,9.189331,3.944139,0.810669,8.106689
643|0.406062,9.186834,3.949951,0.813166,8.131655
644|0.406695,9.184334,3.955761,0.815666,8.156659
645|0.407328,9.181830,3.961570,0.818170,8.181699
646|0.407960,9.179322,3.967377,0.820678,8.206775
647|0.408593,9.176811,3.973182,0.823189,8.231889
648|0.409225,9.174296,3.978986,0.825704,8.257039
649|0.409858,9.171777,3.984789,0.828223,8.282226
650|0.410490,9.169255,3.990589,0.830745,8.307450
651|0.411123,9.166729,3.996388,0.833271,8.332710
652|0.411755,9.164199,4.002186,0.835801,8.358007
653|0.412388,9.161666,4.007982,0.838334,8.383341
654|0.413020,9.159129,4.013776,0.840871,8.408711
655|0.413653,9.156588,4.019569,0.843412,8.434118
656|0.414285,9.154044,4.025360,0.845956,8.459562
657|0.414918,9.151496,4.031149,0.848504,8.485042
658|0.415550,9.148944,4.036937,0.851056,8.510559
659|0.416183,9.146389,4.042723,0.853611,8.536112
660|0.416816,9.143830,4.048508,0.856170,8.561702
661|0.417448,9.141267,4.054291,0.858733,8.587329
662|0.418081,9.138701,4.060072,0.861299,8.612992
663|0.418713,9.136131,4.065852,0.863869,8.638692
664|0.419346,9.133557,4.071630,0.866443,8.664428
665|0.419978,9.130980,4.077407,0.869020,8.690201
666|0.420611,9.128399,4.083182,0.871601,8.716011
667|0.421243,9.125814,4.088955,0.874186,8.741857
668|0.421876,9.123226,4.094727,0.876774,8.767739
669|0.422508,9.120634,4.100497,0.879366,8.793658
670|0.423141,9.118039,4.106265,0.881961,8.819614
671|0.423774,9.115439,4.112032,0.884561,8.845606
672|0.424406,9.112837,4.117797,0.887163,8.871634
673|0.425039,9.110230,4.123560,0.889770,8.897699
674|0.425671,9.107620,4.129322,0.892380,8.923801
675|0.426304,9.105006,4.135082,0.894994,8.949939
676|0.426936,9.102389,4.140840,0.897611,8.976113
677|0.427569,9.099768,4.146597,0.900232,9.002324
678|0.428201,9.097143,4.152352,0.902857,9.028571
679|0.428834,9.094515,4.158106,0.905485,9.054854
680|0.429466,9.091883,4.163858,0.908117,9.081174
681|0.430099,9.089247,4.169608,0.910753,9.107531
682|0.430731,9.086608,4.175356,0.913392,9.133923
683|0.431364,9.083965,4.181103,0.916035,9.160352
684|0.431997,9.081318,4.186848,0.918682,9.186818
685|0.432629,9.078668,4.192592,0.921332,9.213319
686|0.433262,9.076014,4.198334,0.923986,9.239857
687|0.433894,9.073357,4.204074,0.926643,9.266432
688|0.434527,9.070696,4.209812,0.929304,9.293043
689|0.435159,9.068031,4.215549,0.931969,9.319690
690|0.435792,9.065363,4.221284,0.934637,9.346373
691|0.436424,9.062691,4.227017,0.937309,9.373092
692|0.437057,9.060015,4.232749,0.939985,9.399848
693|0.437689,9.057336,4.238479,0.942664,9.426640
694|0.438322,9.054653,4.244207,0.945347,9.453469
695|0.438955,9.051967,4.249934,0.948033,9.480333
696|0.439587,9.049277,4.255659,0.950723,9.507234
697|0.440220,9.046583,4.261382,0.953417,9.534171
698|0.440852,9.043886,4.267104,0.956114,9.561144
699|0.441485,9.041185,4.272823,0.958815,9.588153
700|0.442117,9.038480,4.278542,0.961520,9.615199
701|0.442750,9.035772,4.284258,0.964228,9.642281
702|0.443382,9.033060,4.289973,0.966940,9.669399
703|0.444015,9.030345,4.295686,0.969655,9.696553
704|0.444647,9.027626,4.301397,0.972374,9.723743
705|0.445280,9.024903,4.307106,0.975097,9.750969
706|0.445912,9.022177,4.312814,0.977823,9.778232
707|0.446545,9.019447,4.318520,0.980553,9.805530
708|0.447178,9.016714,4.324224,0.983286,9.832865
709|0.447810,9.013976,4.329927,0.986024,9.860235
710|0.448443,9.011236,4.335628,0.988764,9.887642
711|0.449075,9.008491,4.341327,0.991509,9.915085
712|0.449708,9.005744,4.347025,0.994256,9.942564
713|0.450340,9.002992,4.352720,0.997008,9.970079
714|0.450973,9.000237,4.358414,0.999763,9.997630
715|0.451605,8.997478,4.364106,1.002522,10.025217
716|0.452238,8.994716,4.369797,1.005284,10.052840
717|0.452870,8.991950,4.375485,1.008050,10.080499
718|0.453503,8.989181,4.381172,1.010819,10.108194
719|0.454136,8.986408,4.386858,1.013592,10.135925
720|0.454768,8.983631,4.392541,1.016369,10.163691
721|0.455401,8.980851,4.398223,1.019149,10.191494
722|0.456033,8.978067,4.403903,1.021933,10.219333
723|0.456666,8.975279,4.409581,1.024721,10.247208
724|0.457298,8.972488,4.415257,1.027512,10.275118
725|0.457931,8.969694,4.420932,1.030306,10.303065
726|0.458563,8.966895,4.426605,1.033105,10.331047
727|0.459196,8.964093,4.432276,1.035907,10.359066
728|0.459828,8.961288,4.437945,1.038712,10.387120
729|0.460461,8.958479,4.443613,1.041521,10.415210
730|0.461094,8.955666,4.449278,1.044334,10.443336
731|0.461726,8.952850,4.454942,1.047150,10.471497
732|0.462359,8.950031,4.460605,1.049969,10.499695
733|0.462991,8.947207,4.466265,1.052793,10.527928
734|0.463624,8.944380,4.471924,1.055620,10.556197
735|0.464256,8.941550,4.477581,1.058450,10.584502
736|0.464889,8.938716,4.483236,1.061284,10.612843
737|0.465521,8.935878,4.488889,1.064122,10.641220
738|0.466154,8.933037,4.494540,1.066963,10.669632
739|0.466787,8.930192,4.500190,1.069808,10.698080
740|0.467419,8.927344,4.505838,1.072656,10.726564
741|0.468052,8.924492,4.511484,1.075508,10.755083
742|0.468684,8.921636,4.517128,1.078364,10.783638
743|0.469317,8.918777,4.522771,1.081223,10.812229
744|0.469949,8.915914,4.528411,1.084086,10.840856
745|0.470582,8.913048,4.534050,1.086952,10.869518
746|0.471214,8.910178,4.539687,1.089822,10.898216
747|0.471847,8.907305,4.545323,1.092695,10.926950
748|0.472479,8.904428,4.550956,1.095572,10.955719
749|0.473112,8.901548,4.556588,1.098452,10.984524
750|0.473745,8.898664,4.562217,1.101336,11.013364
751|0.474377,8.895776,4.567845,1.104224,11.042241
752|0.475010,8.892885,4.573471,1.107115,11.071152
753|0.475642,8.889990,4.579096,1.110010,11.100100
754|0.476275,8.887092,4.584718,1.112908,11.129082
755|0.476907,8.884190,4.590339,1.115810,11.158101
756|0.477540,8.881285,4.595958,1.118715,11.187155
757|0.478172,8.878376,4.601574,1.121624,11.216244
758|0.478805,8.875463,4.607190,1.124537,11.245370
759|0.479438,8.872547,4.612803,1.127453,11.274530
760|0.480070,8.869627,4.618414,1.130373,11.303726
761|0.480703,8.866704,4.624024,1.133296,11.332958
762|0.481335,8.863778,4.629632,1.136222,11.362225
763|0.481968,8.860847,4.635237,1.139153,11.391527
764|0.482600,8.857913,4.640841,1.142087,11.420865
765|0.483233,8.854976,4.646444,1.145024,11.450239
766|0.483865,8.852035,4.652044,1.147965,11.479648
767|0.484498,8.849091,4.657642,1.150909,11.509092
768|0.485130,8.846143,4.663239,1.153857,11.538572
769|0.485763,8.843191,4.668834,1.156809,11.568087
770|0.486396,8.840236,4.674426,1.159764,11.597637
771|0.487028,8.837278,4.680017,1.162722,11.627223
772|0.487661,8.834316,4.685607,1.165684,11.656845
773|0.488293,8.831350,4.691194,1.168650,11.686501
774|0.488926,8.828381,4.696779,1.171619,11.716193
775|0.489558,8.825408,4.702363,1.174592,11.745920
776|0.490191,8.822432,4.707944,1.177568,11.775683
777|0.490823,8.819452,4.713524,1.180548,11.805481
778|0.491456,8.816469,4.719102,1.183531,11.835314
779|0.492089,8.813482,4.724678,1.186518,11.865183
780|0.492721,8.810491,4.730252,1.189509,11.895086
781|0.493354,8.807497,4.735824,1.192503,11.925025
782|0.493986,8.804500,4.741394,1.195500,11.955000
783|0.494619,8.801499,4.746963,1.198501,11.985009
784|0.495251,8.798495,4.752529,1.201505,12.015054
785|0.495884,8.795487,4.758094,1.204513,12.045134
786|0.496516,8.792475,4.763656,1.207525,12.075249
787|0.497149,8.789460,4.769217,1.210540,12.105399
788|0.497782,8.786442,4.774776,1.213558,12.135585
789|0.498414,8.783419,4.780333,1.216581,12.165806
790|0.499047,8.780394,4.785888,1.219606,12.196061
791|0.499679,8.777365,4.791441,1.222635,12.226352
792|0.500312,8.774332,4.796992,1.225668,12.256678
793|0.500944,8.771296,4.802542,1.228704,12.287040
794|0.501577,8.768256,4.808089,1.231744,12.317436
795|0.502209,8.765213,4.813634,1.234787,12.347867
796|0.502842,8.762167,4.819178,1.237833,12.378334
797|0.503475,8.759116,4.824720,1.240884,12.408835
798|0.504107,8.756063,4.830259,1.243937,12.439372
799|0.504740,8.753006,4.835797,1.246994,12.469943
800|0.505372,8.749945,4.841333,1.250055,12.500550
801|0.506005,8.746881,4.846867,1.253119,12.531192
802|0.506637,8.743813,4.852399,1.256187,12.561868
803|0.507270,8.740742,4.857929,1.259258,12.592580
804|0.507902,8.737667,4.863457,1.262333,12.623327
805|0.508535,8.734589,4.868983,1.265411,12.654108
806|0.509168,8.731508,4.874507,1.268492,12.684925
807|0.509800,8.728422,4.880029,1.271578,12.715776
808|0.510433,8.725334,4.885549,1.274666,12.746663
809|0.511065,8.722242,4.891068,1.277758,12.777584
810|0.511698,8.719146,4.896584,1.280854,12.808541
811|0.512330,8.716047,4.902098,1.283953,12.839532
812|0.512963,8.712944,4.907611,1.287056,12.870558
813|0.513595,8.709838,4.913121,1.290162,12.901619
814|0.514228,8.706729,4.918630,1.293271,12.932714
815|0.514861,8.703615,4.924136,1.296385,12.963845
816|0.515493,8.700499,4.929641,1.299501,12.995011
817|0.516126,8.697379,4.935143,1.302621,13.026211
818|0.516758,8.694255,4.940644,1.305745,13.057446
819|0.517391,8.691128,4.946143,1.308872,13.088716
820|0.518023,8.687998,4.951639,1.312002,13.120020
821|0.518656,8.684864,4.957134,1.315136,13.151360
822|0.519289,8.681727,4.962627,1.318273,13.182734
823|0.519921,8.678586,4.968117,1.321414,13.214143
824|0.520554,8.675441,4.973606,1.324559,13.245587
825|0.521186,8.672294,4.979093,1.327706,13.277065
826|0.521819,8.669142,4.984578,1.330858,13.308578
827|0.522451,8.665987,4.990060,1.334013,13.340126
828|0.523084,8.662829,4.995541,1.337171,13.371708
829|0.523716,8.659667,5.001020,1.340333,13.403325
830|0.524349,8.656502,5.006497,1.343498,13.434977
831|0.524982,8.653334,5.011971,1.346666,13.466664
832|0.525614,8.650162,5.017444,1.349838,13.498385
833|0.526247,8.646986,5.022915,1.353014,13.530140
834|0.526879,8.643807,5.028384,1.356193,13.561931
835|0.527512,8.640624,5.033850,1.359376,13.593756
836|0.528144,8.637439,5.039315,1.362561,13.625615
837|0.528777,8.634249,5.044778,1.365751,13.657509
838|0.529409,8.631056,5.050238,1.368944,13.689438
839|0.530042,8.627860,5.055697,1.372140,13.721401
840|0.530675,8.624660,5.061154,1.375340,13.753398
841|0.531307,8.621457,5.066608,1.378543,13.785431
842|0.531940,8.618250,5.072061,1.381750,13.817497
843|0.532572,8.615040,5.077511,1.384960,13.849598
844|0.533205,8.611827,5.082960,1.388173,13.881734
845|0.533837,8.608610,5.088407,1.391390,13.913904
846|0.534470,8.605389,5.093851,1.394611,13.946109
847|0.535103,8.602165,5.099293,1.397835,13.978348
848|0.535735,8.598938,5.104734,1.401062,14.010621
849|0.536368,8.595707,5.110172,1.404293,14.042929
850|0.537000,8.592473,5.115608,1.407527,14.075271
851|0.537633,8.589235,5.121043,1.410765,14.107648
852|0.538265,8.585994,5.126475,1.414006,14.140059
853|0.538898,8.582750,5.131905,1.417250,14.172504
854|0.539530,8.579502,5.137333,1.420498,14.204984
855|0.540163,8.576250,5.142759,1.423750,14.237498
856|0.540796,8.572995,5.148183,1.427005,14.270046
857|0.541428,8.569737,5.153605,1.430263,14.302629
858|0.542061,8.566475,5.159025,1.433525,14.335246
859|0.542693,8.563210,5.164443,1.436790,14.367897
860|0.543326,8.559942,5.169859,1.440058,14.400583
861|0.543958,8.556670,5.175272,1.443330,14.433303
862|0.544591,8.553394,5.180684,1.446606,14.466057
863|0.545224,8.550116,5.186093,1.449884,14.498845
864|0.545856,8.546833,5.191501,1.453167,14.531667
865|0.546489,8.543548,5.196906,1.456452,14.564524
866|0.547121,8.540259,5.202310,1.459741,14.597415
867|0.547754,8.536966,5.207711,1.463034,14.630340
868|0.548386,8.533670,5.213110,1.466330,14.663299
869|0.549019,8.530371,5.218507,1.469629,14.696293
870|0.549651,8.527068,5.223902,1.472932,14.729320
871|0.550284,8.523762,5.229295,1.476238,14.762382
872|0.550917,8.520452,5.234686,1.479548,14.795478
873|0.551549,8.517139,5.240074,1.482861,14.828607
874|0.552182,8.513823,5.245461,1.486177,14.861771
875|0.552814,8.510503,5.250845,1.489497,14.894969
876|0.553447,8.507180,5.256228,1.492820,14.928202
877|0.554079,8.503853,5.261608,1.496147,14.961468
878|0.554712,8.500523,5.266986,1.499477,14.994768
879|0.555345,8.497190,5.272362,1.502810,15.028102
880|0.555977,8.493853,5.277736,1.506147,15.061470
881|0.556610,8.490513,5.283108,1.509487,15.094872
882|0.557242,8.487169,5.288478,1.512831,15.128309
883|0.557875,8.483822,5.293846,1.516178,15.161779
884|0.558507,8.480472,5.299211,1.519528,15.195283
885|0.559140,8.477118,5.304575,1.522882,15.228821
886|0.559773,8.473761,5.309936,1.526239,15.262393
887|0.560405,8.470400,5.315295,1.529600,15.295999
888|0.561038,8.467036,5.320652,1.532964,15.329638
889|0.561670,8.463669,5.326007,1.536331,15.363312
890|0.562303,8.460298,5.331360,1.539702,15.397020
891|0.562935,8.456924,5.336710,1.543076,15.430761
892|0.563568,8.453546,5.342059,1.546454,15.464536
893|0.564201,8.450165,5.347405,1.549835,15.498345
894|0.564833,8.446781,5.352750,1.553219,15.532188
895|0.565466,8.443394,5.358092,1.556606,15.566065
896|0.566098,8.440002,5.363432,1.559998,15.599975
897|0.566731,8.436608,5.368769,1.563392,15.633920
898|0.567363,8.433210,5.374105,1.566790,15.667898
899|0.567996,8.429809,5.379439,1.570191,15.701910
900|0.568629,8.426404,5.384770,1.573596,15.735955
901|0.569261,8.422997,5.390099,1.577003,15.770034
902|0.569894,8.419585,5.395426,1.580415,15.804147
903|0.570526,8.416171,5.400751,1.583829,15.838294
904|0.571159,8.412753,5.406074,1.587247,15.872474
905|0.571791,8.409331,5.411394,1.590669,15.906688
906|0.572424,8.405906,5.416713,1.594094,15.940936
907|0.573057,8.402478,5.422029,1.597522,15.975217
908|0.573689,8.399047,5.427343,1.600953,16.009532
909|0.574322,8.395612,5.432655,1.604388,16.043881
910|0.574954,8.392174,5.437965,1.607826,16.078263
911|0.575587,8.388732,5.443272,1.611268,16.112679
912|0.576219,8.385287,5.448578,1.614713,16.147128
913|0.576852,8.381839,5.453881,1.618161,16.181611
914|0.577484,8.378387,5.459182,1.621613,16.216127
915|0.578117,8.374932,5.464481,1.625068,16.250677
916|0.578750,8.371474,5.469777,1.628526,16.285261
917|0.579382,8.368012,5.475072,1.631988,16.319878
918|0.580015,8.364547,5.480364,1.635453,16.354528
919|0.580647,8.361079,5.485654,1.638921,16.389212
920|0.581280,8.357607,5.490942,1.642393,16.423930
921|0.581912,8.354132,5.496228,1.645868,16.458680
922|0.582545,8.350654,5.501511,1.649346,16.493465
923|0.583178,8.347172,5.506793,1.652828,16.528283
924|0.583810,8.343687,5.512072,1.656313,16.563134
925|0.584443,8.340198,5.517348,1.659802,16.598018
926|0.585075,8.336706,5.522623,1.663294,16.632936
927|0.585708,8.333211,5.527896,1.666789,16.667887
928|0.586341,8.329713,5.533166,1.670287,16.702872
929|0.586973,8.326211,5.538434,1.673789,16.737890
930|0.587606,8.322706,5.543700,1.677294,16.772941
931|0.588238,8.319197,5.548963,1.680803,16.808026
932|0.588871,8.315686,5.554225,1.684314,16.843144
933|0.589503,8.312171,5.559484,1.687829,16.878295
934|0.590136,8.308652,5.564741,1.691348,16.913479
935|0.590769,8.305130,5.569996,1.694870,16.948697
936|0.591401,8.301605,5.575248,1.698395,16.983948
937|0.592034,8.298077,5.580498,1.701923,17.019232
938|0.592666,8.294545,5.585746,1.705455,17.054549
939|0.593299,8.291010,5.590992,1.708990,17.089900
940|0.593931,8.287472,5.596236,1.712528,17.125284
941|0.594564,8.283930,5.601477,1.716070,17.160701
942|0.595197,8.280385,5.606716,1.719615,17.196151
943|0.595829,8.276837,5.611953,1.723163,17.231634
944|0.596462,8.273285,5.617188,1.726715,17.267150
945|0.597094,8.269730,5.622420,1.730270,17.302700
946|0.597727,8.266172,5.627650,1.733828,17.338282
947|0.598359,8.262610,5.632878,1.737390,17.373898
948|0.598992,8.259045,5.638103,1.740955,17.409547
949|0.599625,8.255477,5.643327,1.744523,17.445229
950|0.600257,8.251906,5.648548,1.748094,17.480943
951|0.600890,8.248331,5.653767,1.751669,17.516691
952|0.601522,8.244753,5.658983,1.755247,17.552472
953|0.602155,8.241171,5.664198,1.758829,17.588286
954|0.602787,8.237587,5.669410,1.762413,17.624133
955|0.603420,8.233999,5.674619,1.766001,17.660013
956|0.604053,8.230407,5.679827,1.769593,17.695925
957|0.604685,8.226813,5.685032,1.773187,17.731871
958|0.605318,8.223215,5.690235,1.776785,17.767850
959|0.605950,8.219614,5.695436,1.780386,17.803861
960|0.606583,8.216009,5.700634,1.783991,17.839906
961|0.607215,8.212402,5.705830,1.787598,17.875983
962|0.607848,8.208791,5.711024,1.791209,17.912093
963|0.608481,8.205176,5.716216,1.794824,17.948236
964|0.609113,8.201559,5.721405,1.798441,17.984412
965|0.609746,8.197938,5.726592,1.802062,18.020621
966|0.610378,8.194314,5.731777,1.805686,18.056862
967|0.611011,8.190686,5.736959,1.809314,18.093137
968|0.611644,8.187056,5.742139,1.812944,18.129444
969|0.612276,8.183422,5.747317,1.816578,18.165784
970|0.612909,8.179784,5.752492,1.820216,18.202156
971|0.613541,8.176144,5.757665,1.823856,18.238562
972|0.614174,8.172500,5.762836,1.827500,18.275000
973|0.614806,8.168853,5.768005,1.831147,18.311471
974|0.615439,8.165203,5.773171,1.834797,18.347974
975|0.616072,8.161549,5.778335,1.838451,18.384510
976|0.616704,8.157892,5.783497,1.842108,18.421079
977|0.617337,8.154232,5.788656,1.845768,18.457681
978|0.617969,8.150569,5.793813,1.849431,18.494315
979|0.618602,8.146902,5.798968,1.853098,18.530981
980|0.619234,8.143232,5.804120,1.856768,18.567681
981|0.619867,8.139559,5.809270,1.860441,18.604413
982|0.620500,8.135882,5.814418,1.864118,18.641177
983|0.621132,8.132203,5.819564,1.867797,18.677974
984|0.621765,8.128520,5.824707,1.871480,18.714804
985|0.622397,8.124833,5.829848,1.875167,18.751666
986|0.623030,8.121144,5.834986,1.878856,18.788561
987|0.623663,8.117451,5.840122,1.882549,18.825488
988|0.624295,8.113755,5.845256,1.886245,18.862448
989|0.624928,8.110056,5.850387,1.889944,18.899440
990|0.625560,8.106354,5.855516,1.893646,18.936465
991|0.626193,8.102648,5.860643,1.897352,18.973522
992|0.626825,8.098939,5.865768,1.901061,19.010611
993|0.627458,8.095227,5.870890,1.904773,19.047733
994|0.628091,8.091511,5.876009,1.908489,19.084887
995|0.628723,8.087793,5.881127,1.912207,19.122074
996|0.629356,8.084071,5.886242,1.915929,19.159293
997|0.629988,8.080346,5.891354,1.919654,19.196545
998|0.630621,8.076617,5.896465,1.923383,19.233828
999|0.631253,8.072886,5.901573,1.927114,19.271145
1000|0.631886,8.069151,5.906678,1.930849,19.308493
1001|0.632519,8.065413,5.911781,1.934587,19.345874
1002|0.633151,8.061671,5.916882,1.938329,19.383287
1003|0.633784,8.057927,5.921981,1.942073,19.420732
1004|0.634416,8.054179,5.927077,1.945821,19.458209
1005|0.635049,8.050428,5.932171,1.949572,19.495719
1006|0.635682,8.046674,5.937262,1.953326,19.533261
1007|0.636314,8.042916,5.942351,1.957084,19.570835
1008|0.636947,8.039156,5.947438,1.960844,19.608442
1009|0.637579,8.035392,5.952522,1.964608,19.646080
1010|0.638212,8.031625,5.957604,1.968375,19.683751
1011|0.638844,8.027855,5.962683,1.972145,19.721454
1012|0.639477,8.024081,5.967760,1.975919,19.759189
1013|0.640110,8.020304,5.972835,1.979696,19.796956
1014|0.640742,8.016524,5.977907,1.983476,19.834755
1015|0.641375,8.012741,5.982977,1.987259,19.872586
1016|0.642007,8.008955,5.988045,1.991045,19.910450
1017|0.642640,8.005165,5.993110,1.994835,19.948345
1018|0.643273,8.001373,5.998173,1.998627,19.986273
1019|0.643905,7.997577,6.003233,2.002423,20.024232
1020|0.644538,7.993778,6.008291,2.006222,20.062224
1021|0.645170,7.989975,6.013346,2.010025,20.100247
1022|0.645803,7.986170,6.018400,2.013830,20.138303
1023|0.646435,7.982361,6.023450,2.017639,20.176390
1024|0.647068,7.978549,6.028499,2.021451,20.214510
1025|0.647701,7.974734,6.033544,2.025266,20.252661
1026|0.648333,7.970916,6.038588,2.029084,20.290844
1027|0.648966,7.967094,6.043629,2.032906,20.329059
1028|0.649598,7.963269,6.048668,2.036731,20.367306
1029|0.650231,7.959441,6.053704,2.040559,20.405585
1030|0.650864,7.955610,6.058738,2.044390,20.443896
1031|0.651496,7.951776,6.063769,2.048224,20.482239
1032|0.652129,7.947939,6.068798,2.052061,20.520613
1033|0.652761,7.944098,6.073825,2.055902,20.559019
1034|0.653394,7.940254,6.078849,2.059746,20.597457
1035|0.654027,7.936407,6.083870,2.063593,20.635927
1036|0.654659,7.932557,6.088890,2.067443,20.674429
1037|0.655292,7.928704,6.093907,2.071296,20.712962
1038|0.655924,7.924847,6.098921,2.075153,20.751527
1039|0.656557,7.920988,6.103933,2.079012,20.790124
1040|0.657189,7.917125,6.108942,2.082875,20.828753
1041|0.657822,7.913259,6.113949,2.086741,20.867413
1042|0.658455,7.909390,6.118954,2.090610,20.906105
1043|0.659087,7.905517,6.123956,2.094483,20.944828
1044|0.659720,7.901642,6.128956,2.098358,20.983583
1045|0.660352,7.897763,6.133953,2.102237,21.022370
1046|0.660985,7.893881,6.138948,2.106119,21.061189
1047|0.661618,7.889996,6.143940,2.110004,21.100039
1048|0.662250,7.886108,6.148930,2.113892,21.138920
1049|0.662883,7.882217,6.153918,2.117783,21.177834
1050|0.663515,7.878322,6.158902,2.121678,21.216778
1051|0.664148,7.874425,6.163885,2.125575,21.255754
1052|0.664780,7.870524,6.168865,2.129476,21.294762
1053|0.665413,7.866620,6.173843,2.133380,21.333802
1054|0.666046,7.862713,6.178818,2.137287,21.372872
1055|0.666678,7.858803,6.183790,2.141197,21.411975
1056|0.667311,7.854889,6.188760,2.145111,21.451108
1057|0.667943,7.850973,6.193728,2.149027,21.490273
1058|0.668576,7.847053,6.198693,2.152947,21.529470
1059|0.669209,7.843130,6.203656,2.156870,21.568698
1060|0.669841,7.839204,6.208616,2.160796,21.607957
1061|0.670474,7.835275,6.213574,2.164725,21.647248
1062|0.671106,7.831343,6.218529,2.168657,21.686570
1063|0.671739,7.827408,6.223482,2.172592,21.725923
1064|0.672372,7.823469,6.228432,2.176531,21.765308
1065|0.673004,7.819528,6.233380,2.180472,21.804724
1066|0.673637,7.815583,6.238326,2.184417,21.844172
1067|0.674269,7.811635,6.243268,2.188365,21.883650
1068|0.674902,7.807684,6.248209,2.192316,21.923160
1069|0.675535,7.803730,6.253146,2.196270,21.962702
1070|0.676167,7.799773,6.258082,2.200227,22.002274
1071|0.676800,7.795812,6.263015,2.204188,22.041878
1072|0.677432,7.791849,6.267945,2.208151,22.081512
1073|0.678065,7.787882,6.272873,2.212118,22.121178
1074|0.678697,7.783912,6.277798,2.216088,22.160876
1075|0.679330,7.779940,6.282721,2.220060,22.200604
1076|0.679963,7.775964,6.287641,2.224036,22.240364
1077|0.680595,7.771985,6.292559,2.228015,22.280154
1078|0.681228,7.768002,6.297474,2.231998,22.319976
1079|0.681860,7.764017,6.302387,2.235983,22.359829
1080|0.682493,7.760029,6.307297,2.239971,22.399713
1081|0.683126,7.756037,6.312205,2.243963,22.439628
1082|0.683758,7.752043,6.317110,2.247957,22.479574
1083|0.684391,7.748045,6.322012,2.251955,22.519551
1084|0.685023,7.744044,6.326912,2.255956,22.559559
1085|0.685656,7.740040,6.331810,2.259960,22.599598
1086|0.686289,7.736033,6.336705,2.263967,22.639668
1087|0.686921,7.732023,6.341597,2.267977,22.679769
1088|0.687554,7.728010,6.346487,2.271990,22.719901
1089|0.688186,7.723994,6.351375,2.276006,22.760064
1090|0.688819,7.719974,6.356260,2.280026,22.800258
1091|0.689452,7.715952,6.361142,2.284048,22.840482
1092|0.690084,7.711926,6.366022,2.288074,22.880738
1093|0.690717,7.707898,6.370899,2.292102,22.921024
1094|0.691349,7.703866,6.375774,2.296134,22.961342
1095|0.691982,7.699831,6.380646,2.300169,23.001690
1096|0.692614,7.695793,6.385516,2.304207,23.042069
1097|0.693247,7.691752,6.390383,2.308248,23.082479
1098|0.693880,7.687708,6.395247,2.312292,23.122919
1099|0.694512,7.683661,6.400109,2.316339,23.163391
1100|0.695145,7.679611,6.404968,2.320389,23.203893
1101|0.695777,7.675557,6.409825,2.324443,23.244426
