0.000000    0.000000    0.000001    0.000001    0.000002    0.000003    0.000005    0.000006    0.000008    0.000010    0.000013    0.000015    0.000018    0.000021    0.000025    0.000028    0.000032    0.000036    0.000041    0.000045    0.000050    0.000055    0.000061    0.000066    0.000072    0.000078    0.000085    0.000091    0.000098    0.000105    0.000113    0.000120    0.000128    0.000136    0.000145    0.000153    0.000162    0.000171    0.000181    0.000190    0.000200    
0.000000    0.000337    0.001320    0.002950    0.005227    0.008151    0.011722    0.015939    0.020803    0.026314    0.032471    0.039274    0.046724    0.054819    0.063561    0.072948    0.082980    0.093658    0.104981    0.116949    0.129562    0.142819    0.156720    0.171265    0.186454    0.202286    0.218761    0.235879    0.253639    0.272041    0.291085    0.310770    0.331096    0.352063    0.373670    0.395916    0.418802    0.442327    0.466490    0.491291    0.516730    
0.000001    0.001313    0.005150    0.011512    0.020396    0.031804    0.045734    0.062185    0.081155    0.102644    0.126650    0.153170    0.182204    0.213748    0.247801    0.284359    0.323420    0.364982    0.409041    0.455593    0.504636    0.556165    0.610177    0.666668    0.725633    0.787069    0.850971    0.917334    0.986153    1.057423    1.131139    1.207297    1.285889    1.366911    1.450356    1.536219    1.624494    1.715175    1.808254    1.903725    2.001582    
0.000001    0.002920    0.011453    0.025598    0.045353    0.070715    0.101678    0.138239    0.180390    0.228126    0.281437    0.340315    0.404750    0.474732    0.550249    0.631288    0.717836    0.809879    0.907402    1.010389    1.118823    1.232687    1.351963    1.476631    1.606672    1.742064    1.882788    2.028820    2.180137    2.336717    2.498536    2.665567    2.837787    3.015169    3.197687    3.385312    3.578019    3.775777    3.978559    4.186335    4.399075    
0.000002    0.005148    0.020190    0.045123    0.079940    0.124629    0.179179    0.243573    0.317792    0.401814    0.495615    0.599167    0.712440    0.835402    0.968017    1.110247    1.262051    1.423387    1.594210    1.774470    1.964119    2.163104    2.371371    2.588863    2.815521    3.051285    3.296093    3.549881    3.812582    4.084130    4.364455    4.653486    4.951152    5.257380    5.572094    5.895220    6.226680    6.566397    6.914292    7.270286    7.634298    
0.000003    0.007987    0.031322    0.069997    0.123994    0.193288    0.277848    0.377635    0.492604    0.622702    0.767872    0.928047    1.103158    1.293125    1.497867    1.717293    1.951309    2.199814    2.462704    2.739867    3.031189    3.336550    3.655825    3.988888    4.335604    4.695840    5.069456    5.456309    5.856254    6.269145    6.694830    7.133156    7.583971    8.047116    8.522435    9.009767    9.508953    10.019832    10.542240    11.076016    11.620997    
0.000004    0.011427    0.044810    0.100131    0.177352    0.276425    0.397284    0.539851    0.704032    0.889724    1.096807    1.325150    1.574611    1.845032    2.136249    2.448084    2.780349    3.132847    3.505370    3.897704    4.309626    4.740903    5.191298    5.660567    6.148459    6.654718    7.179085    7.721295    8.281079    8.858168    9.452286    10.063159    10.690508    11.334056    11.993523    12.668630    13.359097    14.064645    14.784997    15.519875    16.269004    
0.000006    0.015459    0.060615    0.135434    0.239849    0.373769    0.537075    0.729624    0.951250    1.201761    1.480942    1.788559    2.124355    2.488052    2.879354    3.297948    3.743503    4.215674    4.714101    5.238410    5.788217    6.363126    6.962733    7.586625    8.234381    8.905577    9.599781    10.316559    11.055474    11.816087    12.597959    13.400649    14.223720    15.066733    15.929253    16.810849    17.711093    18.629558    19.565826    20.519482    21.490116    
0.000008    0.020072    0.078697    0.175815    0.311316    0.485043    0.696799    0.946344    1.233399    1.557646    1.918730    2.316261    2.749816    3.218941    3.723154    4.261945    4.834781    5.441108    6.080351    6.751920    7.455207    8.189595    8.954455    9.749149    10.573035    11.425465    12.305789    13.213357    14.147518    15.107626    16.093036    17.103111    18.137217    19.194729    20.275029    21.377510    22.501573    23.646629    24.812100    25.997420    27.202035    
0.000010    0.025256    0.099017    0.221185    0.391583    0.609967    0.876024    1.189379    1.549595    1.956173    2.408563    2.906160    3.448312    4.034323    4.663455    5.334936    6.047962    6.801701    7.595297    8.427876    9.298546    10.206405    11.150542    12.130041    13.143983    14.191450    15.271530    16.383315    17.525904    18.698409    19.899951    21.129667    22.386709    23.670242    24.979451    26.313537    27.671722    29.053244    30.457362    31.883355    33.330520    
0.000012    0.031002    0.121535    0.271449    0.480478    0.748254    1.074311    1.458087    1.898929    2.396100    2.948786    3.556096    4.217077    4.930714    5.695940    6.511645    7.376677    8.289855    9.249972    10.255802    11.306106    12.399637    13.535147    14.711389    15.927124    17.181122    18.472170    19.799069    21.160642    22.555734    23.983214    25.441975    26.930941    28.449061    29.995314    31.568708    33.168282    34.793105    36.442274    38.114918    39.810195    
0.000014    0.037301    0.146212    0.326516    0.577828    0.899617    1.291213    1.751808    2.280472    2.876155    3.537701    4.263856    5.053280    5.904560    6.816216    7.786718    8.814490    9.897927    11.035399    12.225265    13.465875    14.755586    16.092760    17.475778    18.903041    20.372975    21.884037    23.434718    25.023543    26.649078    28.309928    30.004741    31.732205    33.491055    35.280067    37.098060    38.943899    40.816488    42.714775    44.637749    46.584440    
0.000017    0.044141    0.173009    0.386293    0.683457    1.063763    1.526275    2.069876    2.693280    3.395042    4.173580    5.027187    5.954050    6.952263    8.019851    9.154777    10.354966    11.618312    12.942697    14.326000    15.766111    17.260937    18.808414    20.406513    22.053247    23.746674    25.484905    27.266107    29.088500    30.950367    32.850049    34.785948    36.756527    38.760311    40.795882    42.861883    44.957014    47.080032    49.229747    51.405024    53.604779    
0.000020    0.051514    0.201884    0.450686    0.797191    1.240396    1.779038    2.411613    3.136392    3.951447    4.854674    5.843817    6.916492    8.070212    9.302413    10.610472    11.991733    13.443523    14.963172    16.548027    18.195465    19.902910    21.667836    23.487780    25.360348    27.283219    29.254149    31.270977    33.331620    35.434080    37.576444    39.756876    41.973626    44.225021    46.509466    48.825440    51.171497    53.546260    55.948420    58.376733    60.830015    
0.000023    0.059409    0.232798    0.519601    0.918850    1.429218    2.049039    2.776334    3.608840    4.544044    5.579220    6.711459    7.937708    9.254803    10.659503    12.148518    13.718537    15.366255    17.088395    18.881725    20.743075    22.669350    24.657545    26.704746    28.808144    30.965033    33.172816    35.429009    37.731234    40.077226    42.464824    44.891977    47.356731    49.857236    52.391734    54.958561    57.556140    60.182978    62.837664    65.518859    68.225302    
0.000026    0.067817    0.265712    0.592944    1.048257    1.629930    2.335810    3.163348    4.109646    5.171498    6.345447    7.627826    9.014812    10.502467    12.086786    13.763735    15.529282    17.379433    19.310256    21.317902    23.398626    25.548799    27.764918    30.043615    32.381664    34.775981    37.223624    39.721795    42.267838    44.859232    47.493593    50.168665    52.882314    55.632528    58.417407    61.235162    64.084103    66.962638    69.869270    72.802585    75.761253    
0.000030    0.076727    0.300584    0.670620    1.185232    1.842229    2.638878    3.571961    4.637829    5.832473    7.151590    8.590646    10.144945    11.809684    13.580013    15.451078    17.418068    19.476252    21.621004    23.847833    26.152398    28.530525    30.978211    33.491638    36.067168    38.701349    41.390910    44.132757    46.923970    49.761796    52.643643    55.567071    58.529787    61.529638    64.564601    67.632775    70.732378    73.861737    77.019282    80.203539    83.413126    
0.000033    0.086130    0.337376    0.752535    1.329595    2.065811    2.957773    4.001476    5.192407    6.525633    7.995889    9.597665    11.325290    13.173007    15.135042    17.205659    19.379217    21.650205    24.013279    26.463286    28.995280    31.604538    34.286567    37.037101    39.852110    42.727789    45.660553    48.647034    51.684070    54.768696    57.898132    61.069778    64.281200    67.530122    70.814415    74.132089    77.481283    80.860257    84.267386    87.701146    91.160116    
0.000037    0.096016    0.376046    0.838594    1.481166    2.300374    3.292019    4.451194    5.772398    7.249648    8.876601    10.646659    12.553081    14.589070    16.747857    19.022769    21.407291    23.895106    26.480128    29.156536    31.918777    34.761589    37.679992    40.669296    43.725092    46.843240    50.019870    53.251358    56.534323    59.865607    63.242268    66.661563    70.120938    73.618012    77.150568    80.716542    84.314010    87.941180    91.596382    95.278057    98.984753    
0.000041    0.106375    0.416554    0.928700    1.639764    2.545611    3.641141    4.920419    6.376824    8.003200    9.792003    11.735445    13.825616    16.054603    18.414579    20.897890    23.497111    26.205095    29.015013    31.920366    34.915008    37.993144    41.149330    44.378467    47.675789    51.036851    54.457512    57.933920    61.462495    65.039913    68.663086    72.329151    76.035449    79.779514    83.559058    87.371956    91.216235    95.090062    98.991734    102.919668    106.872391    
0.000045    0.117198    0.458861    1.022760    1.805207    2.801218    4.004666    5.408455    7.004714    8.784982    10.740400    12.861880    15.140261    17.566440    20.131481    22.826705    25.643757    28.574652    31.611807    34.748062    37.976683    41.291365    44.686219    48.155760    51.694892    55.298883    58.963351    62.684237    66.457788    70.280529    74.149253    78.060991    82.013000    86.002743    90.027873    94.086220    98.175773    102.294671    106.441187    110.613721    114.810788    
0.000049    0.128473    0.502925    1.120678    1.977314    3.066889    4.382119    5.914611    7.655104    9.593706    11.720125    14.023876    16.494462    19.121530    21.894988    24.805106    27.842582    30.998587    34.264797    37.633397    41.097088    44.649075    48.283049    51.993164    55.774018    59.620621    63.528373    67.493030    71.510687    75.577745    79.690887    83.847062    88.043457    92.277478    96.546734    100.849019    105.182296    109.544685    113.934445    118.349965    122.789756    
0.000054    0.140192    0.548707    1.222357    2.155904    3.342319    4.773028    6.438198    8.327040    10.428102    12.729547    15.219396    17.885747    20.716937    23.701687    26.829194    30.089202    33.472046    36.968665    40.570616    44.270055    48.059722    51.932912    55.883449    59.905650    63.994291    68.144577    72.352106    76.612839    80.923069    85.279394    89.678691    94.118092    98.594961    103.106874    107.651599    112.227083    116.831433    121.462901    126.119875    130.800866    
0.000059    0.152344    0.596166    1.327703    2.340796    3.627205    5.176924    6.978535    9.019582    11.286925    13.767071    16.446466    19.311729    22.349850    25.548330    28.895284    32.379503    35.990492    39.718483    43.554418    47.489936    51.517339    55.629558    59.820110    64.083058    68.412972    72.804883    77.254251    81.756924    86.309107    90.907324    95.548400    100.229422    104.947722    109.700855    114.486572    119.302812    124.147676    129.019416    133.916423    138.837212    
0.000063    0.164920    0.645262    1.436620    2.531807    3.921243    5.593340    7.534948    9.731802    12.168952    14.831146    17.703172    20.770116    24.017582    27.431834    30.999899    34.709626    38.549711    42.509691    46.579928    50.751570    55.016511    59.367345    63.797309    68.300241    72.870524    77.503042    82.193135    86.936557    91.729439    96.568251    101.449771    106.371058    111.329422    116.322403    121.347747    126.403388    131.487429    136.598128    141.733881    146.893213    
0.000068    0.177909    0.695955    1.549012    2.728759    4.224131    6.021813    8.106770    10.462789    13.072988    15.920263    18.987666    22.258706    25.717570    29.349277    33.139769    37.075970    41.145785    45.338086    49.642681    54.050259    58.552336    63.141195    67.809824    72.551858    77.361518    82.233561    87.163225    92.146189    97.178522    102.256653    107.377328    112.537586    117.734725    122.966277    128.229988    133.523795    138.845808    144.194292    149.567656    154.964437    
0.000074    0.191302    0.748204    1.664786    2.931470    4.535569    6.461883    8.693342    11.211647    13.997868    17.032956    20.298168    23.775392    27.447380    31.297901    35.311831    39.475179    43.775089    48.199800    52.738595    57.381734    62.120387    66.946553    71.852998    76.833177    81.881172    86.991631    92.159710    97.381023    102.651596    107.967826    113.326439    118.724461    124.159185    129.628145    135.129090    140.659966    146.218892    151.804149    157.414155    163.047465    
0.000079    0.205089    0.801968    1.783844    3.139761    4.855260    6.913098    9.294017    11.977500    14.942456    18.167810    21.632966    25.318161    29.204700    33.275112    37.513214    41.904133    46.434279    51.091288    55.863951    60.742133    65.716682    70.779348    75.922694    81.140023    86.425294    91.773066    97.178426    102.636943    108.144608    113.697797    119.293223    124.927910    130.599151    136.304487    142.041676    147.808675    153.603619    159.424803    165.270663    171.139767    
0.000084    0.219261    0.857209    1.906093    3.353454    5.182906    7.375007    9.908157    12.759488    15.905648    19.323456    22.990419    26.885096    30.987347    35.278467    39.741241    44.359941    49.120273    54.009305    59.015370    64.127966    69.337653    74.635953    80.015257    85.468728    90.990230    96.574243    102.215807    107.910449    113.654142    119.443247    125.274476    131.144853    137.051679    142.992503    148.965102    154.967445    160.997684    167.054129    173.135236    179.239591    
0.000090    0.233806    0.913884    2.031438    3.572370    5.518215    7.847167    10.535136    13.556775    16.886372    20.498575    24.368952    28.474375    32.793257    37.305680    41.993421    46.839929    51.830243    56.950895    62.189792    67.536098    72.980114    78.513158    84.127468    89.816095    95.572818    101.392060    107.268818    113.198598    119.177356    125.201452    131.267600    137.372829    143.514455    149.690043    155.897382    162.134461    168.399449    174.690676    181.006615    187.345869    
0.000096    0.248715    0.971956    2.159785    3.796333    5.860896    8.329140    11.174339    14.368544    17.883590    21.691898    25.767066    30.084270    34.620488    39.354610    44.267440    49.341634    54.561601    59.913371    65.384459    70.963726    76.641234    82.408130    88.256518    94.179354    100.170348    106.223879    112.334916    118.498949    124.711931    130.970220    137.270541    143.609938    149.985740    156.395528    162.837111    169.308496    175.807872    182.333587    188.884134    195.458134    
0.000102    0.263979    1.031382    2.291039    4.025166    6.210660    8.820496    11.825164    15.193998    18.896299    22.902206    27.183329    31.713144    36.467214    41.423265    46.561157    51.862793    57.311987    62.894302    68.596895    74.408347    80.318516    86.318394    92.399973    98.556131    104.780524    111.067499    117.412004    123.809524    130.256014    136.747842    143.281744    149.854780    156.464296    163.107893    169.783399    176.488842    183.222429    189.982530    196.767652    203.576435    
0.000108    0.279587    1.092124    2.425106    4.258696    6.567223    9.320810    12.487022    16.032366    19.923530    24.128333    28.616378    33.359453    38.331725    43.509787    48.872594    54.401333    60.079256    65.891499    71.824885    77.867750    84.009770    90.241803    96.555746    102.944416    109.401428    115.921105    122.498387    129.128761    135.808187    142.533047    149.300092    156.106400    162.949339    169.826528    176.735816    183.675251    190.643059    197.637624    204.657475    211.701265    
0.000114    0.295530    1.154140    2.561894    4.496749    6.930303    9.829665    13.159339    16.882897    20.964350    25.369161    30.064921    35.021741    40.212422    45.612458    51.199934    56.955361    62.861471    68.902996    75.066465    81.339992    87.713092    94.176511    100.722070    107.342533    114.031488    120.783246    127.592745    134.455476    141.367412    148.324951    155.324863    162.364247    169.440487    176.551228    183.694333    190.867872    198.070087    205.299380    212.554294    219.833496    
0.000120    0.311798    1.217392    2.701308    4.739153    7.299622    10.346653    13.841553    17.744865    22.017862    26.623625    31.527734    36.698643    42.107816    47.729686    53.541511    59.523163    65.656883    71.927044    78.319903    84.823379    91.426847    98.120958    104.897472    111.749114    118.669456    125.652800    132.694090    139.788827    146.933001    154.123027    161.355694    168.628122    175.937715    183.282135    190.659268    198.067197    205.504182    212.968639    220.459121    227.974307    
0.000126    0.328380    1.281840    2.843258    4.985738    7.674906    10.871372    14.533118    18.617566    23.083204    27.890709    33.003659    38.388876    44.016521    49.860007    55.895805    62.103182    68.463934    74.962097    81.583688    88.316452    95.149647    102.073845    109.080753    116.163076    123.314371    130.528942    137.801741    145.128285    152.504579    159.927059    167.392533    174.898139    182.441303    190.019702    197.631240    205.274013    212.946295    220.646511    228.373227    236.125128    
0.000133    0.345268    1.347443    2.987650    5.236334    8.055885    11.403429    15.233501    19.500323    24.159550    29.169449    34.491606    40.091243    45.937255    52.002077    58.261431    64.694024    71.281235    78.006797    84.856511    91.817972    98.880338    106.034111    113.270970    120.583595    127.965541    135.411120    142.915294    150.473595    158.082051    165.737110    173.435603    181.174686    188.951800    196.764640    204.611119    212.489346    220.397606    228.334332    236.298093    244.287579    
0.000140    0.362450    1.414163    3.134393    5.490775    8.442293    11.942440    15.942186    20.392481    25.246110    30.458928    35.990551    41.804628    47.868835    54.154669    60.637144    67.294444    74.107565    81.059967    88.137259    95.326905    102.617975    110.000927    117.467407    125.010085    132.622520    140.299029    148.034591    155.824757    163.665565    171.553488    179.485371    187.458385    195.469985    203.517876    211.599983    219.714424    227.859485    236.033604    244.235352    252.463418    
0.000146    0.379918    1.481959    3.283397    5.748894    8.833868    12.488027    16.658672    21.293409    26.342131    31.758282    37.499530    43.527996    49.810175    56.316666    63.021820    69.903336    76.941858    84.120599    91.424997    98.842404    106.361823    113.973667    121.669563    129.442180    137.285077    145.192588    153.159701    161.181983    169.255491    177.376713    185.542506    193.750054    201.996819    210.280518    218.599079    226.950622    235.333433    243.745951    252.186744    260.654492    
0.000153    0.397662    1.550792    3.434570    6.010530    9.230353    13.039825    17.382472    22.202503    27.446895    33.066691    39.017647    45.260389    51.760276    58.487059    65.414463    72.519734    79.783196    87.187843    94.718959    102.363806    110.111324    117.951895    125.877134    133.879708    141.953186    150.091908    158.290881    166.545683    174.852384    183.207484    191.607849    200.050672    208.533421    217.053813    225.609775    234.199426    242.821052    251.473077    260.154064    268.862685    
0.000160    0.415671    1.620623    3.587823    6.275519    9.631494    13.597475    18.113118    23.119182    28.559718    34.383388    40.544063    47.000924    53.718236    60.664944    67.814188    75.142796    82.630803    90.260998    98.018542    105.890609    113.866093    121.935352    130.089991    138.322681    146.626994    154.997283    163.428565    171.916430    180.456958    189.046651    197.682386    206.361354    215.081024    223.839108    232.633532    241.462401    250.323991    259.216720    268.139132    277.089887    
