0.045000	2.339178	1.042118
0.045000	2.339169	1.041927
0.045001	2.339153	1.041739
0.045001	2.339131	1.041552
0.045002	2.339102	1.041367
0.045002	2.339068	1.041185
0.045003	2.339027	1.041004
0.045004	2.338980	1.040826
0.045005	2.338926	1.040650
0.045006	2.338866	1.040475
0.045008	2.338800	1.040303
0.045009	2.338727	1.040133
0.045011	2.338649	1.039964
0.045012	2.338563	1.039798
0.045014	2.338472	1.039634
0.045016	2.338374	1.039472
0.045018	2.338270	1.039312
0.045020	2.338160	1.039154
0.045023	2.338044	1.038997
0.045025	2.337921	1.038843
0.045028	2.337791	1.038691
0.045030	2.337656	1.038541
0.045033	2.337514	1.038393
0.045036	2.337366	1.038247
0.045039	2.337212	1.038103
0.045043	2.337051	1.037961
0.045046	2.336884	1.037821
0.045049	2.336711	1.037684
0.045053	2.336531	1.037548
0.045057	2.336346	1.037414
0.045060	2.336154	1.037282
0.045064	2.335955	1.037152
0.045069	2.335750	1.037024
0.045073	2.335540	1.036898
0.045077	2.335322	1.036774
0.045082	2.335099	1.036652
0.045086	2.334869	1.036533
0.045091	2.334633	1.036415
0.045096	2.334391	1.036299
0.045101	2.334142	1.036185
0.045106	2.333887	1.036073
0.045111	2.333626	1.035963
0.045116	2.333359	1.035856
0.045122	2.333085	1.035750
0.045128	2.332805	1.035646
0.045133	2.332519	1.035544
0.045139	2.332226	1.035444
0.045145	2.331928	1.035346
0.045151	2.331623	1.035251
0.045158	2.331311	1.035157
0.045164	2.330994	1.035065
0.045170	2.330670	1.034975
0.045177	2.330340	1.034887
0.045184	2.330004	1.034801
0.045191	2.329662	1.034717
0.045198	2.329313	1.034636
0.045205	2.328958	1.034556
0.045212	2.328597	1.034478
0.045220	2.328229	1.034402
0.045227	2.327856	1.034328
0.045235	2.327476	1.034256
0.045243	2.327090	1.034186
0.045250	2.326697	1.034118
0.045258	2.326299	1.034052
0.045267	2.325894	1.033988
0.045275	2.325483	1.033926
0.045283	2.325066	1.033866
0.045292	2.324643	1.033808
0.045301	2.324213	1.033752
0.045309	2.323777	1.033698
0.045318	2.323335	1.033646
0.045327	2.322887	1.033596
0.045337	2.322433	1.033547
0.045346	2.321972	1.033501
0.045355	2.321505	1.033457
0.045365	2.321032	1.033415
0.045375	2.320553	1.033375
0.045385	2.320068	1.033337
0.045395	2.319576	1.033300
0.045405	2.319079	1.033266
0.045415	2.318575	1.033234
0.045425	2.318065	1.033204
0.045436	2.317549	1.033175
0.045446	2.317026	1.033149
0.045457	2.316498	1.033124
0.045468	2.315963	1.033102
0.045479	2.315422	1.033082
0.045490	2.314875	1.033063
0.045501	2.314322	1.033047
0.045513	2.313763	1.033032
0.045524	2.313198	1.033020
0.045536	2.312626	1.033009
0.045548	2.312049	1.033001
0.045560	2.311465	1.032994
0.045572	2.310875	1.032990
0.045584	2.310279	1.032987
0.045596	2.309677	1.032987
0.045609	2.309069	1.032988
0.045621	2.308455	1.032991
0.045634	2.307834	1.032997
0.045647	2.307208	1.033004
0.045660	2.306575	1.033013
0.045673	2.305937	1.033024
0.045686	2.305292	1.033038
0.045700	2.304641	1.033053
0.045713	2.303984	1.033070
0.045727	2.303321	1.033089
0.045741	2.302652	1.033110
0.045755	2.301977	1.033133
0.045769	2.301296	1.033158
0.045783	2.300609	1.033186
0.045797	2.299916	1.033215
0.045812	2.299216	1.033246
0.045826	2.298511	1.033279
0.045841	2.297800	1.033314
0.045856	2.297082	1.033351
0.045871	2.296359	1.033390
0.045886	2.295630	1.033431
0.045901	2.294894	1.033474
0.045917	2.294153	1.033518
0.045932	2.293405	1.033565
0.045948	2.292652	1.033614
0.045964	2.291893	1.033665
0.045979	2.291127	1.033718
0.045996	2.290356	1.033773
0.046012	2.289578	1.033829
0.046028	2.288795	1.033888
0.046045	2.288006	1.033949
0.046061	2.287211	1.034012
0.046078	2.286409	1.034077
0.046095	2.285602	1.034143
0.046112	2.284789	1.034212
0.046129	2.283970	1.034283
0.046146	2.283145	1.034355
0.046164	2.282314	1.034430
0.046181	2.281477	1.034507
0.046199	2.280635	1.034585
0.046217	2.279786	1.034666
0.046235	2.278931	1.034749
0.046253	2.278071	1.034833
0.046271	2.277205	1.034920
0.046290	2.276332	1.035009
0.046308	2.275454	1.035099
0.046327	2.274570	1.035192
0.046346	2.273680	1.035286
0.046365	2.272785	1.035383
0.046384	2.271883	1.035482
0.046403	2.270976	1.035582
0.046422	2.270062	1.035685
0.046442	2.269143	1.035789
0.046461	2.268218	1.035896
0.046481	2.267287	1.036004
0.046501	2.266351	1.036115
0.046521	2.265408	1.036228
0.046542	2.264460	1.036342
0.046562	2.263506	1.036459
0.046582	2.262546	1.036577
0.046603	2.261581	1.036698
0.046624	2.260609	1.036821
0.046645	2.259632	1.036945
0.046666	2.258649	1.037072
0.046687	2.257660	1.037200
0.046708	2.256666	1.037331
0.046730	2.255665	1.037464
0.046752	2.254659	1.037598
0.046773	2.253648	1.037735
0.046795	2.252630	1.037874
0.046817	2.251607	1.038014
0.046840	2.250578	1.038157
0.046862	2.249544	1.038302
0.046884	2.248503	1.038449
0.046907	2.247457	1.038597
0.046930	2.246406	1.038748
0.046953	2.245348	1.038901
0.046976	2.244285	1.039056
0.046999	2.243216	1.039213
0.047023	2.242142	1.039372
0.047046	2.241062	1.039532
0.047070	2.239976	1.039695
0.047094	2.238885	1.039860
0.047118	2.237788	1.040027
0.047142	2.236685	1.040196
0.047166	2.235577	1.040367
0.047190	2.234463	1.040541
0.047215	2.233344	1.040716
0.047240	2.232219	1.040893
0.047264	2.231088	1.041072
0.047289	2.229952	1.041253
0.047315	2.228810	1.041437
0.047340	2.227663	1.041622
0.047365	2.226510	1.041809
0.047391	2.225352	1.041999
0.047417	2.224188	1.042190
0.047443	2.223018	1.042384
0.047469	2.221843	1.042579
0.047495	2.220662	1.042777
0.047521	2.219476	1.042976
0.047548	2.218285	1.043178
0.047574	2.217088	1.043382
0.047601	2.215885	1.043588
0.047628	2.214677	1.043796
0.047655	2.213464	1.044005
0.047683	2.212245	1.044217
0.047710	2.211020	1.044432
0.047738	2.209790	1.044648
0.047765	2.208555	1.044866
0.047793	2.207314	1.045086
0.047821	2.206068	1.045308
0.047850	2.204816	1.045533
0.047878	2.203559	1.045759
0.047906	2.202297	1.045988
0.047935	2.201029	1.046218
0.047964	2.199756	1.046451
0.047993	2.198477	1.046686
0.048022	2.197194	1.046923
0.048051	2.195904	1.047162
0.048081	2.194610	1.047403
0.048110	2.193310	1.047646
0.048140	2.192004	1.047891
0.048170	2.190694	1.048138
0.048200	2.189378	1.048388
0.048230	2.188057	1.048639
0.048261	2.186730	1.048893
0.048291	2.185398	1.049149
0.048322	2.184061	1.049406
0.048353	2.182719	1.049666
0.048384	2.181371	1.049928
0.048415	2.180019	1.050192
0.048447	2.178660	1.050458
0.048478	2.177297	1.050727
0.048510	2.175929	1.050997
0.048542	2.174555	1.051270
0.048574	2.173176	1.051544
0.048606	2.171792	1.051821
0.048638	2.170402	1.052100
0.048671	2.169008	1.052381
0.048703	2.167608	1.052664
0.048736	2.166203	1.052949
0.048769	2.164793	1.053237
0.048802	2.163378	1.053526
0.048836	2.161958	1.053818
0.048869	2.160532	1.054112
0.048903	2.159102	1.054408
0.048937	2.157666	1.054706
0.048971	2.156225	1.055006
0.049005	2.154780	1.055308
0.049039	2.153329	1.055613
0.049074	2.151873	1.055920
0.049108	2.150412	1.056228
0.049143	2.148946	1.056539
0.049178	2.147475	1.056853
0.049213	2.145999	1.057168
0.049249	2.144517	1.057485
0.049284	2.143031	1.057805
0.049320	2.141540	1.058127
0.049356	2.140044	1.058451
0.049392	2.138543	1.058777
0.049428	2.137037	1.059105
0.049464	2.135526	1.059436
0.049501	2.134010	1.059768
0.049537	2.132489	1.060103
0.049574	2.130963	1.060440
0.049611	2.129432	1.060779
0.049649	2.127897	1.061121
0.049686	2.126356	1.061464
0.049724	2.124811	1.061810
0.049761	2.123260	1.062158
0.049799	2.121705	1.062508
0.049837	2.120145	1.062861
0.049876	2.118580	1.063215
0.049914	2.117010	1.063572
0.049953	2.115436	1.063931
0.049992	2.113857	1.064292
0.050031	2.112272	1.064656
0.050070	2.110683	1.065021
0.050109	2.109090	1.065389
0.050149	2.107491	1.065759
0.050188	2.105888	1.066132
0.050228	2.104280	1.066506
0.050268	2.102667	1.066883
0.050309	2.101049	1.067262
0.050349	2.099427	1.067644
0.050390	2.097800	1.068027
0.050430	2.096168	1.068413
0.050471	2.094532	1.068801
0.050513	2.092891	1.069191
0.050554	2.091245	1.069584
0.050596	2.089595	1.069979
0.050637	2.087940	1.070376
0.050679	2.086280	1.070775
0.050721	2.084616	1.071177
0.050764	2.082947	1.071580
0.050806	2.081274	1.071987
0.050849	2.079596	1.072395
0.050892	2.077913	1.072806
0.050935	2.076226	1.073219
0.050978	2.074534	1.073634
0.051021	2.072838	1.074051
0.051065	2.071137	1.074471
0.051109	2.069431	1.074893
0.051153	2.067721	1.075318
0.051197	2.066007	1.075745
0.051241	2.064288	1.076174
0.051286	2.062565	1.076605
0.051330	2.060837	1.077039
0.051375	2.059105	1.077475
0.051421	2.057368	1.077913
0.051466	2.055627	1.078354
0.051511	2.053881	1.078797
0.051557	2.052131	1.079242
0.051603	2.050376	1.079690
0.051649	2.048618	1.080140
0.051696	2.046854	1.080592
0.051742	2.045087	1.081047
0.051789	2.043315	1.081504
0.051836	2.041539	1.081963
0.051883	2.039758	1.082425
0.051930	2.037973	1.082889
0.051978	2.036184	1.083355
0.052025	2.034390	1.083824
0.052073	2.032593	1.084295
0.052121	2.030790	1.084769
0.052170	2.028984	1.085245
0.052218	2.027173	1.085723
0.052267	2.025359	1.086204
0.052316	2.023539	1.086687
0.052365	2.021716	1.087173
0.052414	2.019889	1.087661
0.052464	2.018057	1.088151
0.052514	2.016221	1.088644
0.052564	2.014381	1.089139
0.052614	2.012537	1.089636
0.052664	2.010689	1.090136
0.052715	2.008836	1.090639
0.052766	2.006979	1.091143
0.052817	2.005119	1.091651
0.052868	2.003254	1.092160
0.052919	2.001385	1.092673
0.052971	1.999512	1.093187
0.053023	1.997635	1.093704
0.053075	1.995754	1.094224
0.053127	1.993869	1.094745
0.053180	1.991980	1.095270
0.053232	1.990087	1.095797
0.053285	1.988190	1.096326
0.053339	1.986288	1.096858
0.053392	1.984383	1.097392
0.053446	1.982474	1.097929
0.053499	1.980561	1.098468
0.053553	1.978644	1.099010
0.053608	1.976723	1.099554
0.053662	1.974799	1.100101
0.053717	1.972870	1.100650
0.053772	1.970937	1.101201
0.053827	1.969001	1.101756
0.053882	1.967061	1.102312
0.053938	1.965117	1.102872
0.053993	1.963169	1.103433
0.054050	1.961217	1.103998
0.054106	1.959261	1.104565
0.054162	1.957302	1.105134
0.054219	1.955338	1.105706
0.054276	1.953371	1.106280
0.054333	1.951401	1.106858
0.054390	1.949426	1.107437
0.054448	1.947448	1.108019
0.054506	1.945466	1.108604
0.054564	1.943480	1.109191
0.054622	1.941491	1.109781
0.054681	1.939498	1.110374
0.054740	1.937501	1.110969
0.054799	1.935501	1.111566
0.054858	1.933497	1.112167
0.054917	1.931489	1.112769
0.054977	1.929478	1.113375
0.055037	1.927463	1.113983
0.055097	1.925444	1.114594
0.055158	1.923422	1.115207
0.055218	1.921396	1.115823
0.055279	1.919367	1.116441
0.055340	1.917334	1.117063
0.055402	1.915298	1.117687
0.055463	1.913258	1.118313
0.055525	1.911215	1.118942
0.055587	1.909168	1.119574
0.055650	1.907118	1.120208
0.055712	1.905064	1.120846
0.055775	1.903007	1.121485
0.055838	1.900946	1.122128
0.055902	1.898882	1.122773
0.055965	1.896815	1.123421
0.056029	1.894744	1.124072
0.056093	1.892670	1.124725
0.056157	1.890592	1.125381
0.056222	1.888511	1.126039
0.056287	1.886427	1.126701
0.056352	1.884339	1.127365
0.056417	1.882248	1.128032
0.056483	1.880154	1.128701
0.056549	1.878056	1.129374
0.056615	1.875955	1.130049
0.056681	1.873851	1.130727
0.056748	1.871743	1.131407
0.056815	1.869633	1.132091
0.056882	1.867519	1.132777
0.056949	1.865402	1.133466
0.057017	1.863282	1.134157
0.057085	1.861158	1.134852
0.057153	1.859031	1.135549
0.057222	1.856902	1.136249
0.057291	1.854769	1.136952
0.057360	1.852633	1.137658
0.057429	1.850493	1.138366
0.057498	1.848351	1.139078
0.057568	1.846206	1.139792
0.057638	1.844057	1.140509
0.057709	1.841906	1.141229
0.057779	1.839751	1.141951
0.057850	1.837593	1.142677
0.057921	1.835433	1.143405
0.057993	1.833269	1.144136
0.058064	1.831102	1.144870
0.058136	1.828933	1.145607
0.058209	1.826760	1.146347
0.058281	1.824584	1.147090
0.058354	1.822406	1.147836
0.058427	1.820224	1.148584
0.058500	1.818040	1.149336
0.058574	1.815853	1.150090
0.058648	1.813663	1.150848
0.058722	1.811470	1.151608
0.058797	1.809274	1.152371
0.058872	1.807075	1.153137
0.058947	1.804873	1.153906
0.059022	1.802669	1.154678
0.059098	1.800462	1.155453
0.059174	1.798252	1.156231
0.059250	1.796039	1.157012
0.059326	1.793824	1.157796
0.059403	1.791605	1.158583
0.059480	1.789384	1.159373
0.059558	1.787161	1.160166
0.059635	1.784934	1.160962
0.059713	1.782705	1.161761
0.059792	1.780473	1.162563
0.059870	1.778239	1.163368
0.059949	1.776002	1.164176
0.060028	1.773762	1.164987
0.060108	1.771520	1.165801
0.060188	1.769275	1.166618
0.060268	1.767027	1.167439
0.060348	1.764777	1.168262
0.060429	1.762524	1.169089
0.060510	1.760269	1.169918
0.060591	1.758011	1.170751
0.060673	1.755751	1.171586
0.060755	1.753488	1.172425
0.060837	1.751223	1.173267
0.060920	1.748955	1.174112
0.061003	1.746685	1.174961
0.061086	1.744412	1.175812
0.061169	1.742137	1.176667
0.061253	1.739859	1.177524
0.061337	1.737579	1.178385
0.061422	1.735297	1.179249
0.061506	1.733012	1.180116
0.061592	1.730725	1.180987
0.061677	1.728435	1.181860
0.061763	1.726143	1.182737
0.061849	1.723849	1.183617
0.061935	1.721553	1.184500
0.062022	1.719254	1.185387
0.062109	1.716953	1.186276
0.062196	1.714649	1.187169
0.062284	1.712344	1.188065
0.062372	1.710036	1.188965
0.062461	1.707726	1.189868
0.062549	1.705414	1.190774
0.062638	1.703099	1.191683
0.062728	1.700782	1.192595
0.062818	1.698464	1.193511
0.062908	1.696143	1.194430
0.062998	1.693819	1.195353
0.063089	1.691494	1.196279
0.063180	1.689167	1.197208
0.063271	1.686837	1.198140
0.063363	1.684506	1.199076
0.063455	1.682172	1.200015
0.063548	1.679837	1.200958
0.063641	1.677499	1.201904
0.063734	1.675159	1.202853
0.063827	1.672817	1.203806
0.063921	1.670474	1.204762
0.064015	1.668128	1.205722
0.064110	1.665780	1.206685
0.064205	1.663431	1.207651
0.064300	1.661079	1.208621
0.064396	1.658725	1.209594
0.064492	1.656370	1.210571
0.064588	1.654013	1.211551
0.064685	1.651653	1.212535
0.064782	1.649292	1.213522
0.064880	1.646929	1.214512
0.064978	1.644565	1.215507
0.065076	1.642198	1.216504
0.065175	1.639830	1.217505
0.065274	1.637460	1.218510
0.065373	1.635088	1.219518
0.065473	1.632714	1.220530
0.065573	1.630338	1.221545
0.065673	1.627961	1.222564
0.065774	1.625582	1.223587
0.065875	1.623201	1.224613
0.065977	1.620819	1.225643
0.066079	1.618435	1.226676
0.066182	1.616049	1.227713
0.066284	1.613662	1.228753
0.066388	1.611273	1.229797
0.066491	1.608882	1.230845
0.066595	1.606490	1.231897
0.066699	1.604096	1.232952
0.066804	1.601701	1.234011
0.066909	1.599304	1.235073
0.067015	1.596906	1.236139
0.067121	1.594506	1.237209
0.067227	1.592104	1.238283
0.067334	1.589701	1.239360
0.067441	1.587296	1.240441
0.067549	1.584890	1.241526
0.067657	1.582483	1.242615
0.067765	1.580074	1.243707
0.067874	1.577664	1.244803
0.067983	1.575252	1.245903
0.068093	1.572839	1.247007
0.068203	1.570424	1.248114
0.068313	1.568008	1.249225
0.068424	1.565591	1.250341
0.068535	1.563172	1.251460
0.068647	1.560752	1.252582
0.068759	1.558331	1.253709
0.068872	1.555908	1.254840
0.068985	1.553484	1.255974
0.069098	1.551059	1.257112
0.069212	1.548633	1.258255
0.069326	1.546205	1.259401
0.069441	1.543776	1.260551
0.069556	1.541346	1.261705
0.069672	1.538915	1.262863
0.069788	1.536482	1.264025
0.069904	1.534049	1.265191
0.070021	1.531614	1.266361
0.070139	1.529178	1.267535
0.070256	1.526741	1.268713
0.070375	1.524303	1.269895
0.070493	1.521863	1.271081
0.070612	1.519423	1.272271
0.070732	1.516982	1.273465
0.070852	1.514539	1.274663
0.070973	1.512095	1.275865
0.071094	1.509651	1.277071
0.071215	1.507205	1.278282
0.071337	1.504759	1.279496
0.071459	1.502311	1.280715
0.071582	1.499863	1.281938
0.071706	1.497413	1.283165
0.071829	1.494963	1.284396
0.071954	1.492511	1.285631
0.072078	1.490059	1.286871
0.072203	1.487606	1.288114
0.072329	1.485152	1.289362
0.072455	1.482697	1.290614
0.072582	1.480241	1.291871
0.072709	1.477785	1.293131
0.072837	1.475327	1.294396
0.072965	1.472869	1.295665
0.073093	1.470410	1.296939
0.073223	1.467950	1.298216
0.073352	1.465489	1.299498
0.073482	1.463028	1.300785
0.073613	1.460566	1.302075
0.073744	1.458103	1.303370
0.073875	1.455640	1.304670
0.074008	1.453176	1.305974
0.074140	1.450711	1.307282
0.074273	1.448245	1.308594
0.074407	1.445779	1.309911
0.074541	1.443312	1.311233
0.074676	1.440845	1.312559
0.074811	1.438377	1.313889
0.074946	1.435908	1.315224
0.075083	1.433439	1.316563
0.075219	1.430969	1.317907
0.075357	1.428499	1.319255
0.075494	1.426028	1.320608
0.075633	1.423556	1.321966
0.075772	1.421085	1.323328
0.075911	1.418612	1.324694
0.076051	1.416139	1.326065
0.076191	1.413666	1.327441
0.076332	1.411192	1.328821
0.076474	1.408718	1.330206
0.076616	1.406243	1.331596
0.076759	1.403768	1.332990
0.076902	1.401293	1.334389
0.077046	1.398817	1.335792
0.077190	1.396341	1.337201
0.077335	1.393864	1.338614
0.077480	1.391387	1.340032
0.077626	1.388910	1.341454
0.077773	1.386433	1.342881
0.077920	1.383955	1.344313
0.078068	1.381477	1.345750
0.078216	1.378999	1.347192
0.078365	1.376520	1.348638
0.078514	1.374041	1.350089
0.078664	1.371562	1.351545
0.078815	1.369083	1.353006
0.078966	1.366604	1.354472
0.079118	1.364124	1.355943
0.079270	1.361644	1.357419
0.079423	1.359164	1.358899
0.079577	1.356684	1.360385
0.079731	1.354204	1.361875
0.079886	1.351724	1.363371
0.080041	1.349243	1.364871
0.080197	1.346763	1.366377
0.080354	1.344282	1.367887
0.080511	1.341802	1.369403
0.080669	1.339321	1.370923
0.080827	1.336841	1.372449
0.080986	1.334360	1.373980
0.081146	1.331879	1.375516
0.081306	1.329399	1.377057
0.081467	1.326918	1.378603
0.081629	1.324438	1.380154
0.081791	1.321957	1.381711
0.081954	1.319477	1.383272
0.082117	1.316996	1.384839
0.082281	1.314516	1.386411
0.082446	1.312036	1.387989
0.082611	1.309556	1.389571
0.082778	1.307076	1.391159
0.082944	1.304597	1.392752
0.083112	1.302117	1.394351
0.083280	1.299638	1.395954
0.083448	1.297159	1.397564
0.083618	1.294680	1.399178
0.083788	1.292201	1.400798
0.083958	1.289723	1.402423
0.084130	1.287244	1.404054
0.084302	1.284767	1.405690
0.084475	1.282289	1.407332
0.084648	1.279812	1.408979
0.084822	1.277335	1.410631
0.084997	1.274858	1.412289
0.085173	1.272382	1.413953
0.085349	1.269906	1.415622
0.085526	1.267430	1.417297
0.085703	1.264955	1.418977
0.085882	1.262480	1.420663
0.086061	1.260005	1.422354
0.086240	1.257531	1.424052
0.086421	1.255058	1.425754
0.086602	1.252585	1.427463
0.086784	1.250112	1.429177
0.086966	1.247640	1.430897
0.087150	1.245168	1.432623
0.087334	1.242697	1.434354
0.087519	1.240226	1.436091
0.087704	1.237756	1.437834
0.087891	1.235286	1.439583
0.088078	1.232817	1.441338
0.088265	1.230349	1.443098
0.088454	1.227881	1.444865
0.088643	1.225413	1.446637
0.088833	1.222947	1.448415
0.089024	1.220480	1.450199
0.089216	1.218015	1.451989
0.089408	1.215550	1.453785
0.089601	1.213086	1.455587
0.089795	1.210623	1.457395
0.089990	1.208160	1.459209
0.090185	1.205698	1.461030
0.090382	1.203236	1.462856
0.090579	1.200776	1.464688
0.090777	1.198316	1.466527
0.090975	1.195857	1.468371
0.091175	1.193398	1.470222
0.091375	1.190941	1.472079
0.091576	1.188484	1.473942
0.091778	1.186028	1.475812
0.091981	1.183573	1.477688
0.092184	1.181118	1.479570
0.092389	1.178665	1.481458
0.092594	1.176212	1.483353
0.092800	1.173761	1.485253
0.093007	1.171310	1.487161
0.093215	1.168860	1.489075
0.093423	1.166411	1.490995
0.093633	1.163963	1.492921
0.093843	1.161516	1.494854
0.094054	1.159070	1.496794
0.094266	1.156624	1.498740
0.094479	1.154180	1.500692
0.094693	1.151737	1.502651
0.094907	1.149295	1.504617
0.095123	1.146853	1.506589
0.095339	1.144413	1.508568
0.095556	1.141974	1.510554
0.095774	1.139536	1.512546
0.095994	1.137099	1.514545
0.096213	1.134663	1.516551
0.096434	1.132228	1.518563
0.096656	1.129794	1.520582
0.096879	1.127362	1.522608
0.097102	1.124930	1.524641
0.097327	1.122500	1.526681
0.097552	1.120071	1.528727
0.097779	1.117643	1.530780
0.098006	1.115216	1.532841
0.098234	1.112790	1.534908
0.098464	1.110366	1.536982
0.098694	1.107943	1.539063
0.098925	1.105521	1.541151
0.099157	1.103100	1.543247
0.099390	1.100681	1.545349
0.099624	1.098263	1.547458
0.099859	1.095846	1.549575
0.100095	1.093430	1.551699
0.100332	1.091016	1.553830
0.100570	1.088603	1.555968
0.100809	1.086191	1.558113
0.101049	1.083781	1.560266
0.101289	1.081372	1.562425
0.101531	1.078965	1.564593
0.101774	1.076559	1.566767
0.102018	1.074154	1.568949
0.102263	1.071751	1.571138
0.102509	1.069349	1.573335
0.102756	1.066948	1.575539
0.103004	1.064549	1.577751
0.103253	1.062152	1.579970
0.103504	1.059756	1.582196
0.103755	1.057361	1.584431
0.104007	1.054968	1.586673
0.104260	1.052576	1.588922
0.104515	1.050186	1.591179
0.104770	1.047798	1.593444
0.105027	1.045411	1.595716
0.105284	1.043025	1.597996
0.105543	1.040641	1.600284
0.105803	1.038259	1.602580
0.106064	1.035878	1.604884
0.106326	1.033499	1.607195
0.106589	1.031122	1.609514
0.106853	1.028746	1.611842
0.107119	1.026372	1.614177
0.107385	1.023999	1.616520
0.107653	1.021628	1.618871
0.107921	1.019259	1.621230
0.108191	1.016892	1.623598
0.108462	1.014526	1.625973
0.108735	1.012162	1.628356
0.109008	1.009799	1.630748
0.109283	1.007439	1.633148
0.109558	1.005080	1.635556
0.109835	1.002723	1.637972
0.110113	1.000367	1.640397
0.110393	0.998014	1.642830
0.110673	0.995662	1.645271
0.110955	0.993312	1.647721
0.111238	0.990964	1.650179
0.111522	0.988617	1.652645
0.111807	0.986273	1.655120
0.112094	0.983930	1.657604
0.112382	0.981589	1.660096
0.112671	0.979250	1.662596
0.112961	0.976913	1.665106
0.113252	0.974578	1.667623
0.113545	0.972245	1.670150
0.113839	0.969914	1.672685
0.114135	0.967584	1.675229
0.114431	0.965257	1.677782
0.114729	0.962931	1.680344
0.115028	0.960608	1.682914
0.115329	0.958286	1.685494
0.115631	0.955966	1.688082
0.115934	0.953649	1.690679
0.116238	0.951333	1.693286
0.116544	0.949020	1.695901
0.116851	0.946708	1.698525
0.117160	0.944399	1.701159
0.117470	0.942091	1.703802
0.117781	0.939786	1.706453
0.118093	0.937483	1.709115
0.118407	0.935181	1.711785
0.118722	0.932882	1.714464
0.119039	0.930585	1.717153
0.119357	0.928290	1.719852
0.119677	0.925998	1.722559
0.119997	0.923707	1.725276
0.120320	0.921419	1.728003
0.120643	0.919132	1.730739
0.120968	0.916848	1.733485
0.121295	0.914566	1.736240
0.121623	0.912286	1.739005
0.121952	0.910009	1.741779
0.122283	0.907733	1.744564
0.122616	0.905460	1.747358
0.122949	0.903189	1.750162
0.123285	0.900921	1.752975
0.123621	0.898654	1.755799
0.123960	0.896390	1.758632
0.124300	0.894129	1.761475
0.124641	0.891869	1.764329
0.124984	0.889612	1.767192
0.125328	0.887357	1.770066
0.125674	0.885104	1.772949
0.126021	0.882854	1.775843
0.126370	0.880606	1.778747
0.126721	0.878360	1.781661
0.127073	0.876117	1.784586
0.127427	0.873876	1.787520
0.127782	0.871638	1.790465
0.128139	0.869402	1.793421
0.128497	0.867168	1.796387
0.128857	0.864937	1.799364
0.129219	0.862708	1.802351
0.129582	0.860481	1.805348
0.129947	0.858257	1.808357
0.130314	0.856036	1.811375
0.130682	0.853817	1.814405
0.131052	0.851600	1.817445
0.131424	0.849386	1.820497
0.131797	0.847174	1.823559
0.132172	0.844965	1.826632
0.132549	0.842758	1.829716
0.132927	0.840554	1.832811
0.133307	0.838353	1.835917
0.133689	0.836154	1.839034
0.134072	0.833957	1.842162
0.134458	0.831763	1.845301
0.134845	0.829572	1.848452
0.135234	0.827383	1.851613
0.135624	0.825197	1.854787
0.136017	0.823013	1.857971
0.136411	0.820832	1.861167
0.136807	0.818654	1.864374
0.137204	0.816478	1.867593
0.137604	0.814305	1.870824
0.138006	0.812135	1.874066
0.138409	0.809967	1.877320
0.138814	0.807802	1.880585
0.139221	0.805639	1.883862
0.139630	0.803479	1.887151
0.140041	0.801322	1.890452
0.140453	0.799168	1.893765
0.140868	0.797016	1.897090
0.141284	0.794867	1.900426
0.141703	0.792721	1.903775
0.142123	0.790577	1.907136
0.142545	0.788436	1.910509
0.142970	0.786298	1.913895
0.143396	0.784163	1.917292
0.143824	0.782031	1.920702
0.144254	0.779901	1.924125
0.144686	0.777774	1.927559
0.145120	0.775650	1.931007
0.145557	0.773529	1.934466
0.145995	0.771410	1.937939
0.146435	0.769294	1.941424
0.146877	0.767182	1.944922
0.147322	0.765072	1.948432
0.147768	0.762964	1.951956
0.148217	0.760860	1.955492
0.148668	0.758759	1.959041
0.149120	0.756660	1.962603
0.149575	0.754565	1.966178
0.150032	0.752472	1.969767
0.150492	0.750382	1.973368
0.150953	0.748295	1.976983
0.151417	0.746211	1.980611
0.151882	0.744130	1.984252
0.152350	0.742052	1.987907
0.152820	0.739977	1.991575
0.153293	0.737904	1.995257
0.153767	0.735835	1.998952
0.154244	0.733769	2.002661
0.154723	0.731705	2.006384
0.155205	0.729645	2.010120
0.155688	0.727588	2.013870
0.156174	0.725533	2.017634
0.156662	0.723482	2.021412
0.157153	0.721434	2.025204
0.157646	0.719388	2.029010
0.158141	0.717346	2.032831
0.158639	0.715307	2.036665
0.159139	0.713271	2.040514
0.159641	0.711238	2.044377
0.160146	0.709208	2.048254
0.160653	0.707181	2.052146
0.161163	0.705157	2.056052
0.161675	0.703136	2.059973
0.162190	0.701118	2.063909
0.162707	0.699104	2.067859
0.163226	0.697092	2.071824
0.163748	0.695084	2.075804
0.164273	0.693079	2.079799
0.164800	0.691077	2.083809
0.165330	0.689078	2.087834
0.165862	0.687082	2.091874
0.166397	0.685090	2.095929
0.166934	0.683100	2.100000
0.167474	0.681114	2.104086
0.168016	0.679131	2.108187
0.168562	0.677151	2.112304
0.169110	0.675174	2.116436
0.169660	0.673201	2.120584
0.170213	0.671230	2.124747
0.170769	0.669263	2.128927
0.171328	0.667300	2.133122
0.171889	0.665339	2.137333
0.172453	0.663382	2.141560
0.173020	0.661428	2.145803
0.173590	0.659477	2.150062
0.174162	0.657529	2.154337
0.174737	0.655585	2.158629
0.175315	0.653644	2.162937
0.175896	0.651706	2.167262
0.176480	0.649772	2.171603
0.177066	0.647840	2.175960
0.177656	0.645913	2.180334
0.178248	0.643988	2.184725
0.178843	0.642067	2.189133
0.179442	0.640149	2.193558
0.180043	0.638234	2.197999
0.180647	0.636323	2.202458
0.181254	0.634415	2.206934
0.181864	0.632511	2.211427
0.182477	0.630609	2.215937
0.183093	0.628712	2.220465
0.183713	0.626817	2.225010
0.184335	0.624926	2.229573
0.184961	0.623038	2.234153
0.185589	0.621154	2.238751
0.186221	0.619273	2.243367
0.186856	0.617396	2.248001
0.187494	0.615522	2.252652
0.188135	0.613651	2.257322
0.188779	0.611784	2.262010
0.189427	0.609920	2.266716
0.190078	0.608060	2.271440
0.190732	0.606203	2.276183
0.191389	0.604349	2.280944
0.192050	0.602499	2.285724
0.192714	0.600653	2.290523
0.193381	0.598810	2.295340
0.194052	0.596970	2.300176
0.194726	0.595134	2.305031
0.195403	0.593301	2.309905
0.196084	0.591472	2.314798
0.196769	0.589647	2.319710
0.197457	0.587824	2.324642
0.198148	0.586006	2.329593
0.198843	0.584191	2.334563
0.199541	0.582379	2.339553
0.200243	0.580571	2.344563
0.200948	0.578766	2.349593
0.201657	0.576965	2.354642
0.202370	0.575168	2.359711
0.203086	0.573374	2.364801
0.203806	0.571584	2.369910
0.204529	0.569797	2.375040
0.205257	0.568014	2.380190
0.205988	0.566234	2.385361
0.206722	0.564458	2.390552
0.207461	0.562685	2.395764
0.208203	0.560917	2.400996
0.208949	0.559151	2.406250
0.209699	0.557390	2.411524
0.210452	0.555632	2.416819
0.211210	0.553877	2.422136
0.211971	0.552126	2.427474
0.212737	0.550379	2.432833
0.213506	0.548635	2.438214
0.214279	0.546895	2.443616
0.215057	0.545159	2.449040
0.215838	0.543426	2.454486
0.216623	0.541697	2.459954
0.217413	0.539972	2.465444
0.218206	0.538250	2.470955
0.219004	0.536532	2.476490
0.219805	0.534818	2.482046
0.220611	0.533107	2.487625
0.221421	0.531400	2.493226
0.222235	0.529697	2.498851
0.223054	0.527997	2.504498
0.223877	0.526301	2.510168
0.224704	0.524609	2.515860
0.225535	0.522920	2.521577
0.226371	0.521235	2.527316
0.227211	0.519554	2.533079
0.228055	0.517877	2.538865
0.228904	0.516203	2.544675
0.229757	0.514533	2.550508
0.230615	0.512867	2.556366
0.231477	0.511204	2.562247
0.232344	0.509545	2.568153
0.233215	0.507890	2.574082
0.234091	0.506239	2.580037
0.234972	0.504592	2.586015
0.235857	0.502948	2.592018
0.236746	0.501308	2.598046
0.237641	0.499672	2.604099
0.238540	0.498039	2.610176
0.239444	0.496410	2.616279
0.240353	0.494786	2.622407
0.241266	0.493164	2.628561
0.242184	0.491547	2.634739
0.243108	0.489934	2.640944
0.244036	0.488324	2.647174
0.244969	0.486718	2.653430
0.245907	0.485116	2.659712
0.246849	0.483518	2.666021
0.247797	0.481923	2.672355
0.248750	0.480333	2.678716
0.249708	0.478746	2.685104
0.250671	0.477163	2.691518
0.251640	0.475584	2.697959
0.252613	0.474008	2.704427
0.253592	0.472437	2.710922
0.254576	0.470869	2.717444
0.255565	0.469305	2.723994
0.256559	0.467745	2.730571
0.257559	0.466189	2.737176
0.258564	0.464637	2.743809
0.259574	0.463089	2.750470
0.260590	0.461544	2.757159
0.261611	0.460004	2.763876
0.262638	0.458467	2.770621
0.263670	0.456934	2.777396
0.264708	0.455405	2.784198
0.265752	0.453880	2.791030
0.266801	0.452359	2.797891
0.267855	0.450842	2.804781
0.268916	0.449329	2.811700
0.269982	0.447819	2.818649
0.271054	0.446314	2.825627
0.272131	0.444812	2.832635
0.273215	0.443314	2.839673
0.274304	0.441820	2.846741
0.275399	0.440331	2.853840
0.276500	0.438845	2.860969
0.277608	0.437363	2.868128
0.278721	0.435884	2.875318
0.279840	0.434410	2.882539
0.280965	0.432940	2.889791
0.282096	0.431474	2.897075
0.283234	0.430012	2.904390
0.284378	0.428553	2.911736
0.285527	0.427099	2.919114
0.286684	0.425648	2.926525
0.287846	0.424202	2.933967
0.289015	0.422759	2.941441
0.290190	0.421321	2.948948
0.291372	0.419886	2.956488
0.292560	0.418456	2.964060
0.293754	0.417029	2.971665
0.294955	0.415606	2.979304
0.296163	0.414188	2.986975
0.297377	0.412773	2.994681
0.298598	0.411362	3.002420
0.299826	0.409956	3.010192
0.301060	0.408553	3.017999
0.302301	0.407154	3.025840
0.303549	0.405759	3.033716
0.304804	0.404369	3.041626
0.306065	0.402982	3.049571
0.307334	0.401599	3.057551
0.308609	0.400221	3.065566
0.309892	0.398846	3.073616
0.311181	0.397476	3.081703
0.312478	0.396109	3.089824
0.313782	0.394747	3.097982
0.315093	0.393388	3.106176
0.316411	0.392034	3.114406
0.317737	0.390683	3.122673
0.319070	0.389337	3.130977
0.320410	0.387994	3.139317
0.321758	0.386656	3.147695
0.323113	0.385322	3.156110
0.324475	0.383992	3.164563
0.325846	0.382666	3.173053
0.327223	0.381344	3.181582
0.328609	0.380026	3.190149
0.330002	0.378712	3.198754
0.331402	0.377402	3.207397
0.332811	0.376096	3.216080
0.334227	0.374794	3.224802
0.335651	0.373497	3.233562
0.337083	0.372203	3.242363
0.338523	0.370914	3.251203
0.339971	0.369628	3.260083
0.341428	0.368347	3.269003
0.342892	0.367070	3.277964
0.344364	0.365797	3.286965
0.345844	0.364528	3.296007
0.347333	0.363263	3.305091
0.348830	0.362002	3.314215
0.350336	0.360745	3.323381
0.351849	0.359493	3.332589
0.353371	0.358244	3.341839
0.354902	0.357000	3.351131
0.356441	0.355760	3.360465
0.357989	0.354523	3.369842
0.359545	0.353292	3.379263
0.361110	0.352064	3.388726
0.362684	0.350840	3.398233
0.364267	0.349620	3.407784
0.365858	0.348405	3.417378
0.367458	0.347194	3.427017
0.369067	0.345986	3.436700
0.370686	0.344783	3.446428
0.372313	0.343585	3.456201
0.373949	0.342390	3.466019
0.375595	0.341199	3.475883
0.377249	0.340013	3.485792
0.378913	0.338831	3.495747
0.380586	0.337653	3.505749
0.382269	0.336479	3.515797
0.383961	0.335309	3.525892
0.385662	0.334144	3.536034
0.387373	0.332982	3.546223
0.389093	0.331825	3.556460
0.390823	0.330672	3.566745
0.392563	0.329523	3.577078
0.394313	0.328379	3.587459
0.396072	0.327238	3.597889
0.397841	0.326102	3.608368
0.399620	0.324970	3.618897
0.401409	0.323842	3.629475
0.403208	0.322719	3.640102
0.405017	0.321599	3.650780
0.406836	0.320484	3.661509
0.408665	0.319373	3.672288
0.410504	0.318266	3.683118
0.412354	0.317164	3.693999
0.414214	0.316065	3.704933
0.416085	0.314971	3.715918
0.417965	0.313882	3.726955
0.419857	0.312796	3.738045
0.421759	0.311715	3.749187
0.423671	0.310637	3.760383
0.425594	0.309565	3.771632
0.427528	0.308496	3.782935
0.429473	0.307432	3.794292
0.431429	0.306372	3.805704
0.433395	0.305316	3.817170
0.435373	0.304264	3.828692
0.437361	0.303217	3.840268
0.439360	0.302174	3.851901
0.441371	0.301135	3.863589
0.443393	0.300101	3.875334
0.445426	0.299071	3.887135
0.447470	0.298045	3.898994
0.449526	0.297023	3.910910
0.451593	0.296006	3.922883
0.453672	0.294993	3.934915
0.455762	0.293984	3.947005
0.457864	0.292980	3.959154
0.459977	0.291980	3.971362
0.462102	0.290984	3.983629
0.464239	0.289993	3.995956
0.466388	0.289006	4.008343
0.468548	0.288023	4.020791
0.470721	0.287045	4.033300
0.472905	0.286071	4.045870
0.475102	0.285101	4.058501
0.477310	0.284136	4.071195
0.479531	0.283175	4.083951
0.481764	0.282218	4.096769
0.484010	0.281266	4.109651
0.486267	0.280318	4.122596
0.488538	0.279375	4.135605
0.490820	0.278436	4.148678
0.493115	0.277501	4.161816
0.495423	0.276571	4.175019
0.497743	0.275645	4.188287
0.500076	0.274723	4.201621
0.502422	0.273806	4.215022
0.504780	0.272894	4.228489
0.507152	0.271985	4.242022
0.509536	0.271082	4.255624
0.511933	0.270182	4.269293
0.514344	0.269287	4.283030
0.516767	0.268397	4.296836
0.519204	0.267511	4.310711
0.521653	0.266629	4.324656
0.524116	0.265752	4.338670
0.526593	0.264880	4.352755
0.529082	0.264011	4.366910
0.531585	0.263148	4.381137
0.534102	0.262289	4.395435
0.536632	0.261434	4.409806
0.539175	0.260584	4.424249
0.541733	0.259738	4.438764
0.544303	0.258897	4.453354
0.546888	0.258061	4.468016
0.549486	0.257229	4.482754
0.552099	0.256401	4.497566
0.554725	0.255578	4.512453
0.557365	0.254760	4.527416
0.560019	0.253946	4.542455
0.562687	0.253137	4.557570
0.565369	0.252333	4.572763
0.568065	0.251533	4.588033
0.570776	0.250737	4.603381
0.573500	0.249946	4.618807
0.576239	0.249160	4.634313
0.578993	0.248379	4.649898
0.581760	0.247602	4.665563
0.584542	0.246830	4.681308
0.587339	0.246062	4.697134
0.590149	0.245299	4.713042
0.592975	0.244541	4.729031
0.595815	0.243788	4.745103
0.598670	0.243039	4.761258
0.601539	0.242295	4.777497
0.604423	0.241556	4.793819
0.607321	0.240821	4.810226
0.610235	0.240091	4.826718
0.613163	0.239366	4.843295
0.616106	0.238646	4.859959
0.619064	0.237930	4.876709
0.622037	0.237220	4.893546
0.625024	0.236514	4.910471
0.628027	0.235813	4.927484
0.631045	0.235116	4.944586
0.634077	0.234425	4.961777
0.637125	0.233739	4.979058
0.640188	0.233057	4.996429
0.643266	0.232380	5.013892
0.646359	0.231708	5.031446
0.649467	0.231041	5.049092
0.652590	0.230379	5.066831
0.655728	0.229722	5.084663
0.658882	0.229070	5.102588
0.662051	0.228423	5.120609
0.665235	0.227781	5.138724
0.668434	0.227144	5.156935
0.671648	0.226512	5.175242
0.674878	0.225885	5.193646
0.678123	0.225263	5.212148
0.681383	0.224646	5.230747
0.684659	0.224035	5.249445
0.687950	0.223428	5.268243
0.691256	0.222827	5.287140
0.694577	0.222230	5.306138
0.697914	0.221639	5.325236
0.701265	0.221053	5.344437
0.704633	0.220473	5.363740
0.708015	0.219897	5.383146
0.711412	0.219327	5.402656
0.714825	0.218762	5.422270
0.718253	0.218202	5.441988
0.721696	0.217648	5.461813
0.725155	0.217099	5.481744
0.728628	0.216555	5.501782
0.732116	0.216017	5.521927
0.735620	0.215484	5.542181
0.739139	0.214957	5.562543
0.742672	0.214435	5.583015
0.746221	0.213919	5.603598
0.749784	0.213408	5.624292
0.753363	0.212903	5.645097
0.756956	0.212403	5.666015
0.760564	0.211909	5.687045
0.764187	0.211420	5.708190
0.767825	0.210937	5.729449
0.771477	0.210460	5.750824
0.775143	0.209989	5.772314
0.778825	0.209523	5.793921
0.782520	0.209063	5.815645
0.786230	0.208609	5.837488
0.789955	0.208161	5.859449
0.793693	0.207718	5.881530
0.797446	0.207282	5.903732
0.801213	0.206851	5.926054
0.804993	0.206427	5.948499
0.808788	0.206008	5.971066
0.812596	0.205596	5.993756
0.816418	0.205189	6.016571
0.820254	0.204789	6.039510
0.824103	0.204395	6.062575
0.827965	0.204007	6.085767
0.831841	0.203626	6.109086
0.835730	0.203250	6.132533
0.839631	0.202881	6.156109
0.843546	0.202519	6.179814
0.847473	0.202162	6.203650
0.851413	0.201813	6.227617
0.855365	0.201469	6.251717
0.859330	0.201133	6.275949
0.863306	0.200803	6.300315
0.867295	0.200479	6.324815
0.871295	0.200163	6.349451
0.875307	0.199853	6.374223
0.879331	0.199550	6.399132
0.883366	0.199253	6.424179
0.887411	0.198964	6.449365
0.891468	0.198682	6.474690
0.895535	0.198407	6.500156
0.899613	0.198138	6.525763
0.903701	0.197877	6.551512
0.907799	0.197623	6.577404
0.911907	0.197377	6.603440
0.916025	0.197138	6.629621
0.920152	0.196906	6.655948
0.924288	0.196682	6.682421
0.928433	0.196465	6.709042
0.932587	0.196256	6.735811
0.936749	0.196054	6.762729
0.940919	0.195860	6.789798
0.945097	0.195674	6.817017
0.949282	0.195496	6.844389
0.953475	0.195326	6.871913
0.957674	0.195164	6.899591
0.961881	0.195011	6.927424
0.966093	0.194865	6.955413
0.970312	0.194728	6.983559
0.974536	0.194599	7.011862
0.978766	0.194478	7.040323
0.983000	0.194366	7.068944
0.987240	0.194263	7.097725
0.991484	0.194169	7.126668
0.995731	0.194083	7.155773
0.999982	0.194007	7.185041
1.004237	0.193939	7.214474
1.008494	0.193881	7.244072
1.012754	0.193832	7.273836
1.017015	0.193792	7.303767
1.021278	0.193762	7.333867
1.025543	0.193741	7.364135
1.029808	0.193731	7.394574
1.034073	0.193730	7.425184
1.038338	0.193739	7.455966
1.042603	0.193758	7.486921
1.046866	0.193787	7.518050
1.051128	0.193827	7.549355
1.055387	0.193877	7.580835
1.059644	0.193938	7.612493
1.063898	0.194009	7.644329
1.068149	0.194092	7.676345
1.072395	0.194185	7.708540
1.076637	0.194290	7.740917
1.080873	0.194406	7.773476
1.085103	0.194534	7.806218
1.089327	0.194673	7.839145
1.093545	0.194824	7.872257
1.097754	0.194987	7.905556
1.101956	0.195163	7.939042
1.106148	0.195351	7.972716
1.110332	0.195551	8.006581
1.114505	0.195764	8.040635
1.118668	0.195990	8.074882
1.122819	0.196230	8.109321
1.126959	0.196482	8.143954
1.131085	0.196748	8.178782
1.135199	0.197028	8.213806
1.139298	0.197322	8.249026
1.143383	0.197631	8.284445
1.147452	0.197953	8.320063
1.151505	0.198291	8.355881
1.155541	0.198643	8.391900
1.159559	0.199011	8.428121
1.163559	0.199394	8.464546
1.167539	0.199793	8.501175
1.171500	0.200207	8.538009
1.175439	0.200638	8.575050
1.179357	0.201086	8.612299
1.183253	0.201550	8.649756
1.187125	0.202032	8.687423
1.190973	0.202531	8.725301
1.194796	0.203048	8.763390
1.198593	0.203582	8.801693
1.202364	0.204136	8.840209
1.206107	0.204708	8.878940
1.209821	0.205299	8.917888
1.213506	0.205910	8.957052
1.217160	0.206540	8.996435
1.220783	0.207191	9.036037
1.224374	0.207863	9.075859
1.227932	0.208555	9.115903
1.231455	0.209269	9.156169
1.234943	0.210005	9.196658
1.238395	0.210763	9.237371
1.241811	0.211544	9.278311
1.245187	0.212348	9.319476
1.248525	0.213176	9.360869
1.251823	0.214029	9.402491
1.255079	0.214906	9.444342
1.258293	0.215808	9.486424
1.261464	0.216736	9.528737
1.264590	0.217690	9.571283
1.267671	0.218671	9.614062
1.270706	0.219680	9.657076
1.273693	0.220717	9.700326
1.276631	0.221782	9.743812
1.279519	0.222877	9.787535
1.282356	0.224002	9.831497
1.285142	0.225158	9.875698
1.287874	0.226345	9.920139
1.290552	0.227564	9.964822
1.293174	0.228816	10.009746
1.295740	0.230102	10.054914
1.298249	0.231422	10.100326
1.300698	0.232777	10.145982
1.303087	0.234168	10.191884
1.305415	0.235596	10.238033
1.307681	0.237062	10.284429
1.309884	0.238567	10.331074
1.312021	0.240112	10.377967
1.314093	0.241697	10.425111
1.316098	0.243323	10.472505
1.318034	0.244993	10.520151
1.319901	0.246706	10.568049
1.321698	0.248464	10.616200
1.323423	0.250267	10.664605
1.325075	0.252119	10.713265
1.326653	0.254018	10.762179
1.328156	0.255967	10.811350
1.329582	0.257967	10.860777
1.330931	0.260019	10.910462
1.332201	0.262125	10.960405
1.333391	0.264286	11.010606
1.334501	0.266504	11.061066
1.335528	0.268780	11.111786
1.336471	0.271115	11.162767
1.337331	0.273511	11.214008
1.338105	0.275971	11.265510
1.338792	0.278495	11.317275
1.339392	0.281085	11.369302
1.339903	0.283744	11.421591
1.340324	0.286473	11.474144
1.340654	0.289275	11.526960
1.340892	0.292150	11.580040
1.341038	0.295102	11.633385
1.341089	0.298132	11.686994
1.341045	0.301244	11.740868
1.340906	0.304438	11.795007
1.340670	0.307718	11.849412
1.340336	0.311086	11.904082
1.339903	0.314544	11.959018
1.339371	0.318096	12.014219
1.338739	0.321744	12.069687
1.338005	0.325492	12.125421
1.337169	0.329340	12.181420
1.336231	0.333294	12.237686
1.335189	0.337357	12.294217
1.334043	0.341530	12.351015
1.332792	0.345819	12.408078
1.331435	0.350226	12.465407
1.329973	0.354755	12.523001
1.328403	0.359409	12.580861
1.326727	0.364194	12.638985
1.324943	0.369112	12.697374
1.323050	0.374168	12.756027
1.321050	0.379366	12.814943
1.318940	0.384712	12.874123
1.316721	0.390208	12.933566
1.314393	0.395861	12.993271
1.311955	0.401674	13.053237
1.309407	0.407654	13.113465
1.306749	0.413806	13.173952
1.303982	0.420134	13.234699
1.301104	0.426646	13.295705
1.298117	0.433345	13.356968
1.295020	0.440240	13.418488
1.291813	0.447335	13.480264
1.288497	0.454638	13.542295
1.285072	0.462155	13.604579
1.281538	0.469893	13.667116
1.277896	0.477859	13.729905
1.274146	0.486060	13.792943
1.270290	0.494504	13.856230
1.266327	0.503200	13.919764
1.262259	0.512154	13.983544
1.258085	0.521376	14.047568
1.253808	0.530873	14.111835
1.249428	0.540656	14.176342
1.244947	0.550732	14.241089
1.240365	0.561111	14.306073
1.235683	0.571803	14.371293
1.230904	0.582817	14.436746
1.226028	0.594164	14.502430
1.221057	0.605854	14.568344
1.215993	0.617898	14.634484
1.210838	0.630306	14.700850
1.205593	0.643089	14.767437
1.200260	0.656260	14.834245
1.194842	0.669828	14.901270
1.189340	0.683806	14.968510
1.183757	0.698206	15.035962
1.178095	0.713039	15.103624
1.172358	0.728318	15.171491
1.166546	0.744055	15.239563
1.160664	0.760262	15.307834
1.154714	0.776952	15.376303
1.148699	0.794137	15.444966
1.142623	0.811828	15.513819
1.136488	0.830039	15.582860
1.130298	0.848781	15.652085
1.124057	0.868065	15.721489
1.117767	0.887904	15.791070
1.111434	0.908308	15.860824
1.105061	0.929287	15.930746
1.098651	0.950852	16.000832
1.092210	0.973011	16.071079
1.085742	0.995774	16.141483
1.079250	1.019147	16.212038
1.072740	1.043138	16.282740
1.066217	1.067750	16.353586
1.059685	1.092989	16.424570
1.053150	1.118856	16.495687
1.046616	1.145352	16.566932
1.040090	1.172476	16.638301
1.033576	1.200223	16.709789
1.027080	1.228589	16.781390
1.020608	1.257565	16.853098
1.014165	1.287139	16.924909
1.007759	1.317299	16.996817
1.001394	1.348025	17.068816
0.995077	1.379298	17.140900
0.988815	1.411092	17.213064
0.982613	1.443380	17.285301
0.976479	1.476128	17.357605
0.970420	1.509299	17.429970
0.964440	1.542851	17.502390
0.958549	1.576738	17.574858
0.952752	1.610907	17.647367
0.947056	1.645302	17.719910
0.941469	1.679861	17.792482
0.935996	1.714516	17.865074
0.930646	1.749195	17.937679
0.925425	1.783818	18.010291
0.920341	1.818304	18.082902
0.915399	1.852563	18.155504
0.910608	1.886502	18.228090
0.905973	1.920024	18.300651
0.901501	1.953026	18.373181
0.897200	1.985402	18.445672
0.893075	2.017045	18.518114
0.889133	2.047842	18.590500
0.885379	2.077681	18.662821
0.881821	2.106447	18.735070
0.878463	2.134025	18.807236
0.875311	2.160302	18.879313
0.872370	2.185165	18.951290
0.869645	2.208506	19.023159
0.867141	2.230219	19.094911
0.864862	2.250201	19.166536
0.862812	2.268360	19.238025
0.860995	2.284605	19.309370
0.859413	2.298857	19.380560
0.858070	2.311043	19.451585
0.856967	2.321101	19.522437
0.856108	2.328980	19.593104
0.855493	2.334637	19.663578
0.855123	2.338044	19.733847
0.855000	2.339181	19.803903
0.855123	2.338044	19.873734
0.855493	2.334637	19.943330
0.856108	2.328980	20.012681
0.856967	2.321101	20.081777
0.858070	2.311043	20.150606
0.859413	2.298857	20.219157
0.860995	2.284605	20.287421
0.862812	2.268360	20.355386
0.864862	2.250201	20.423041
0.867141	2.230219	20.490375
0.869645	2.208506	20.557376
0.872370	2.185165	20.624035
0.875311	2.160302	20.690339
0.878463	2.134025	20.756277
0.881821	2.106447	20.821837
0.885379	2.077681	20.887009
0.889133	2.047842	20.951781
0.893075	2.017045	21.016140
0.897200	1.985402	21.080076
0.901501	1.953026	21.143577
0.905973	1.920024	21.206630
0.910608	1.886502	21.269226
0.915399	1.852563	21.331350
0.920341	1.818304	21.392993
0.925425	1.783818	21.454141
0.930646	1.749195	21.514784
0.935996	1.714516	21.574909
0.941469	1.679861	21.634504
0.947056	1.645302	21.693558
0.952752	1.610907	21.752059
0.958549	1.576738	21.809994
0.964440	1.542851	21.867353
0.970420	1.509299	21.924123
0.976479	1.476128	21.980292
0.982613	1.443380	22.035849
0.988815	1.411092	22.090782
0.995077	1.379298	22.145079
1.001394	1.348025	22.198729
1.007759	1.317299	22.251720
1.014165	1.287139	22.304040
1.020608	1.257565	22.355679
1.027080	1.228589	22.406623
1.033576	1.200223	22.456863
1.040090	1.172476	22.506387
1.046616	1.145352	22.555184
1.053150	1.118856	22.603242
1.059685	1.092989	22.650551
1.066217	1.067750	22.697100
1.072740	1.043138	22.742878
1.079250	1.019147	22.787874
1.085742	0.995774	22.832078
1.092210	0.973011	22.875479
1.098651	0.950852	22.918067
1.105061	0.929287	22.959831
1.111434	0.908308	23.000763
1.117767	0.887904	23.040852
1.124057	0.868065	23.080087
1.130298	0.848781	23.118460
1.136488	0.830039	23.155962
1.142623	0.811828	23.192582
1.148699	0.794137	23.228312
1.154714	0.776952	23.263143
1.160664	0.760262	23.297067
1.166546	0.744055	23.330074
1.172358	0.728318	23.362157
1.178095	0.713039	23.393307
1.183757	0.698206	23.423517
1.189340	0.683806	23.452778
1.194842	0.669828	23.481084
1.200260	0.656260	23.508427
1.205593	0.643089	23.534800
1.210838	0.630306	23.560196
1.215993	0.617898	23.584609
1.221057	0.605854	23.608032
1.226028	0.594164	23.630459
1.230904	0.582817	23.651885
1.235683	0.571803	23.672304
1.240365	0.561111	23.691710
1.244947	0.550732	23.710099
1.249428	0.540656	23.727466
1.253808	0.530873	23.743805
1.258085	0.521376	23.759114
1.262259	0.512154	23.773387
1.266327	0.503200	23.786621
1.270290	0.494504	23.798813
1.274146	0.486060	23.809960
1.277896	0.477859	23.820058
1.281538	0.469893	23.829104
1.285072	0.462155	23.837098
1.288497	0.454638	23.844036
1.291813	0.447335	23.849916
1.295020	0.440240	23.854738
1.298117	0.433345	23.858500
1.301104	0.426646	23.861201
1.303982	0.420134	23.862841
1.306749	0.413806	23.863418
1.309407	0.407654	23.862934
1.311955	0.401674	23.861388
1.314393	0.395861	23.858781
1.316721	0.390208	23.855114
1.318940	0.384712	23.850388
1.321050	0.379366	23.844604
1.323050	0.374168	23.837763
1.324943	0.369112	23.829869
1.326727	0.364194	23.820923
1.328403	0.359409	23.810928
1.329973	0.354755	23.799886
1.331435	0.350226	23.787800
1.332792	0.345819	23.774675
1.334043	0.341530	23.760513
1.335189	0.337357	23.745319
1.336231	0.333294	23.729096
1.337169	0.329340	23.711850
1.338005	0.325492	23.693584
1.338739	0.321744	23.674304
1.339371	0.318096	23.654015
1.339903	0.314544	23.632723
1.340336	0.311086	23.610433
1.340670	0.307718	23.587152
1.340906	0.304438	23.562884
1.341045	0.301244	23.537638
1.341089	0.298132	23.511419
1.341038	0.295102	23.484235
1.340892	0.292150	23.456092
1.340654	0.289275	23.426998
1.340324	0.286473	23.396961
1.339903	0.283744	23.365988
1.339392	0.281085	23.334088
1.338792	0.278495	23.301268
1.338105	0.275971	23.267536
1.337331	0.273511	23.232903
1.336471	0.271115	23.197375
1.335528	0.268780	23.160963
1.334501	0.266504	23.123674
1.333391	0.264286	23.085520
1.332201	0.262125	23.046508
1.330931	0.260019	23.006649
1.329582	0.257967	22.965952
1.328156	0.255967	22.924427
1.326653	0.254018	22.882085
1.325075	0.252119	22.838935
1.323423	0.250267	22.794987
1.321698	0.248464	22.750253
1.319901	0.246706	22.704742
1.318034	0.244993	22.658466
1.316098	0.243323	22.611435
1.314093	0.241697	22.563659
1.312021	0.240112	22.515151
1.309884	0.238567	22.465921
1.307681	0.237062	22.415979
1.305415	0.235596	22.365338
1.303087	0.234168	22.314008
1.300698	0.232777	22.262001
1.298249	0.231422	22.209329
1.295740	0.230102	22.156002
1.293174	0.228816	22.102032
1.290552	0.227564	22.047432
1.287874	0.226345	21.992211
1.285142	0.225158	21.936383
1.282356	0.224002	21.879958
1.279519	0.222877	21.822949
1.276631	0.221782	21.765367
1.273693	0.220717	21.707223
1.270706	0.219680	21.648530
1.267671	0.218671	21.589300
1.264590	0.217690	21.529543
1.261464	0.216736	21.469272
1.258293	0.215808	21.408498
1.255079	0.214906	21.347233
1.251823	0.214029	21.285490
1.248525	0.213176	21.223278
1.245187	0.212348	21.160611
1.241811	0.211544	21.097499
1.238395	0.210763	21.033954
1.234943	0.210005	20.969988
1.231455	0.209269	20.905612
1.227932	0.208555	20.840838
1.224374	0.207863	20.775676
1.220783	0.207191	20.710139
1.217160	0.206540	20.644238
1.213506	0.205910	20.577983
1.209821	0.205299	20.511386
1.206107	0.204708	20.444458
1.202364	0.204136	20.377209
1.198593	0.203582	20.309652
1.194796	0.203048	20.241796
1.190973	0.202531	20.173652
1.187125	0.202032	20.105232
1.183253	0.201550	20.036545
1.179357	0.201086	19.967602
1.175439	0.200638	19.898414
1.171500	0.200207	19.828991
1.167539	0.199793	19.759343
1.163559	0.199394	19.689480
1.159559	0.199011	19.619412
1.155541	0.198643	19.549149
1.151505	0.198291	19.478702
1.147452	0.197953	19.408079
1.143383	0.197631	19.337290
1.139298	0.197322	19.266345
1.135199	0.197028	19.195254
1.131085	0.196748	19.124025
1.126959	0.196482	19.052667
1.122819	0.196230	18.981191
1.118668	0.195990	18.909604
1.114505	0.195764	18.837915
1.110332	0.195551	18.766134
1.106148	0.195351	18.694269
1.101956	0.195163	18.622328
1.097754	0.194987	18.550320
1.093545	0.194824	18.478252
1.089327	0.194673	18.406134
1.085103	0.194534	18.333973
1.080873	0.194406	18.261777
1.076637	0.194290	18.189554
1.072395	0.194185	18.117311
1.068149	0.194092	18.045056
1.063898	0.194009	17.972797
1.059644	0.193938	17.900540
1.055387	0.193877	17.828293
1.051128	0.193827	17.756063
1.046866	0.193787	17.683857
1.042603	0.193758	17.611681
1.038338	0.193739	17.539543
1.034073	0.193730	17.467449
1.029808	0.193731	17.395406
1.025543	0.193741	17.323419
1.021278	0.193762	17.251495
1.017015	0.193792	17.179640
1.012754	0.193832	17.107860
1.008494	0.193881	17.036161
1.004237	0.193939	16.964549
0.999982	0.194007	16.893030
0.995731	0.194083	16.821608
0.991484	0.194169	16.750289
0.987240	0.194263	16.679080
0.983000	0.194366	16.607984
0.978766	0.194478	16.537006
0.974536	0.194599	16.466153
0.970312	0.194728	16.395429
0.966093	0.194865	16.324837
0.961881	0.195011	16.254384
0.957674	0.195164	16.184074
0.953475	0.195326	16.113911
0.949282	0.195496	16.043899
0.945097	0.195674	15.974043
0.940919	0.195860	15.904347
0.936749	0.196054	15.834814
0.932587	0.196256	15.765449
0.928433	0.196465	15.696256
0.924288	0.196682	15.627238
0.920152	0.196906	15.558399
0.916025	0.197138	15.489742
0.911907	0.197377	15.421271
0.907799	0.197623	15.352989
0.903701	0.197877	15.284900
0.899613	0.198138	15.217007
0.895535	0.198407	15.149312
0.891468	0.198682	15.081818
0.887411	0.198964	15.014530
0.883366	0.199253	14.947448
0.879331	0.199550	14.880577
0.875307	0.199853	14.813919
0.871295	0.200163	14.747475
0.867295	0.200479	14.681250
0.863306	0.200803	14.615245
0.859330	0.201133	14.549462
0.855365	0.201469	14.483903
0.851413	0.201813	14.418572
0.847473	0.202162	14.353470
0.843546	0.202519	14.288598
0.839631	0.202881	14.223959
0.835730	0.203250	14.159556
0.831841	0.203626	14.095388
0.827965	0.204007	14.031459
0.824103	0.204395	13.967770
0.820254	0.204789	13.904322
0.816418	0.205189	13.841117
0.812596	0.205596	13.778157
0.808788	0.206008	13.715442
0.804993	0.206427	13.652975
0.801213	0.206851	13.590756
0.797446	0.207282	13.528787
0.793693	0.207718	13.467068
0.789955	0.208161	13.405602
0.786230	0.208609	13.344388
0.782520	0.209063	13.283428
0.778825	0.209523	13.222723
0.775143	0.209989	13.162273
0.771477	0.210460	13.102080
0.767825	0.210937	13.042144
0.764187	0.211420	12.982466
0.760564	0.211909	12.923047
0.756956	0.212403	12.863887
0.753363	0.212903	12.804986
0.749784	0.213408	12.746346
0.746221	0.213919	12.687966
0.742672	0.214435	12.629848
0.739139	0.214957	12.571991
0.735620	0.215484	12.514396
0.732116	0.216017	12.457063
0.728628	0.216555	12.399992
0.725155	0.217099	12.343184
0.721696	0.217648	12.286639
0.718253	0.218202	12.230356
0.714825	0.218762	12.174337
0.711412	0.219327	12.118580
0.708015	0.219897	12.063087
0.704633	0.220473	12.007857
0.701265	0.221053	11.952889
0.697914	0.221639	11.898185
0.694577	0.222230	11.843743
0.691256	0.222827	11.789564
0.687950	0.223428	11.735648
0.684659	0.224035	11.681993
0.681383	0.224646	11.628601
0.678123	0.225263	11.575471
0.674878	0.225885	11.522601
0.671648	0.226512	11.469993
0.668434	0.227144	11.417646
0.665235	0.227781	11.365559
0.662051	0.228423	11.313733
0.658882	0.229070	11.262165
0.655728	0.229722	11.210857
0.652590	0.230379	11.159808
0.649467	0.231041	11.109016
0.646359	0.231708	11.058483
0.643266	0.232380	11.008206
0.640188	0.233057	10.958186
0.637125	0.233739	10.908422
0.634077	0.234425	10.858913
0.631045	0.235116	10.809658
0.628027	0.235813	10.760658
0.625024	0.236514	10.711912
0.622037	0.237220	10.663418
0.619064	0.237930	10.615176
0.616106	0.238646	10.567185
0.613163	0.239366	10.519445
0.610235	0.240091	10.471955
0.607321	0.240821	10.424715
0.604423	0.241556	10.377722
0.601539	0.242295	10.330977
0.598670	0.243039	10.284479
0.595815	0.243788	10.238226
0.592975	0.244541	10.192219
0.590149	0.245299	10.146457
0.587339	0.246062	10.100937
0.584542	0.246830	10.055660
0.581760	0.247602	10.010625
0.578993	0.248379	9.965831
0.576239	0.249160	9.921277
0.573500	0.249946	9.876962
0.570776	0.250737	9.832885
0.568065	0.251533	9.789045
0.565369	0.252333	9.745442
0.562687	0.253137	9.702074
0.560019	0.253946	9.658941
0.557365	0.254760	9.616040
0.554725	0.255578	9.573373
0.552099	0.256401	9.530937
0.549486	0.257229	9.488732
0.546888	0.258061	9.446756
0.544303	0.258897	9.405009
0.541733	0.259738	9.363490
0.539175	0.260584	9.322197
0.536632	0.261434	9.281130
0.534102	0.262289	9.240288
0.531585	0.263148	9.199670
0.529082	0.264011	9.159274
0.526593	0.264880	9.119099
0.524116	0.265752	9.079146
0.521653	0.266629	9.039412
0.519204	0.267511	8.999897
0.516767	0.268397	8.960599
0.514344	0.269287	8.921517
0.511933	0.270182	8.882652
0.509536	0.271082	8.844000
0.507152	0.271985	8.805563
0.504780	0.272894	8.767337
0.502422	0.273806	8.729323
0.500076	0.274723	8.691519
0.497743	0.275645	8.653925
0.495423	0.276571	8.616539
0.493115	0.277501	8.579359
0.490820	0.278436	8.542387
0.488538	0.279375	8.505619
0.486267	0.280318	8.469055
0.484010	0.281266	8.432694
0.481764	0.282218	8.396536
0.479531	0.283175	8.360578
0.477310	0.284136	8.324820
0.475102	0.285101	8.289261
0.472905	0.286071	8.253899
0.470721	0.287045	8.218735
0.468548	0.288023	8.183766
0.466388	0.289006	8.148992
0.464239	0.289993	8.114411
0.462102	0.290984	8.080023
0.459977	0.291980	8.045826
0.457864	0.292980	8.011821
0.455762	0.293984	7.978004
0.453672	0.294993	7.944376
0.451593	0.296006	7.910935
0.449526	0.297023	7.877681
0.447470	0.298045	7.844612
0.445426	0.299071	7.811728
0.443393	0.300101	7.779027
0.441371	0.301135	7.746508
0.439360	0.302174	7.714170
0.437361	0.303217	7.682013
0.435373	0.304264	7.650035
0.433395	0.305316	7.618235
0.431429	0.306372	7.586612
0.429473	0.307432	7.555166
0.427528	0.308496	7.523895
0.425594	0.309565	7.492798
0.423671	0.310637	7.461874
0.421759	0.311715	7.431123
0.419857	0.312796	7.400543
0.417965	0.313882	7.370133
0.416085	0.314971	7.339893
0.414214	0.316065	7.309820
0.412354	0.317164	7.279916
0.410504	0.318266	7.250177
0.408665	0.319373	7.220604
0.406836	0.320484	7.191196
0.405017	0.321599	7.161951
0.403208	0.322719	7.132868
0.401409	0.323842	7.103947
0.399620	0.324970	7.075187
0.397841	0.326102	7.046586
0.396072	0.327238	7.018144
0.394313	0.328379	6.989860
0.392563	0.329523	6.961733
0.390823	0.330672	6.933762
0.389093	0.331825	6.905946
0.387373	0.332982	6.878284
0.385662	0.334144	6.850775
0.383961	0.335309	6.823418
0.382269	0.336479	6.796213
0.380586	0.337653	6.769158
0.378913	0.338831	6.742253
0.377249	0.340013	6.715497
0.375595	0.341199	6.688888
0.373949	0.342390	6.662426
0.372313	0.343585	6.636110
0.370686	0.344783	6.609939
0.369067	0.345986	6.583913
0.367458	0.347194	6.558030
0.365858	0.348405	6.532289
0.364267	0.349620	6.506690
0.362684	0.350840	6.481232
0.361110	0.352064	6.455914
0.359545	0.353292	6.430735
0.357989	0.354523	6.405694
0.356441	0.355760	6.380791
0.354902	0.357000	6.356024
0.353371	0.358244	6.331393
0.351849	0.359493	6.306897
0.350336	0.360745	6.282535
0.348830	0.362002	6.258306
0.347333	0.363263	6.234210
0.345844	0.364528	6.210245
0.344364	0.365797	6.186411
0.342892	0.367070	6.162708
0.341428	0.368347	6.139133
0.339971	0.369628	6.115687
0.338523	0.370914	6.092369
0.337083	0.372203	6.069177
0.335651	0.373497	6.046112
0.334227	0.374794	6.023172
0.332811	0.376096	6.000357
0.331402	0.377402	5.977665
0.330002	0.378712	5.955096
0.328609	0.380026	5.932650
0.327223	0.381344	5.910325
0.325846	0.382666	5.888121
0.324475	0.383992	5.866037
0.323113	0.385322	5.844073
0.321758	0.386656	5.822227
0.320410	0.387994	5.800499
0.319070	0.389337	5.778887
0.317737	0.390683	5.757393
0.316411	0.392034	5.736014
0.315093	0.393388	5.714750
0.313782	0.394747	5.693600
0.312478	0.396109	5.672564
0.311181	0.397476	5.651640
0.309892	0.398846	5.630829
0.308609	0.400221	5.610129
0.307334	0.401599	5.589540
0.306065	0.402982	5.569061
0.304804	0.404369	5.548692
0.303549	0.405759	5.528431
0.302301	0.407154	5.508278
0.301060	0.408553	5.488233
0.299826	0.409956	5.468294
0.298598	0.411362	5.448461
0.297377	0.412773	5.428734
0.296163	0.414188	5.409112
0.294955	0.415606	5.389593
0.293754	0.417029	5.370179
0.292560	0.418456	5.350867
0.291372	0.419886	5.331657
0.290190	0.421321	5.312549
0.289015	0.422759	5.293541
0.287846	0.424202	5.274634
0.286684	0.425648	5.255827
0.285527	0.427099	5.237119
0.284378	0.428553	5.218509
0.283234	0.430012	5.199997
0.282096	0.431474	5.181583
0.280965	0.432940	5.163265
0.279840	0.434410	5.145043
0.278721	0.435884	5.126916
0.277608	0.437363	5.108885
0.276500	0.438845	5.090948
0.275399	0.440331	5.073104
0.274304	0.441820	5.055354
0.273215	0.443314	5.037696
0.272131	0.444812	5.020130
0.271054	0.446314	5.002656
0.269982	0.447819	4.985272
0.268916	0.449329	4.967979
0.267855	0.450842	4.950776
0.266801	0.452359	4.933661
0.265752	0.453880	4.916636
0.264708	0.455405	4.899698
0.263670	0.456934	4.882848
0.262638	0.458467	4.866086
0.261611	0.460004	4.849409
0.260590	0.461544	4.832819
0.259574	0.463089	4.816314
0.258564	0.464637	4.799894
0.257559	0.466189	4.783558
0.256559	0.467745	4.767306
0.255565	0.469305	4.751138
0.254576	0.470869	4.735052
0.253592	0.472437	4.719049
0.252613	0.474008	4.703128
0.251640	0.475584	4.687288
0.250671	0.477163	4.671529
0.249708	0.478746	4.655850
0.248750	0.480333	4.640251
0.247797	0.481923	4.624732
0.246849	0.483518	4.609291
0.245907	0.485116	4.593929
0.244969	0.486718	4.578644
0.244036	0.488324	4.563438
0.243108	0.489934	4.548308
0.242184	0.491547	4.533254
0.241266	0.493164	4.518277
0.240353	0.494786	4.503376
0.239444	0.496410	4.488549
0.238540	0.498039	4.473797
0.237641	0.499672	4.459120
0.236746	0.501308	4.444516
0.235857	0.502948	4.429985
0.234972	0.504592	4.415528
0.234091	0.506239	4.401143
0.233215	0.507890	4.386830
0.232344	0.509545	4.372588
0.231477	0.511204	4.358418
0.230615	0.512867	4.344318
0.229757	0.514533	4.330289
0.228904	0.516203	4.316329
0.228055	0.517877	4.302439
0.227211	0.519554	4.288618
0.226371	0.521235	4.274866
0.225535	0.522920	4.261182
0.224704	0.524609	4.247565
0.223877	0.526301	4.234016
0.223054	0.527997	4.220534
0.222235	0.529697	4.207119
0.221421	0.531400	4.193770
0.220611	0.533107	4.180486
0.219805	0.534818	4.167268
0.219004	0.536532	4.154115
0.218206	0.538250	4.141027
0.217413	0.539972	4.128002
0.216623	0.541697	4.115042
0.215838	0.543426	4.102145
0.215057	0.545159	4.089311
0.214279	0.546895	4.076540
0.213506	0.548635	4.063832
0.212737	0.550379	4.051185
0.211971	0.552126	4.038600
0.211210	0.553877	4.026076
0.210452	0.555632	4.013613
0.209699	0.557390	4.001210
0.208949	0.559151	3.988868
0.208203	0.560917	3.976585
0.207461	0.562685	3.964362
0.206722	0.564458	3.952198
0.205988	0.566234	3.940093
0.205257	0.568014	3.928046
0.204529	0.569797	3.916057
0.203806	0.571584	3.904126
0.203086	0.573374	3.892252
0.202370	0.575168	3.880436
0.201657	0.576965	3.868676
0.200948	0.578766	3.856972
0.200243	0.580571	3.845325
0.199541	0.582379	3.833733
0.198843	0.584191	3.822196
0.198148	0.586006	3.810715
0.197457	0.587824	3.799288
0.196769	0.589647	3.787916
0.196084	0.591472	3.776598
0.195403	0.593301	3.765334
0.194726	0.595134	3.754123
0.194052	0.596970	3.742965
0.193381	0.598810	3.731860
0.192714	0.600653	3.720808
0.192050	0.602499	3.709808
0.191389	0.604349	3.698860
0.190732	0.606203	3.687964
0.190078	0.608060	3.677118
0.189427	0.609920	3.666324
0.188779	0.611784	3.655581
0.188135	0.613651	3.644888
0.187494	0.615522	3.634246
0.186856	0.617396	3.623653
0.186221	0.619273	3.613110
0.185589	0.621154	3.602616
0.184961	0.623038	3.592171
0.184335	0.624926	3.581775
0.183713	0.626817	3.571427
0.183093	0.628712	3.561128
0.182477	0.630609	3.550876
0.181864	0.632511	3.540672
0.181254	0.634415	3.530516
0.180647	0.636323	3.520406
0.180043	0.638234	3.510344
0.179442	0.640149	3.500328
0.178843	0.642067	3.490358
0.178248	0.643988	3.480434
0.177656	0.645913	3.470556
0.177066	0.647840	3.460724
0.176480	0.649772	3.450936
0.175896	0.651706	3.441194
0.175315	0.653644	3.431497
0.174737	0.655585	3.421844
0.174162	0.657529	3.412235
0.173590	0.659477	3.402670
0.173020	0.661428	3.393149
0.172453	0.663382	3.383671
0.171889	0.665339	3.374237
0.171328	0.667300	3.364846
0.170769	0.669263	3.355497
0.170213	0.671230	3.346191
0.169660	0.673201	3.336927
0.169110	0.675174	3.327705
0.168562	0.677151	3.318525
0.168016	0.679131	3.309387
0.167474	0.681114	3.300290
0.166934	0.683100	3.291234
0.166397	0.685090	3.282219
0.165862	0.687082	3.273245
0.165330	0.689078	3.264311
0.164800	0.691077	3.255417
0.164273	0.693079	3.246563
0.163748	0.695084	3.237749
0.163226	0.697092	3.228974
0.162707	0.699104	3.220239
0.162190	0.701118	3.211543
0.161675	0.703136	3.202886
0.161163	0.705157	3.194267
0.160653	0.707181	3.185687
0.160146	0.709208	3.177145
0.159641	0.711238	3.168642
0.159139	0.713271	3.160176
0.158639	0.715307	3.151747
0.158141	0.717346	3.143356
0.157646	0.719388	3.135002
0.157153	0.721434	3.126686
0.156662	0.723482	3.118406
0.156174	0.725533	3.110162
0.155688	0.727588	3.101955
0.155205	0.729645	3.093784
0.154723	0.731705	3.085650
0.154244	0.733769	3.077551
0.153767	0.735835	3.069487
0.153293	0.737904	3.061459
0.152820	0.739977	3.053466
0.152350	0.742052	3.045509
0.151882	0.744130	3.037586
0.151417	0.746211	3.029697
0.150953	0.748295	3.021844
0.150492	0.750382	3.014024
0.150032	0.752472	3.006239
0.149575	0.754565	2.998487
0.149120	0.756660	2.990769
0.148668	0.758759	2.983085
0.148217	0.760860	2.975434
0.147768	0.762964	2.967817
0.147322	0.765072	2.960232
0.146877	0.767182	2.952680
0.146435	0.769294	2.945161
0.145995	0.771410	2.937674
0.145557	0.773529	2.930219
0.145120	0.775650	2.922797
0.144686	0.777774	2.915407
0.144254	0.779901	2.908048
0.143824	0.782031	2.900721
0.143396	0.784163	2.893426
0.142970	0.786298	2.886162
0.142545	0.788436	2.878928
0.142123	0.790577	2.871726
0.141703	0.792721	2.864555
0.141284	0.794867	2.857414
0.140868	0.797016	2.850304
0.140453	0.799168	2.843224
0.140041	0.801322	2.836174
0.139630	0.803479	2.829154
0.139221	0.805639	2.822164
0.138814	0.807802	2.815204
0.138409	0.809967	2.808273
0.138006	0.812135	2.801372
0.137604	0.814305	2.794499
0.137204	0.816478	2.787656
0.136807	0.818654	2.780842
0.136411	0.820832	2.774056
0.136017	0.823013	2.767299
0.135624	0.825197	2.760571
0.135234	0.827383	2.753871
0.134845	0.829572	2.747198
0.134458	0.831763	2.740554
0.134072	0.833957	2.733938
0.133689	0.836154	2.727350
0.133307	0.838353	2.720789
0.132927	0.840554	2.714255
0.132549	0.842758	2.707749
0.132172	0.844965	2.701270
0.131797	0.847174	2.694818
0.131424	0.849386	2.688393
0.131052	0.851600	2.681994
0.130682	0.853817	2.675623
0.130314	0.856036	2.669277
0.129947	0.858257	2.662958
0.129582	0.860481	2.656665
0.129219	0.862708	2.650398
0.128857	0.864937	2.644158
0.128497	0.867168	2.637942
0.128139	0.869402	2.631753
0.127782	0.871638	2.625589
0.127427	0.873876	2.619450
0.127073	0.876117	2.613337
0.126721	0.878360	2.607249
0.126370	0.880606	2.601186
0.126021	0.882854	2.595147
0.125674	0.885104	2.589134
0.125328	0.887357	2.583145
0.124984	0.889612	2.577181
0.124641	0.891869	2.571241
0.124300	0.894129	2.565325
0.123960	0.896390	2.559433
0.123621	0.898654	2.553566
0.123285	0.900921	2.547722
0.122949	0.903189	2.541902
0.122616	0.905460	2.536106
0.122283	0.907733	2.530333
0.121952	0.910009	2.524583
0.121623	0.912286	2.518857
0.121295	0.914566	2.513154
0.120968	0.916848	2.507475
0.120643	0.919132	2.501818
0.120320	0.921419	2.496184
0.119997	0.923707	2.490572
0.119677	0.925998	2.484984
0.119357	0.928290	2.479418
0.119039	0.930585	2.473874
0.118722	0.932882	2.468352
0.118407	0.935181	2.462853
0.118093	0.937483	2.457375
0.117781	0.939786	2.451920
0.117470	0.942091	2.446487
0.117160	0.944399	2.441075
0.116851	0.946708	2.435684
0.116544	0.949020	2.430316
0.116238	0.951333	2.424969
0.115934	0.953649	2.419643
0.115631	0.955966	2.414338
0.115329	0.958286	2.409054
0.115028	0.960608	2.403791
0.114729	0.962931	2.398550
0.114431	0.965257	2.393329
0.114135	0.967584	2.388128
0.113839	0.969914	2.382949
0.113545	0.972245	2.377789
0.113252	0.974578	2.372650
0.112961	0.976913	2.367532
0.112671	0.979250	2.362433
0.112382	0.981589	2.357355
0.112094	0.983930	2.352297
0.111807	0.986273	2.347258
0.111522	0.988617	2.342240
0.111238	0.990964	2.337241
0.110955	0.993312	2.332261
0.110673	0.995662	2.327302
0.110393	0.998014	2.322361
0.110113	1.000367	2.317440
0.109835	1.002723	2.312538
0.109558	1.005080	2.307656
0.109283	1.007439	2.302792
0.109008	1.009799	2.297947
0.108735	1.012162	2.293122
0.108462	1.014526	2.288315
0.108191	1.016892	2.283526
0.107921	1.019259	2.278757
0.107653	1.021628	2.274005
0.107385	1.023999	2.269273
0.107119	1.026372	2.264558
0.106853	1.028746	2.259862
0.106589	1.031122	2.255184
0.106326	1.033499	2.250524
0.106064	1.035878	2.245882
0.105803	1.038259	2.241258
0.105543	1.040641	2.236652
0.105284	1.043025	2.232063
0.105027	1.045411	2.227492
0.104770	1.047798	2.222939
0.104515	1.050186	2.218403
0.104260	1.052576	2.213885
0.104007	1.054968	2.209384
0.103755	1.057361	2.204900
0.103504	1.059756	2.200433
0.103253	1.062152	2.195983
0.103004	1.064549	2.191551
0.102756	1.066948	2.187135
0.102509	1.069349	2.182736
0.102263	1.071751	2.178354
0.102018	1.074154	2.173989
0.101774	1.076559	2.169640
0.101531	1.078965	2.165308
0.101289	1.081372	2.160992
0.101049	1.083781	2.156693
0.100809	1.086191	2.152410
0.100570	1.088603	2.148143
0.100332	1.091016	2.143892
0.100095	1.093430	2.139657
0.099859	1.095846	2.135439
0.099624	1.098263	2.131236
0.099390	1.100681	2.127049
0.099157	1.103100	2.122878
0.098925	1.105521	2.118723
0.098694	1.107943	2.114583
0.098464	1.110366	2.110459
0.098234	1.112790	2.106350
0.098006	1.115216	2.102257
0.097779	1.117643	2.098179
0.097552	1.120071	2.094117
0.097327	1.122500	2.090069
0.097102	1.124930	2.086037
0.096879	1.127362	2.082020
0.096656	1.129794	2.078018
0.096434	1.132228	2.074031
0.096213	1.134663	2.070058
0.095994	1.137099	2.066101
0.095774	1.139536	2.062158
0.095556	1.141974	2.058230
0.095339	1.144413	2.054317
0.095123	1.146853	2.050418
0.094907	1.149295	2.046533
0.094693	1.151737	2.042663
0.094479	1.154180	2.038808
0.094266	1.156624	2.034966
0.094054	1.159070	2.031139
0.093843	1.161516	2.027326
0.093633	1.163963	2.023527
0.093423	1.166411	2.019743
0.093215	1.168860	2.015972
0.093007	1.171310	2.012215
0.092800	1.173761	2.008472
0.092594	1.176212	2.004742
0.092389	1.178665	2.001027
0.092184	1.181118	1.997325
0.091981	1.183573	1.993636
0.091778	1.186028	1.989961
0.091576	1.188484	1.986300
0.091375	1.190941	1.982652
0.091175	1.193398	1.979017
0.090975	1.195857	1.975396
0.090777	1.198316	1.971788
0.090579	1.200776	1.968193
0.090382	1.203236	1.964612
0.090185	1.205698	1.961043
0.089990	1.208160	1.957487
0.089795	1.210623	1.953945
0.089601	1.213086	1.950415
0.089408	1.215550	1.946898
0.089216	1.218015	1.943394
0.089024	1.220480	1.939902
0.088833	1.222947	1.936424
0.088643	1.225413	1.932958
0.088454	1.227881	1.929504
0.088265	1.230349	1.926063
0.088078	1.232817	1.922634
0.087891	1.235286	1.919218
0.087704	1.237756	1.915815
0.087519	1.240226	1.912423
0.087334	1.242697	1.909044
0.087150	1.245168	1.905677
0.086966	1.247640	1.902322
0.086784	1.250112	1.898979
0.086602	1.252585	1.895648
0.086421	1.255058	1.892329
0.086240	1.257531	1.889022
0.086061	1.260005	1.885727
0.085882	1.262480	1.882444
0.085703	1.264955	1.879173
0.085526	1.267430	1.875913
0.085349	1.269906	1.872665
0.085173	1.272382	1.869429
0.084997	1.274858	1.866204
0.084822	1.277335	1.862991
0.084648	1.279812	1.859789
0.084475	1.282289	1.856599
0.084302	1.284767	1.853420
0.084130	1.287244	1.850252
0.083958	1.289723	1.847096
0.083788	1.292201	1.843951
0.083618	1.294680	1.840817
0.083448	1.297159	1.837694
0.083280	1.299638	1.834583
0.083112	1.302117	1.831482
0.082944	1.304597	1.828393
0.082778	1.307076	1.825314
0.082611	1.309556	1.822246
0.082446	1.312036	1.819190
0.082281	1.314516	1.816144
0.082117	1.316996	1.813108
0.081954	1.319477	1.810084
0.081791	1.321957	1.807070
0.081629	1.324438	1.804067
0.081467	1.326918	1.801075
0.081306	1.329399	1.798093
0.081146	1.331879	1.795121
0.080986	1.334360	1.792160
0.080827	1.336841	1.789210
0.080669	1.339321	1.786270
0.080511	1.341802	1.783340
0.080354	1.344282	1.780420
0.080197	1.346763	1.777511
0.080041	1.349243	1.774612
0.079886	1.351724	1.771723
0.079731	1.354204	1.768844
0.079577	1.356684	1.765976
0.079423	1.359164	1.763117
0.079270	1.361644	1.760269
0.079118	1.364124	1.757430
0.078966	1.366604	1.754601
0.078815	1.369083	1.751783
0.078664	1.371562	1.748974
0.078514	1.374041	1.746175
0.078365	1.376520	1.743385
0.078216	1.378999	1.740606
0.078068	1.381477	1.737836
0.077920	1.383955	1.735075
0.077773	1.386433	1.732325
0.077626	1.388910	1.729584
0.077480	1.391387	1.726852
0.077335	1.393864	1.724130
0.077190	1.396341	1.721417
0.077046	1.398817	1.718714
0.076902	1.401293	1.716020
0.076759	1.403768	1.713336
0.076616	1.406243	1.710660
0.076474	1.408718	1.707995
0.076332	1.411192	1.705338
0.076191	1.413666	1.702690
0.076051	1.416139	1.700052
0.075911	1.418612	1.697423
0.075772	1.421085	1.694803
0.075633	1.423556	1.692192
0.075494	1.426028	1.689590
0.075357	1.428499	1.686996
0.075219	1.430969	1.684412
0.075083	1.433439	1.681837
0.074946	1.435908	1.679271
0.074811	1.438377	1.676713
0.074676	1.440845	1.674164
0.074541	1.443312	1.671624
0.074407	1.445779	1.669093
0.074273	1.448245	1.666571
0.074140	1.450711	1.664057
0.074008	1.453176	1.661552
0.073875	1.455640	1.659055
0.073744	1.458103	1.656567
0.073613	1.460566	1.654087
0.073482	1.463028	1.651616
0.073352	1.465489	1.649154
0.073223	1.467950	1.646700
0.073093	1.470410	1.644254
0.072965	1.472869	1.641817
0.072837	1.475327	1.639388
0.072709	1.477785	1.636967
0.072582	1.480241	1.634554
0.072455	1.482697	1.632150
0.072329	1.485152	1.629754
0.072203	1.487606	1.627366
0.072078	1.490059	1.624986
0.071954	1.492511	1.622615
0.071829	1.494963	1.620251
0.071706	1.497413	1.617896
0.071582	1.499863	1.615548
0.071459	1.502311	1.613209
0.071337	1.504759	1.610877
0.071215	1.507205	1.608554
0.071094	1.509651	1.606238
0.070973	1.512095	1.603930
0.070852	1.514539	1.601630
0.070732	1.516982	1.599338
0.070612	1.519423	1.597054
0.070493	1.521863	1.594777
0.070375	1.524303	1.592508
0.070256	1.526741	1.590247
0.070139	1.529178	1.587993
0.070021	1.531614	1.585748
0.069904	1.534049	1.583509
0.069788	1.536482	1.581278
0.069672	1.538915	1.579055
0.069556	1.541346	1.576840
0.069441	1.543776	1.574631
0.069326	1.546205	1.572431
0.069212	1.548633	1.570237
0.069098	1.551059	1.568051
0.068985	1.553484	1.565873
0.068872	1.555908	1.563702
0.068759	1.558331	1.561538
0.068647	1.560752	1.559381
0.068535	1.563172	1.557232
0.068424	1.565591	1.555090
0.068313	1.568008	1.552955
0.068203	1.570424	1.550827
0.068093	1.572839	1.548707
0.067983	1.575252	1.546594
0.067874	1.577664	1.544487
0.067765	1.580074	1.542388
0.067657	1.582483	1.540296
0.067549	1.584890	1.538211
0.067441	1.587296	1.536133
0.067334	1.589701	1.534062
0.067227	1.592104	1.531998
0.067121	1.594506	1.529941
0.067015	1.596906	1.527891
0.066909	1.599304	1.525847
0.066804	1.601701	1.523811
0.066699	1.604096	1.521781
0.066595	1.606490	1.519758
0.066491	1.608882	1.517742
0.066388	1.611273	1.515733
0.066284	1.613662	1.513730
0.066182	1.616049	1.511734
0.066079	1.618435	1.509745
0.065977	1.620819	1.507762
0.065875	1.623201	1.505786
0.065774	1.625582	1.503817
0.065673	1.627961	1.501854
0.065573	1.630338	1.499898
0.065473	1.632714	1.497948
0.065373	1.635088	1.496005
0.065274	1.637460	1.494069
0.065175	1.639830	1.492139
0.065076	1.642198	1.490215
0.064978	1.644565	1.488298
0.064880	1.646929	1.486387
0.064782	1.649292	1.484482
0.064685	1.651653	1.482584
0.064588	1.654013	1.480692
0.064492	1.656370	1.478807
0.064396	1.658725	1.476927
0.064300	1.661079	1.475055
0.064205	1.663431	1.473188
0.064110	1.665780	1.471327
0.064015	1.668128	1.469473
0.063921	1.670474	1.467625
0.063827	1.672817	1.465783
0.063734	1.675159	1.463947
0.063641	1.677499	1.462118
0.063548	1.679837	1.460294
0.063455	1.682172	1.458477
0.063363	1.684506	1.456665
0.063271	1.686837	1.454860
0.063180	1.689167	1.453060
0.063089	1.691494	1.451267
0.062998	1.693819	1.449479
0.062908	1.696143	1.447698
0.062818	1.698464	1.445922
0.062728	1.700782	1.444153
0.062638	1.703099	1.442389
0.062549	1.705414	1.440631
0.062461	1.707726	1.438879
0.062372	1.710036	1.437133
0.062284	1.712344	1.435392
0.062196	1.714649	1.433658
0.062109	1.716953	1.431929
0.062022	1.719254	1.430205
0.061935	1.721553	1.428488
0.061849	1.723849	1.426776
0.061763	1.726143	1.425070
0.061677	1.728435	1.423370
0.061592	1.730725	1.421675
0.061506	1.733012	1.419986
0.061422	1.735297	1.418303
0.061337	1.737579	1.416625
0.061253	1.739859	1.414953
0.061169	1.742137	1.413286
0.061086	1.744412	1.411625
0.061003	1.746685	1.409969
0.060920	1.748955	1.408319
0.060837	1.751223	1.406674
0.060755	1.753488	1.405035
0.060673	1.755751	1.403401
0.060591	1.758011	1.401773
0.060510	1.760269	1.400150
0.060429	1.762524	1.398532
0.060348	1.764777	1.396920
0.060268	1.767027	1.395313
0.060188	1.769275	1.393712
0.060108	1.771520	1.392116
0.060028	1.773762	1.390525
0.059949	1.776002	1.388939
0.059870	1.778239	1.387359
0.059792	1.780473	1.385784
0.059713	1.782705	1.384214
0.059635	1.784934	1.382649
0.059558	1.787161	1.381090
0.059480	1.789384	1.379536
0.059403	1.791605	1.377987
0.059326	1.793824	1.376443
0.059250	1.796039	1.374904
0.059174	1.798252	1.373370
0.059098	1.800462	1.371842
0.059022	1.802669	1.370318
0.058947	1.804873	1.368800
0.058872	1.807075	1.367286
0.058797	1.809274	1.365778
0.058722	1.811470	1.364275
0.058648	1.813663	1.362776
0.058574	1.815853	1.361283
0.058500	1.818040	1.359795
0.058427	1.820224	1.358311
0.058354	1.822406	1.356833
0.058281	1.824584	1.355359
0.058209	1.826760	1.353890
0.058136	1.828933	1.352427
0.058064	1.831102	1.350968
0.057993	1.833269	1.349514
0.057921	1.835433	1.348064
0.057850	1.837593	1.346620
0.057779	1.839751	1.345181
0.057709	1.841906	1.343746
0.057638	1.844057	1.342316
0.057568	1.846206	1.340891
0.057498	1.848351	1.339470
0.057429	1.850493	1.338054
0.057360	1.852633	1.336643
0.057291	1.854769	1.335237
0.057222	1.856902	1.333835
0.057153	1.859031	1.332439
0.057085	1.861158	1.331046
0.057017	1.863282	1.329659
0.056949	1.865402	1.328276
0.056882	1.867519	1.326897
0.056815	1.869633	1.325524
0.056748	1.871743	1.324154
0.056681	1.873851	1.322790
0.056615	1.875955	1.321430
0.056549	1.878056	1.320074
0.056483	1.880154	1.318723
0.056417	1.882248	1.317377
0.056352	1.884339	1.316035
0.056287	1.886427	1.314698
0.056222	1.888511	1.313365
0.056157	1.890592	1.312036
0.056093	1.892670	1.310712
0.056029	1.894744	1.309393
0.055965	1.896815	1.308077
0.055902	1.898882	1.306767
0.055838	1.900946	1.305460
0.055775	1.903007	1.304158
0.055712	1.905064	1.302861
0.055650	1.907118	1.301568
0.055587	1.909168	1.300279
0.055525	1.911215	1.298994
0.055463	1.913258	1.297714
0.055402	1.915298	1.296438
0.055340	1.917334	1.295166
0.055279	1.919367	1.293899
0.055218	1.921396	1.292636
0.055158	1.923422	1.291377
0.055097	1.925444	1.290123
0.055037	1.927463	1.288872
0.054977	1.929478	1.287626
0.054917	1.931489	1.286384
0.054858	1.933497	1.285147
0.054799	1.935501	1.283913
0.054740	1.937501	1.282684
0.054681	1.939498	1.281458
0.054622	1.941491	1.280237
0.054564	1.943480	1.279020
0.054506	1.945466	1.277808
0.054448	1.947448	1.276599
0.054390	1.949426	1.275394
0.054333	1.951401	1.274194
0.054276	1.953371	1.272997
0.054219	1.955338	1.271805
0.054162	1.957302	1.270617
0.054106	1.959261	1.269432
0.054050	1.961217	1.268252
0.053993	1.963169	1.267076
0.053938	1.965117	1.265903
0.053882	1.967061	1.264735
0.053827	1.969001	1.263571
0.053772	1.970937	1.262411
0.053717	1.972870	1.261254
0.053662	1.974799	1.260102
0.053608	1.976723	1.258953
0.053553	1.978644	1.257809
0.053499	1.980561	1.256668
0.053446	1.982474	1.255531
0.053392	1.984383	1.254398
0.053339	1.986288	1.253269
0.053285	1.988190	1.252144
0.053232	1.990087	1.251023
0.053180	1.991980	1.249906
0.053127	1.993869	1.248792
0.053075	1.995754	1.247682
0.053023	1.997635	1.246576
0.052971	1.999512	1.245474
0.052919	2.001385	1.244376
0.052868	2.003254	1.243281
0.052817	2.005119	1.242191
0.052766	2.006979	1.241104
0.052715	2.008836	1.240020
0.052664	2.010689	1.238941
0.052614	2.012537	1.237865
0.052564	2.014381	1.236793
0.052514	2.016221	1.235725
0.052464	2.018057	1.234660
0.052414	2.019889	1.233599
0.052365	2.021716	1.232542
0.052316	2.023539	1.231488
0.052267	2.025359	1.230438
0.052218	2.027173	1.229392
0.052170	2.028984	1.228349
0.052121	2.030790	1.227310
0.052073	2.032593	1.226275
0.052025	2.034390	1.225243
0.051978	2.036184	1.224215
0.051930	2.037973	1.223190
0.051883	2.039758	1.222169
0.051836	2.041539	1.221151
0.051789	2.043315	1.220138
0.051742	2.045087	1.219127
0.051696	2.046854	1.218120
0.051649	2.048618	1.217117
0.051603	2.050376	1.216117
0.051557	2.052131	1.215121
0.051511	2.053881	1.214128
0.051466	2.055627	1.213139
0.051421	2.057368	1.212154
0.051375	2.059105	1.211171
0.051330	2.060837	1.210192
0.051286	2.062565	1.209217
0.051241	2.064288	1.208245
0.051197	2.066007	1.207277
0.051153	2.067721	1.206312
0.051109	2.069431	1.205350
0.051065	2.071137	1.204392
0.051021	2.072838	1.203437
0.050978	2.074534	1.202486
0.050935	2.076226	1.201538
0.050892	2.077913	1.200594
0.050849	2.079596	1.199652
0.050806	2.081274	1.198714
0.050764	2.082947	1.197780
0.050721	2.084616	1.196849
0.050679	2.086280	1.195921
0.050637	2.087940	1.194997
0.050596	2.089595	1.194075
0.050554	2.091245	1.193158
0.050513	2.092891	1.192243
0.050471	2.094532	1.191332
0.050430	2.096168	1.190424
0.050390	2.097800	1.189519
0.050349	2.099427	1.188618
0.050309	2.101049	1.187720
0.050268	2.102667	1.186825
0.050228	2.104280	1.185933
0.050188	2.105888	1.185045
0.050149	2.107491	1.184160
0.050109	2.109090	1.183278
0.050070	2.110683	1.182399
0.050031	2.112272	1.181524
0.049992	2.113857	1.180651
0.049953	2.115436	1.179782
0.049914	2.117010	1.178916
0.049876	2.118580	1.178054
0.049837	2.120145	1.177194
0.049799	2.121705	1.176338
0.049761	2.123260	1.175484
0.049724	2.124811	1.174634
0.049686	2.126356	1.173787
0.049649	2.127897	1.172943
0.049611	2.129432	1.172103
0.049574	2.130963	1.171265
0.049537	2.132489	1.170431
0.049501	2.134010	1.169599
0.049464	2.135526	1.168771
0.049428	2.137037	1.167946
0.049392	2.138543	1.167123
0.049356	2.140044	1.166304
0.049320	2.141540	1.165488
0.049284	2.143031	1.164675
0.049249	2.144517	1.163866
0.049213	2.145999	1.163059
0.049178	2.147475	1.162255
0.049143	2.148946	1.161454
0.049108	2.150412	1.160656
0.049074	2.151873	1.159862
0.049039	2.153329	1.159070
0.049005	2.154780	1.158281
0.048971	2.156225	1.157495
0.048937	2.157666	1.156713
0.048903	2.159102	1.155933
0.048869	2.160532	1.155156
0.048836	2.161958	1.154382
0.048802	2.163378	1.153611
0.048769	2.164793	1.152843
0.048736	2.166203	1.152078
0.048703	2.167608	1.151316
0.048671	2.169008	1.150557
0.048638	2.170402	1.149801
0.048606	2.171792	1.149048
0.048574	2.173176	1.148298
0.048542	2.174555	1.147550
0.048510	2.175929	1.146806
0.048478	2.177297	1.146064
0.048447	2.178660	1.145325
0.048415	2.180019	1.144589
0.048384	2.181371	1.143856
0.048353	2.182719	1.143126
0.048322	2.184061	1.142399
0.048291	2.185398	1.141675
0.048261	2.186730	1.140953
0.048230	2.188057	1.140234
0.048200	2.189378	1.139519
0.048170	2.190694	1.138805
0.048140	2.192004	1.138095
0.048110	2.193310	1.137388
0.048081	2.194610	1.136683
0.048051	2.195904	1.135982
0.048022	2.197194	1.135283
0.047993	2.198477	1.134586
0.047964	2.199756	1.133893
0.047935	2.201029	1.133202
0.047906	2.202297	1.132515
0.047878	2.203559	1.131830
0.047850	2.204816	1.131147
0.047821	2.206068	1.130468
0.047793	2.207314	1.129791
0.047765	2.208555	1.129117
0.047738	2.209790	1.128446
0.047710	2.211020	1.127777
0.047683	2.212245	1.127112
0.047655	2.213464	1.126448
0.047628	2.214677	1.125788
0.047601	2.215885	1.125130
0.047574	2.217088	1.124476
0.047548	2.218285	1.123823
0.047521	2.219476	1.123174
0.047495	2.220662	1.122527
0.047469	2.221843	1.121883
0.047443	2.223018	1.121241
0.047417	2.224188	1.120603
0.047391	2.225352	1.119967
0.047365	2.226510	1.119333
0.047340	2.227663	1.118702
0.047315	2.228810	1.118074
0.047289	2.229952	1.117449
0.047264	2.231088	1.116826
0.047240	2.232219	1.116206
0.047215	2.233344	1.115588
0.047190	2.234463	1.114973
0.047166	2.235577	1.114361
0.047142	2.236685	1.113751
0.047118	2.237788	1.113144
0.047094	2.238885	1.112540
0.047070	2.239976	1.111938
0.047046	2.241062	1.111339
0.047023	2.242142	1.110742
0.046999	2.243216	1.110148
0.046976	2.244285	1.109557
0.046953	2.245348	1.108968
0.046930	2.246406	1.108382
0.046907	2.247457	1.107798
0.046884	2.248503	1.107217
0.046862	2.249544	1.106638
0.046840	2.250578	1.106062
0.046817	2.251607	1.105489
0.046795	2.252630	1.104918
0.046773	2.253648	1.104349
0.046752	2.254659	1.103783
0.046730	2.255665	1.103220
0.046708	2.256666	1.102659
0.046687	2.257660	1.102101
0.046666	2.258649	1.101545
0.046645	2.259632	1.100992
0.046624	2.260609	1.100441
0.046603	2.261581	1.099893
0.046582	2.262546	1.099347
0.046562	2.263506	1.098804
0.046542	2.264460	1.098263
0.046521	2.265408	1.097725
0.046501	2.266351	1.097189
0.046481	2.267287	1.096656
0.046461	2.268218	1.096125
0.046442	2.269143	1.095597
0.046422	2.270062	1.095071
0.046403	2.270976	1.094547
0.046384	2.271883	1.094026
0.046365	2.272785	1.093508
0.046346	2.273680	1.092992
0.046327	2.274570	1.092478
0.046308	2.275454	1.091967
0.046290	2.276332	1.091458
0.046271	2.277205	1.090952
0.046253	2.278071	1.090448
0.046235	2.278931	1.089947
0.046217	2.279786	1.089448
0.046199	2.280635	1.088951
0.046181	2.281477	1.088457
0.046164	2.282314	1.087965
0.046146	2.283145	1.087476
0.046129	2.283970	1.086989
0.046112	2.284789	1.086504
0.046095	2.285602	1.086022
0.046078	2.286409	1.085542
0.046061	2.287211	1.085065
0.046045	2.288006	1.084590
0.046028	2.288795	1.084117
0.046012	2.289578	1.083647
0.045996	2.290356	1.083179
0.045979	2.291127	1.082713
0.045964	2.291893	1.082250
0.045948	2.292652	1.081789
0.045932	2.293405	1.081331
0.045917	2.294153	1.080875
0.045901	2.294894	1.080421
0.045886	2.295630	1.079969
0.045871	2.296359	1.079520
0.045856	2.297082	1.079074
0.045841	2.297800	1.078629
0.045826	2.298511	1.078187
0.045812	2.299216	1.077747
0.045797	2.299916	1.077310
0.045783	2.300609	1.076875
0.045769	2.301296	1.076442
0.045755	2.301977	1.076011
0.045741	2.302652	1.075583
0.045727	2.303321	1.075157
0.045713	2.303984	1.074734
0.045700	2.304641	1.074312
0.045686	2.305292	1.073893
0.045673	2.305937	1.073477
0.045660	2.306575	1.073062
0.045647	2.307208	1.072650
0.045634	2.307834	1.072240
0.045621	2.308455	1.071833
0.045609	2.309069	1.071428
0.045596	2.309677	1.071025
0.045584	2.310279	1.070624
0.045572	2.310875	1.070225
0.045560	2.311465	1.069829
0.045548	2.312049	1.069435
0.045536	2.312626	1.069044
0.045524	2.313198	1.068654
0.045513	2.313763	1.068267
0.045501	2.314322	1.067882
0.045490	2.314875	1.067499
0.045479	2.315422	1.067119
0.045468	2.315963	1.066741
0.045457	2.316498	1.066365
0.045446	2.317026	1.065991
0.045436	2.317549	1.065620
0.045425	2.318065	1.065250
0.045415	2.318575	1.064883
0.045405	2.319079	1.064518
0.045395	2.319576	1.064156
0.045385	2.320068	1.063795
0.045375	2.320553	1.063437
0.045365	2.321032	1.063081
0.045355	2.321505	1.062728
0.045346	2.321972	1.062376
0.045337	2.322433	1.062027
0.045327	2.322887	1.061680
0.045318	2.323335	1.061335
0.045309	2.323777	1.060992
0.045301	2.324213	1.060651
0.045292	2.324643	1.060313
0.045283	2.325066	1.059977
0.045275	2.325483	1.059643
0.045267	2.325894	1.059311
0.045258	2.326299	1.058981
0.045250	2.326697	1.058654
0.045243	2.327090	1.058328
0.045235	2.327476	1.058005
0.045227	2.327856	1.057684
0.045220	2.328229	1.057366
0.045212	2.328597	1.057049
0.045205	2.328958	1.056734
0.045198	2.329313	1.056422
0.045191	2.329662	1.056112
0.045184	2.330004	1.055804
0.045177	2.330340	1.055498
0.045170	2.330670	1.055194
0.045164	2.330994	1.054893
0.045158	2.331311	1.054593
0.045151	2.331623	1.054296
0.045145	2.331928	1.054001
0.045139	2.332226	1.053708
0.045133	2.332519	1.053417
0.045128	2.332805	1.053128
0.045122	2.333085	1.052842
0.045116	2.333359	1.052557
0.045111	2.333626	1.052275
0.045106	2.333887	1.051995
0.045101	2.334142	1.051717
0.045096	2.334391	1.051441
0.045091	2.334633	1.051167
0.045086	2.334869	1.050895
0.045082	2.335099	1.050626
0.045077	2.335322	1.050358
0.045073	2.335540	1.050093
0.045069	2.335750	1.049829
0.045064	2.335955	1.049568
0.045060	2.336154	1.049309
0.045057	2.336346	1.049052
0.045053	2.336531	1.048797
0.045049	2.336711	1.048544
0.045046	2.336884	1.048294
0.045043	2.337051	1.048045
0.045039	2.337212	1.047799
0.045036	2.337366	1.047554
0.045033	2.337514	1.047312
0.045030	2.337656	1.047072
0.045028	2.337791	1.046834
0.045025	2.337921	1.046597
0.045023	2.338044	1.046363
0.045020	2.338160	1.046132
0.045018	2.338270	1.045902
0.045016	2.338374	1.045674
0.045014	2.338472	1.045448
0.045012	2.338563	1.045225
0.045011	2.338649	1.045003
0.045009	2.338727	1.044784
0.045008	2.338800	1.044566
0.045006	2.338866	1.044351
