0.000000    0.000000    0.000000    0.000000    0.000000    0.000000    0.000000    0.000000    0.000000    0.000000    0.000000    0.000000    0.000000    0.000000    0.000000    0.000000    0.000000    0.000000    0.000000    0.000000    0.000000    0.000000    0.000000    0.000000    0.000000    0.000000    0.000000    0.000000    0.000000    0.000000    0.000000    0.000000    0.000000    0.000000    0.000000    0.000000    0.000000    0.000000    0.000000    0.000000    0.000000    
0.000000    0.000017    0.000068    0.000151    0.000268    0.000418    0.000601    0.000817    0.001066    0.001349    0.001665    0.002013    0.002395    0.002810    0.003258    0.003739    0.004254    0.004801    0.005381    0.005995    0.006641    0.007321    0.008034    0.008779    0.009558    0.010369    0.011214    0.012091    0.013002    0.013945    0.014921    0.015930    0.016972    0.018047    0.019155    0.020295    0.021468    0.022674    0.023913    0.025184    0.026488    
0.000000    0.000134    0.000525    0.001175    0.002081    0.003245    0.004666    0.006345    0.008280    0.010473    0.012922    0.015628    0.018590    0.021809    0.025283    0.029013    0.032998    0.037239    0.041734    0.046483    0.051487    0.056744    0.062255    0.068018    0.074034    0.080302    0.086821    0.093592    0.100613    0.107884    0.115404    0.123174    0.131191    0.139457    0.147970    0.156729    0.165734    0.174985    0.184480    0.194220    0.204202    
0.000000    0.000448    0.001756    0.003925    0.006953    0.010842    0.015589    0.021194    0.027656    0.034974    0.043148    0.052174    0.062052    0.072781    0.084358    0.096781    0.110049    0.124159    0.139109    0.154896    0.171518    0.188972    0.207255    0.226365    0.246297    0.267050    0.288619    0.311001    0.334193    0.358191    0.382992    0.408590    0.434984    0.462167    0.490137    0.518889    0.548419    0.578722    0.609794    0.641630    0.674227    
0.000000    0.001056    0.004141    0.009256    0.016397    0.025564    0.036753    0.049961    0.065184    0.082418    0.101657    0.122895    0.146127    0.171346    0.198543    0.227711    0.258843    0.291927    0.326956    0.363920    0.402806    0.443606    0.486307    0.530898    0.577366    0.625699    0.675883    0.727906    0.781754    0.837412    0.894866    0.954102    1.015104    1.077857    1.142346    1.208555    1.276468    1.346068    1.417340    1.490267    1.564832    
0.000001    0.002056    0.008064    0.018021    0.031923    0.049763    0.071533    0.097222    0.126819    0.160310    0.197679    0.238909    0.283982    0.332876    0.385571    0.442042    0.502265    0.566212    0.633857    0.705170    0.780121    0.858679    0.940810    1.026481    1.115658    1.208304    1.304383    1.403859    1.506692    1.612844    1.722275    1.834946    1.950817    2.069845    2.191990    2.317211    2.445464    2.576709    2.710903    2.848003    2.987966    
0.000001    0.003546    0.013906    0.031074    0.055038    0.085782    0.123286    0.167524    0.218467    0.276080    0.340327    0.411165    0.488549    0.572429    0.662751    0.759460    0.862495    0.971793    1.087289    1.208915    1.336598    1.470265    1.609841    1.755248    1.906407    2.063236    2.225653    2.393574    2.566915    2.745589    2.929510    3.118590    3.312743    3.511880    3.715914    3.924755    4.138317    4.356511    4.579249    4.806446    5.038015    
0.000002    0.005623    0.022049    0.049265    0.087246    0.135956    0.195352    0.265379    0.345975    0.437068    0.538577    0.650413    0.772480    0.904674    1.046884    1.198992    1.360874    1.532400    1.713436    1.903843    2.103475    2.312187    2.529825    2.756238    2.991267    3.234755    3.486542    3.746466    4.014364    4.290075    4.573435    4.864282    5.162453    5.467787    5.780123    6.099303    6.425168    6.757561    7.096330    7.441322    7.792386    
0.000003    0.008385    0.032875    0.073445    0.130044    0.202607    0.291047    0.395259    0.515123    0.650501    0.801238    0.967164    1.148098    1.343842    1.554188    1.778915    2.017793    2.270584    2.537039    2.816904    3.109918    3.415816    3.734328    4.065182    4.408101    4.762810    5.129030    5.506486    5.894899    6.293995    6.703500    7.123144    7.552659    7.991780    8.440247    8.897803    9.364196    9.839178    10.322506    10.813944    11.313257    
0.000005    0.011928    0.046765    0.104460    0.184928    0.288046    0.413662    0.561589    0.731611    0.923483    1.136934    1.371666    1.627358    1.903668    2.200235    2.516681    2.852612    3.207620    3.581290    3.973195    4.382901    4.809971    5.253961    5.714429    6.190932    6.683025    7.190270    7.712229    8.248471    8.798570    9.362104    9.938663    10.527841    11.129240    11.742474    12.367164    13.002939    13.649440    14.306317    14.973230    15.649847    
0.000006    0.016351    0.064099    0.143158    0.253384    0.394570    0.566458    0.768738    1.001047    1.262980    1.554084    1.873870    2.221812    2.597353    2.999906    3.428862    3.883593    4.363451    4.867780    5.395912    5.947174    6.520890    7.116386    7.732988    8.370029    9.026848    9.702793    10.397223    11.109510    11.839037    12.585201    13.347417    14.125113    14.917733    15.724738    16.545605    17.379829    18.226921    19.086407    19.957832    20.840755    
0.000008    0.021751    0.085257    0.190383    0.336892    0.524457    0.752665    1.021019    1.328947    1.675804    2.060883    2.483417    2.942586    3.437531    3.967350    4.531115    5.127872    5.756650    6.416469    7.106339    7.825274    8.572287    9.346403    10.146658    10.972100    11.821800    12.694843    13.590340    14.507426    15.445256    16.403017    17.379916    18.375192    19.388107    20.417951    21.464042    22.525722    23.602361    24.693354    25.798119    26.916099    
0.000011    0.028225    0.110621    0.246977    0.436928    0.679972    0.975475    1.322680    1.720716    2.168607    2.665288    3.209609    3.800353    4.436245    5.115965    5.838156    6.601441    7.404424    8.245707    9.123892    10.037595    10.985445    11.966096    12.978225    14.020545    15.091800    16.190770    17.316275    18.467176    19.642372    20.840805    22.061459    23.303357    24.565565    25.847189    27.147372    28.465297    29.800183    31.151288    32.517900    33.899343    
0.000014    0.035870    0.140568    0.313777    0.554955    0.863356    1.238043    1.677900    2.181649    2.747867    3.375003    4.061402    4.805317    5.604933    6.458382    7.363763    8.319154    9.322629    10.372271    11.466181    12.602489    13.779363    14.995014    16.247705    17.535751    18.857524    20.211457    21.596044    23.009838    24.451458    25.919580    27.412943    28.930345    30.470640    32.032739    33.615608    35.218262    36.839770    38.479245    40.135847    41.808782    
0.000017    0.044784    0.175478    0.391622    0.692431    1.076834    1.543483    2.090786    2.716922    3.419878    4.197473    5.047391    5.967207    6.954417    8.006468    9.120774    10.294749    11.525817    12.811435    14.149106    15.536390    16.970917    18.450391    19.972595    21.535402    23.136770    24.774745    26.447465    28.153156    29.890129    31.656783    33.451599    35.273138    37.120037    38.991010    40.884838    42.800371    44.736523    46.692268    48.666639    50.658723    
0.000021    0.055064    0.215729    0.481342    0.850803    1.322604    1.894865    2.565364    3.331584    4.190748    5.139871    6.175802    7.295267    8.494909    9.771329    11.121117    12.540883    14.027283    15.577040    17.186963    18.853959    20.575044    22.347353    24.168142    26.034792    27.944812    29.895834    31.885616    33.912034    35.973085    38.066874    40.191620    42.345642    44.527358    46.735280    48.968010    51.224232    53.502710    55.802281    58.121854    60.460401    
0.000026    0.066808    0.261699    0.583770    1.031507    1.602844    2.295210    3.105584    4.030555    5.066390    6.209097    7.454492    8.798260    10.236010    11.763329    13.375828    15.069177    16.839139    18.681596    20.592569    22.568231    24.604920    26.699147    28.847592    31.047111    33.294733    35.587654    37.923233    40.298989    42.712589    45.161846    47.644710    50.159257    52.703690    55.276322    57.875576    60.499976    63.148140    65.818773    68.510665    71.222681    
0.000031    0.080111    0.313763    0.699730    1.235971    1.919708    2.747495    3.715307    4.818621    6.052517    7.411770    8.890943    10.484467    12.186725    13.992111    15.895097    17.890272    19.972384    22.136370    24.377375    26.690766    29.072145    31.517346    34.022438    36.583723    39.197728    41.861196    44.571078    47.324527    50.118879    52.951652    55.820529    58.723349    61.658097    64.622897    67.615998    70.635769    73.680687    76.749334    79.840385    82.952603    
0.000037    0.095073    0.372298    0.830046    1.465610    2.275320    3.254644    4.398308    5.700429    7.154640    8.754231    10.492266    12.361700    14.355479    16.466623    18.688300    21.013881    23.436979    25.951488    28.551596    31.231800    33.986909    36.812046    39.702639    42.654411    45.663372    48.725804    51.838245    54.997478    58.200512    61.444570    64.727073    68.045627    71.398010    74.782159    78.196156    81.638223    85.106705    88.600063    92.116867    95.655786    
0.000043    0.111788    0.437679    0.975537    1.721828    2.671781    3.819527    5.158275    6.680487    8.378068    10.242539    12.265207    14.437307    16.750136    19.195149    21.764051    24.448855    27.241931    30.136035    33.124327    36.200376    39.358158    42.592051    45.896818    49.267592    52.699856    56.189426    59.732427    63.325274    66.964652    70.647497    74.370974    78.132463    81.929541    85.759968    89.621667    93.512719    97.431344    101.375892    105.344832    109.336745    
0.000050    0.130356    0.510281    1.137016    2.006016    3.111161    4.444964    5.998800    7.763162    9.727903    11.882477    14.216151    16.718191    19.378021    22.185345    25.130244    28.203245    31.395367    34.698148    38.103655    41.604482    45.193738    48.865032    52.612447    56.430517    60.314195    64.258832    68.260143    72.314181    76.417315    80.566199    84.757752    88.989138    93.257740    97.561149    101.897139    106.263657    110.658805    115.080829    119.528105    123.999131    
0.000058    0.150871    0.590477    1.315294    2.319552    3.595504    5.133716    6.923385    8.952675    11.209044    13.679552    16.351132    19.210820    22.245945    25.444271    28.794103    32.284359    35.904612    39.645107    43.496766    47.451168    51.500530    55.637675    59.855999    64.149432    68.512401    72.939796    77.426927    81.969496    86.563561    91.205508    95.892017    100.620045    105.386793    110.189690    115.026368    119.894650    124.792528    129.718149    134.669805    139.645915    
0.000067    0.173432    0.678638    1.511178    2.663801    4.126820    5.888488    7.935435    10.253106    12.826189    15.639004    18.675844    21.921250    25.360232    28.978431    32.762231    36.698827    40.776260    44.983422    49.310041    53.746654    58.284567    62.915810    67.633087    72.429727    77.299637    82.237251    87.237488    92.295705    97.407664    102.569488    107.777634    113.028857    118.320188    123.648901    129.012499    134.408685    139.835349    145.290547    150.772491    156.279527    
0.000076    0.198136    0.775138    1.725467    3.040116    4.707091    6.711929    9.038261    11.668390    14.583832    17.765807    21.195650    24.855137    28.726741    32.793805    37.040654    41.452657    46.016247    50.718909    55.549146    60.496430    65.551146    70.704526    75.948585    81.276059    86.680342    92.155425    97.695842    103.296623    108.953240    114.661569    120.417850    126.218651    132.060839    137.941546    143.858149    149.808241    155.789617    161.800249    167.838272    173.901971    
0.000087    0.225078    0.880345    1.958959    3.449833    5.338267    7.606627    10.235077    13.202318    16.486272    20.064680    23.915595    28.017762    32.350901    36.895889    41.634867    46.551286    51.629908    56.856767    62.219115    67.705345    73.304917    79.008267    84.806731    90.692459    96.658342    102.697943    108.805425    114.975499    121.203362    127.484654    133.815410    140.192021    146.611197    153.069938    159.565503    166.095385    172.657287    179.249104    185.868901    192.514903    
0.000098    0.254355    0.994630    2.212444    3.894274    6.022264    8.575111    11.529000    14.858541    18.537615    22.540093    26.840420    31.414046    36.237731    41.289728    46.549880    51.999639    57.622042    63.401640    69.324416    75.377680    81.549966    87.830923    94.211214    100.682420    107.236942    113.867926    120.569181    127.335109    134.160648    141.041211    147.972639    154.951156    161.973327    169.036025    176.136400    183.271850    190.439995    197.638657    204.865838    212.119704    
0.000110    0.286065    1.118361    2.486709    4.374747    6.760968    9.619850    12.923051    16.640570    20.741776    25.196275    29.974575    35.048572    40.391868    45.979948    51.790253    57.802169    63.996963    70.357681    76.869025    83.517223    90.289890    97.175898    104.165254    111.248979    118.419003    125.668068    132.989642    140.377835    147.827336    155.333344    162.891516    170.497917    178.148978    185.841453    193.572390    201.339097    209.139118    216.970206    224.830305    232.717530    
0.000123    0.320304    1.251905    2.782534    4.892543    7.556228    10.743252    14.420157    18.551775    23.102487    28.037223    33.322232    38.925604    44.817596    50.970793    57.360142    63.962906    70.758551    77.728600    84.856476    92.127325    99.527857    107.046182    114.671662    122.394779    130.207005    138.100696    146.068992    154.105726    162.205347    170.362853    178.573729    186.833890    195.139638    203.487619    211.874784    220.298359    228.755816    237.244845    245.763336    254.309354    
0.000137    0.357167    1.395627    3.100693    5.448940    8.409861    11.947667    16.023146    20.595394    25.623300    31.066714    36.887302    43.049107    49.518869    56.266150    63.263329    70.485497    77.910296    85.517721    93.289915    101.210957    109.266664    117.444399    125.732901    134.122126    142.603108    151.167830    159.809120    168.520546    177.296332    186.131284    195.020724    203.960428    212.946577    221.975714    231.044701    240.150687    249.291077    258.463502    267.665802    276.895998    
0.000153    0.396752    1.549893    3.441957    6.045197    9.323650    13.235380    17.734754    22.774529    28.307593    34.288308    40.673443    47.422765    54.499333    61.869582    69.503257    77.373242    85.455339    93.728017    102.172146    110.770753    119.508780    128.372861    137.351130    146.433038    155.609193    164.871226    174.211664    183.623824    193.101717    202.639970    212.233748    221.878696    231.570885    241.306758    251.083097    260.896977    270.745740    280.626967    290.538447    300.478161    
0.000169    0.439155    1.715066    3.807088    6.682557    10.299343    14.608618    19.557624    25.092153    31.158578    37.705364    44.684080    52.049998    59.762350    67.784353    76.083061    84.629128    93.396510    102.362152    111.505671    120.809055    130.256391    139.833607    149.528249    159.329280    169.226905    179.212413    189.278048    199.416886    209.622739    219.890061    230.213873    240.589696    251.013496    261.481627    271.990790    282.537995    293.120527    303.735914    314.381904    325.056439    
0.000187    0.484471    1.891507    4.196845    7.362248    11.338653    16.069547    21.494305    27.551113    34.179305    41.321046    48.922414    56.933981    65.311022    74.013452    83.005596    92.255861    101.736358    111.422519    121.292724    131.327945    141.511436    151.828437    162.265930    172.812407    183.457685    194.192730    205.009514    215.900887    226.860470    237.882556    248.962029    260.094296    271.275221    282.501074    293.768486    305.074403    316.416055    327.790924    339.196718    350.631343    
0.000205    0.532798    2.079578    4.611978    8.085479    12.443256    17.620272    23.547257    30.154132    37.372668    45.138335    53.391437    62.077662    71.148207    80.559620    90.273465    100.255894    110.477181    120.911264    131.535303    142.329280    153.275635    164.358947    175.565648    186.883784    198.302798    209.813348    221.407148    233.076835    244.815846    256.618324    268.479025    280.393246    292.356759    304.365755    316.416795    328.506769    340.632857    352.792496    364.983357    377.203313    
0.000225    0.584230    2.279639    5.053232    8.853444    13.614797    19.262839    25.718850    32.903813    40.741410    49.160033    58.093945    67.483774    77.276539    87.425366    97.889038    108.631451    119.621056    130.830316    142.235198    153.814714    165.550519    177.426548    189.428710    201.544618    213.763359    226.075298    238.471904    250.945610    263.489683    276.098123    288.765564    301.487201    314.258719    327.076235    339.936247    352.835590    365.771396    378.741064    391.742226    404.772729    
0.000246    0.638864    2.492046    5.521346    9.667318    14.854882    20.999233    28.011367    35.802644    44.288135    53.388780    63.032549    73.154855    83.698448    94.612992    105.854476    117.384549    129.169857    141.181412    153.394012    165.785728    178.337452    191.032499    203.856273    216.795974    229.840351    242.979486    256.204619    269.507987    282.882699    296.322616    309.822262    323.376733    336.981633    350.633010    364.327303    378.061294    391.832073    405.637001    419.473678    433.339921    
0.000268    0.696796    2.717156    6.017052    10.528258    16.165083    22.831382    30.427006    38.853000    48.015308    57.827055    68.209686    79.093257    90.416174    102.124608    114.171752    126.517021    139.125280    151.966115    165.013186    178.243647    191.637650    205.177916    218.849364    232.638798    246.534642    260.526713    274.606030    288.764648    302.995522    317.292387    331.649658    346.062341    360.525966    375.036512    389.590364    404.184257    418.815239    433.480636    448.178018    462.905175    
0.000292    0.758121    2.955325    6.541076    11.437406    17.546938    24.761157    32.967882    42.057149    51.925262    62.477190    73.627633    85.301163    97.431783    109.962150    122.842666    136.030533    149.488860    163.185838    177.094014    191.189656    205.452202    219.863799    234.408899    249.073929    263.847004    278.717689    293.676791    308.716194    323.828708    339.007948    354.248226    369.544467    384.892124    400.287120    415.725783    431.204807    446.721200    462.272255    477.855514    493.468743    
0.000317    0.822935    3.206905    7.094136    12.395884    19.001947    26.790369    35.636029    45.417252    56.020209    67.341378    79.288513    91.780598    104.747180    118.127394    131.868863    145.926600    160.261988    174.841854    189.637664    204.624823    219.782083    235.091036    250.535692    266.102114    281.778123    297.553041    313.417480    329.363157    345.382747    361.469750    377.618386    393.823497    410.080469    426.385166    442.733871    459.123232    475.550224    492.012109    508.506401    525.030842    
0.000343    0.891333    3.472249    7.676944    13.404796    20.531579    28.920775    38.433402    48.935373    60.302238    72.421676    85.194311    98.533440    112.364123    126.621971    141.251846    156.206602    171.445927    186.935316    202.645185    218.550105    234.628166    250.860428    267.230472    283.724018    300.328607    317.033329    333.828609    350.706008    367.658073    384.678196    401.760507    418.899772    436.091315    453.330946    470.614900    487.939787    505.302549    522.700418    540.130884    557.591667    
0.000371    0.963410    3.751706    8.290206    14.465229    22.137264    31.154076    41.361877    52.613476    64.773330    77.720020    91.346877    105.561434    120.284237    135.447380    150.992991    166.871796    183.041822    199.467268    216.117527    232.966367    249.991237    267.172688    284.493892    301.940239    319.499000    337.159051    354.910635    372.745167    390.655072    408.633640    426.674917    444.773597    462.924945    481.124719    499.369111    517.654697    535.978383    554.337377    572.729146    591.151388    
0.000401    1.039263    4.045626    8.934619    15.578251    23.820400    33.491918    44.423258    56.453435    69.435354    83.238226    97.747940    112.866198    128.509020    144.604999    161.093557    177.923328    195.050716    212.438654    230.055548    247.874386    265.872003    284.028460    302.326536    320.751308    339.289790    357.930652    376.663966    395.481008    414.374087    433.336399    452.361907    471.445240    490.581606    509.766715    528.996720    548.268159    567.577912    586.923160    606.301347    625.710155    
