0.000000    0.000001    0.000005    0.000011    0.000020    0.000032    0.000045    0.000062    0.000080    0.000102    0.000126    0.000152    0.000181    0.000212    0.000246    0.000282    0.000321    0.000362    0.000406    0.000452    0.000501    0.000552    0.000606    0.000662    0.000721    0.000783    0.000846    0.000913    0.000981    0.001053    0.001126    0.001203    0.001282    0.001363    0.001447    0.001533    0.001622    0.001713    0.001807    0.001903    0.002002    
0.000000    0.000066    0.000260    0.000581    0.001030    0.001606    0.002310    0.003141    0.004100    0.005186    0.006399    0.007740    0.009208    0.010804    0.012527    0.014377    0.016354    0.018458    0.020690    0.023049    0.025534    0.028147    0.030887    0.033753    0.036747    0.039867    0.043114    0.046488    0.049988    0.053614    0.057368    0.061247    0.065253    0.069385    0.073643    0.078028    0.082538    0.087174    0.091936    0.096824    0.101838    
0.000000    0.000131    0.000515    0.001151    0.002040    0.003181    0.004574    0.006220    0.008117    0.010266    0.012667    0.015320    0.018224    0.021379    0.024785    0.028441    0.032348    0.036505    0.040911    0.045567    0.050472    0.055626    0.061028    0.066678    0.072575    0.078720    0.085111    0.091748    0.098630    0.105758    0.113130    0.120747    0.128606    0.136709    0.145054    0.153641    0.162469    0.171537    0.180845    0.190393    0.200178    
0.000000    0.000196    0.000770    0.001721    0.003050    0.004755    0.006837    0.009295    0.012129    0.015339    0.018924    0.022882    0.027215    0.031920    0.036997    0.042446    0.048265    0.054453    0.061010    0.067934    0.075224    0.082879    0.090897    0.099278    0.108020    0.117122    0.126582    0.136398    0.146570    0.157095    0.167971    0.179198    0.190774    0.202696    0.214963    0.227573    0.240524    0.253814    0.267442    0.281405    0.295700    
0.000000    0.000261    0.001025    0.002291    0.004059    0.006328    0.009097    0.012366    0.016134    0.020400    0.025162    0.030419    0.036169    0.042411    0.049143    0.056363    0.064068    0.072257    0.080928    0.090077    0.099702    0.109801    0.120370    0.131407    0.142909    0.154872    0.167294    0.180170    0.193499    0.207275    0.221496    0.236158    0.251257    0.266790    0.282752    0.299140    0.315950    0.333177    0.350818    0.368869    0.387325    
0.000000    0.000326    0.001280    0.002860    0.005067    0.007899    0.011354    0.015432    0.020130    0.025446    0.031377    0.037921    0.045076    0.052837    0.061201    0.070164    0.079723    0.089874    0.100611    0.111930    0.123827    0.136296    0.149333    0.162931    0.177086    0.191791    0.207042    0.222831    0.239154    0.256003    0.273373    0.291257    0.309649    0.328542    0.347929    0.367805    0.388163    0.408995    0.430295    0.452057    0.474273    
0.000000    0.000391    0.001535    0.003430    0.006075    0.009468    0.013608    0.018490    0.024113    0.030472    0.037563    0.045382    0.053923    0.063181    0.073151    0.083825    0.095197    0.107261    0.120009    0.133433    0.147526    0.162279    0.177685    0.193734    0.210418    0.227728    0.245654    0.264189    0.283321    0.303042    0.323342    0.344211    0.365641    0.387620    0.410140    0.433191    0.456763    0.480846    0.505430    0.530507    0.556066    
0.000000    0.000456    0.001790    0.003999    0.007082    0.011035    0.015856    0.021540    0.028082    0.035476    0.043715    0.052793    0.062701    0.073431    0.084974    0.097320    0.110460    0.124382    0.139077    0.154531    0.170735    0.187676    0.205341    0.223719    0.242796    0.262559    0.282996    0.304094    0.325839    0.348218    0.371217    0.394825    0.419027    0.443810    0.469162    0.495069    0.521519    0.548499    0.575996    0.603998    0.632494    
0.000000    0.000521    0.002044    0.004567    0.008087    0.012600    0.018100    0.024581    0.032035    0.040454    0.049828    0.060147    0.071399    0.083572    0.096653    0.110628    0.125484    0.141205    0.157775    0.175179    0.193402    0.212425    0.232233    0.252808    0.274134    0.296193    0.318968    0.342441    0.366596    0.391415    0.416882    0.442979    0.469690    0.496998    0.524888    0.553343    0.582347    0.611885    0.641943    0.672505    0.703556    
0.000000    0.000586    0.002299    0.005136    0.009092    0.014162    0.020337    0.027610    0.035969    0.045402    0.055896    0.067437    0.080007    0.093592    0.108172    0.123730    0.140246    0.157699    0.176070    0.195338    0.215481    0.236477    0.258306    0.280944    0.304371    0.328564    0.353502    0.379164    0.405528    0.432573    0.460278    0.488624    0.517590    0.547158    0.577307    0.608019    0.639276    0.671061    0.703355    0.736143    0.769409    
0.000000    0.000651    0.002554    0.005704    0.010095    0.015720    0.022568    0.030627    0.039882    0.050318    0.061915    0.074656    0.088518    0.103480    0.119518    0.136608    0.154724    0.173842    0.193935    0.214976    0.236938    0.259795    0.283520    0.308086    0.333466    0.359634    0.386564    0.414230    0.442608    0.471673    0.501400    0.531767    0.562751    0.594330    0.626481    0.659185    0.692421    0.726169    0.760412    0.795130    0.830306    
0.000000    0.000716    0.002808    0.006271    0.011097    0.017275    0.024791    0.033630    0.043773    0.055198    0.067881    0.081799    0.096923    0.113225    0.130676    0.149246    0.168902    0.189612    0.211345    0.234068    0.257749    0.282354    0.307852    0.334210    0.361399    0.389386    0.418142    0.447638    0.477845    0.508735    0.540282    0.572459    0.605241    0.638605    0.672526    0.706982    0.741952    0.777414    0.813349    0.849738    0.886562    
0.000000    0.000781    0.003063    0.006838    0.012097    0.018825    0.027006    0.036619    0.047639    0.060039    0.073790    0.088859    0.105214    0.122819    0.141638    0.161632    0.182764    0.204995    0.228286    0.252599    0.277895    0.304137    0.331286    0.359308    0.388165    0.417823    0.448248    0.479408    0.511271    0.543807    0.576986    0.610781    0.645163    0.680108    0.715590    0.751586    0.788074    0.825030    0.862436    0.900272    0.938517    
0.000000    0.000846    0.003317    0.007404    0.013095    0.020372    0.029213    0.039592    0.051478    0.064839    0.079637    0.095833    0.113386    0.132254    0.152392    0.173755    0.196299    0.219977    0.244744    0.270556    0.297368    0.325138    0.353822    0.383381    0.413773    0.444962    0.476909    0.509580    0.542940    0.576956    0.611598    0.646835    0.682640    0.718985    0.755844    0.793193    0.831009    0.869270    0.907955    0.947045    0.986519    
0.000000    0.000911    0.003571    0.007969    0.014091    0.021914    0.031410    0.042547    0.055289    0.069594    0.085418    0.102714    0.121433    0.141522    0.162931    0.185608    0.209498    0.234550    0.260712    0.287934    0.316165    0.345358    0.375465    0.406442    0.438245    0.470833    0.504166    0.538205    0.572916    0.608263    0.644215    0.680739    0.717808    0.755392    0.793466    0.832006    0.870987    0.910387    0.950187    0.990365    1.030904    
0.000000    0.000976    0.003825    0.008534    0.015085    0.023450    0.033597    0.045485    0.059071    0.074304    0.091132    0.109500    0.129348    0.150619    0.173250    0.197183    0.222356    0.248710    0.276188    0.304733    0.334289    0.364805    0.396229    0.428512    0.461609    0.495475    0.530067    0.565347    0.601276    0.637820    0.674943    0.712616    0.750808    0.789491    0.828638    0.868226    0.908229    0.948628    0.989400    1.030527    1.071991    
0.000000    0.001041    0.004079    0.009099    0.016077    0.024982    0.035773    0.048404    0.062820    0.078965    0.096775    0.116186    0.137130    0.159539    0.183343    0.208476    0.234868    0.262455    0.291172    0.320956    0.351749    0.383493    0.416133    0.449619    0.483901    0.518932    0.554670    0.591072    0.628100    0.665719    0.703893    0.742591    0.781783    0.821440    0.861537    0.902049    0.942953    0.984228    1.025852    1.067808    1.110077    
0.000000    0.001106    0.004333    0.009662    0.017067    0.026508    0.037938    0.051302    0.066537    0.083575    0.102344    0.122769    0.144773    0.168278    0.193208    0.219485    0.247035    0.275785    0.305666    0.336611    0.368555    0.401438    0.435202    0.469793    0.505160    0.541255    0.578033    0.615452    0.653472    0.692058    0.731173    0.770788    0.810871    0.851395    0.892334    0.933663    0.975361    1.017407    1.059779    1.102462    1.145436    
0.000000    0.001171    0.004586    0.010225    0.018054    0.028028    0.040092    0.054180    0.070220    0.088133    0.107837    0.129247    0.152275    0.176835    0.202841    0.230208    0.258855    0.288704    0.319678    0.351707    0.384722    0.418661    0.453461    0.489069    0.525429    0.562495    0.600219    0.638559    0.677475    0.716931    0.756892    0.797327    0.838206    0.879501    0.921188    0.963243    1.005643    1.048369    1.091401    1.134722    1.178316    
0.000000    0.001236    0.004839    0.010787    0.019038    0.029542    0.042233    0.057035    0.073866    0.092637    0.113252    0.135617    0.159634    0.185207    0.212242    0.240646    0.270332    0.301215    0.333215    0.366257    0.400269    0.435185    0.470942    0.507483    0.544754    0.582705    0.621289    0.660464    0.700190    0.740431    0.781152    0.822323    0.863914    0.905898    0.948252    0.990951    1.033974    1.077302    1.120918    1.164802    1.208941    
0.000001    0.001301    0.005093    0.011347    0.020020    0.031049    0.044361    0.059868    0.077477    0.097085    0.118587    0.141878    0.166848    0.193393    0.221410    0.250801    0.281469    0.313327    0.346289    0.380276    0.415214    0.451035    0.487674    0.525074    0.563178    0.601937    0.641305    0.681238    0.721698    0.762647    0.804053    0.845885    0.888114    0.930715    0.973663    1.016936    1.060514    1.104378    1.148510    1.192894    1.237515    
0.000001    0.001366    0.005346    0.011907    0.020999    0.032550    0.046476    0.062678    0.081049    0.101476    0.123842    0.148027    0.173916    0.201393    0.230348    0.260674    0.292272    0.325046    0.358909    0.393778    0.429577    0.466236    0.503690    0.541879    0.580748    0.620246    0.660327    0.700949    0.742073    0.783664    0.825687    0.868115    0.910918    0.954071    0.997552    1.041339    1.085411    1.129752    1.174344    1.219171    1.264220    
0.000001    0.001431    0.005598    0.012466    0.021975    0.034044    0.048577    0.065463    0.084583    0.105809    0.129013    0.154066    0.180838    0.209208    0.239056    0.270271    0.302745    0.336382    0.371089    0.406781    0.443381    0.480816    0.519021    0.557936    0.597506    0.637680    0.678413    0.719662    0.761389    0.803560    0.846143    0.889107    0.932427    0.976077    1.020036    1.064283    1.108799    1.153566    1.198568    1.243791    1.289221    
0.000001    0.001496    0.005851    0.013024    0.022948    0.035531    0.050664    0.068224    0.088077    0.110083    0.134102    0.159991    0.187614    0.216838    0.247538    0.279594    0.312897    0.347345    0.382842    0.419302    0.456645    0.494800    0.533699    0.573283    0.613496    0.654290    0.695617    0.737438    0.779714    0.822412    0.865500    0.908950    0.952737    0.996835    1.041225    1.085885    1.130798    1.175947    1.221317    1.266894    1.312665    
0.000001    0.001560    0.006103    0.013581    0.023917    0.037010    0.052736    0.070959    0.091530    0.114297    0.139106    0.165804    0.194244    0.224285    0.255795    0.288650    0.322735    0.357944    0.394181    0.431358    0.469393    0.508215    0.547755    0.587955    0.628760    0.670121    0.711993    0.754335    0.797112    0.840289    0.883836    0.927727    0.971935    1.016439    1.061216    1.106249    1.151520    1.197013    1.242713    1.288608    1.334684    
0.000001    0.001625    0.006355    0.014137    0.024884    0.038481    0.054793    0.073668    0.094943    0.118451    0.144026    0.171504    0.200729    0.231551    0.263832    0.297443    0.332266    0.368192    0.405122    0.442967    0.481646    0.521086    0.561220    0.601988    0.643338    0.685220    0.727590    0.770410    0.813642    0.857256    0.901221    0.945511    0.990103    1.034973    1.080102    1.125471    1.171065    1.216868    1.262866    1.309046    1.355397    
0.000001    0.001690    0.006607    0.014692    0.025846    0.039944    0.056835    0.076350    0.098314    0.122544    0.148861    0.177092    0.207069    0.238638    0.271653    0.305980    0.341499    0.378098    0.415678    0.454147    0.493425    0.533439    0.574122    0.615415    0.657266    0.699627    0.742455    0.785712    0.829362    0.873374    0.917720    0.962374    1.007313    1.052516    1.097964    1.143639    1.189525    1.235608    1.281874    1.328312    1.374911    
0.000001    0.001755    0.006859    0.015245    0.026806    0.041399    0.058861    0.079006    0.101642    0.126575    0.153612    0.182567    0.213267    0.245549    0.279261    0.314268    0.350443    0.387675    0.425863    0.464916    0.504752    0.545298    0.586490    0.628269    0.670582    0.713384    0.756633    0.800290    0.844322    0.888699    0.933392    0.978378    1.023635    1.069141    1.114878    1.160830    1.206981    1.253318    1.299829    1.346500    1.393322    
0.000001    0.001820    0.007110    0.015797    0.027761    0.042846    0.060870    0.081634    0.104929    0.130545    0.158277    0.187932    0.219325    0.252287    0.286663    0.322311    0.359107    0.396934    0.435692    0.475290    0.515646    0.556687    0.598351    0.640579    0.683320    0.726529    0.770164    0.814189    0.858572    0.903282    0.948294    0.993584    1.039129    1.084912    1.130913    1.177117    1.223510    1.270078    1.316810    1.363693    1.410719    
0.000001    0.001884    0.007362    0.016348    0.028713    0.044284    0.062864    0.084235    0.108172    0.134452    0.162859    0.193186    0.225243    0.258855    0.293861    0.330119    0.367499    0.405886    0.445179    0.485286    0.526127    0.567630    0.609731    0.652375    0.695511    0.739095    0.783087    0.827451    0.872156    0.917173    0.962477    1.008044    1.053855    1.099890    1.146132    1.192567    1.239180    1.285958    1.332891    1.379967    1.427178    
0.000001    0.001949    0.007612    0.016898    0.029661    0.045714    0.064841    0.086807    0.111372    0.138298    0.167356    0.198331    0.231025    0.265257    0.300863    0.337697    0.375628    0.414543    0.454337    0.494921    0.536214    0.578146    0.620655    0.663685    0.707187    0.751118    0.795439    0.840115    0.885117    0.930416    0.975987    1.021810    1.067863    1.114130    1.160593    1.207238    1.254052    1.301023    1.348139    1.395392    1.442771    
0.000001    0.002014    0.007863    0.017446    0.030605    0.047134    0.066801    0.089351    0.114529    0.142082    0.171770    0.203369    0.236673    0.271496    0.307671    0.345051    0.383504    0.422915    0.463180    0.504210    0.545926    0.588258    0.631146    0.674534    0.718375    0.762627    0.807252    0.852217    0.897493    0.943051    0.988870    1.034927    1.081203    1.127682    1.174347    1.221185    1.268184    1.315331    1.362616    1.410029    1.457562    
0.000001    0.002079    0.008113    0.017993    0.031544    0.048546    0.068743    0.091867    0.117642    0.145805    0.176101    0.208300    0.242188    0.277576    0.314293    0.352190    0.391136    0.431013    0.471720    0.513168    0.555279    0.597985    0.641225    0.684947    0.729103    0.773653    0.818560    0.863792    0.909319    0.955118    1.001163    1.047436    1.093918    1.140592    1.187444    1.234460    1.281627    1.328935    1.376375    1.423936    1.471610    
0.000001    0.002143    0.008363    0.018539    0.032480    0.049948    0.070669    0.094353    0.120712    0.149466    0.180351    0.213126    0.247574    0.283500    0.320733    0.359120    0.398530    0.438847    0.479970    0.521811    0.564292    0.607346    0.650915    0.694947    0.739396    0.784222    0.829390    0.874869    0.920631    0.966650    1.012906    1.059379    1.106050    1.152904    1.199927    1.247106    1.294429    1.341886    1.389467    1.437164    1.484968    
0.000001    0.002208    0.008613    0.019083    0.033412    0.051341    0.072576    0.096811    0.123739    0.153066    0.184519    0.217849    0.252833    0.289274    0.326996    0.365848    0.405697    0.446429    0.487943    0.530151    0.572979    0.616359    0.660235    0.704556    0.749277    0.794361    0.839771    0.885479    0.931457    0.977682    1.024133    1.070789    1.117635    1.164656    1.211837    1.259166    1.306633    1.354227    1.401938    1.449760    1.497684    
0.000001    0.002273    0.008862    0.019625    0.034339    0.052724    0.074466    0.099240    0.126722    0.156606    0.188607    0.222471    0.257969    0.294899    0.333087    0.372380    0.412645    0.453768    0.495649    0.538203    0.581355    0.625041    0.669204    0.713794    0.758769    0.804092    0.849728    0.895649    0.941828    0.988243    1.034874    1.081701    1.128709    1.175883    1.223211    1.270679    1.318278    1.365998    1.413831    1.461767    1.509801    
0.000001    0.002337    0.009111    0.020166    0.035261    0.054097    0.076338    0.101640    0.129662    0.160085    0.192617    0.226993    0.262983    0.300382    0.339013    0.378723    0.419381    0.460873    0.503101    0.545980    0.589436    0.633408    0.677839    0.722681    0.767893    0.813439    0.859285    0.905404    0.951770    0.998362    1.045159    1.092145    1.139303    1.186620    1.234082    1.281680    1.329402    1.377238    1.425182    1.473225    1.521361    
0.000001    0.002402    0.009360    0.020706    0.036180    0.055461    0.078193    0.104010    0.132559    0.163505    0.196548    0.231418    0.267879    0.305724    0.344777    0.384884    0.425914    0.467754    0.510308    0.553493    0.597235    0.641475    0.686157    0.731235    0.776668    0.822421    0.868463    0.914767    0.961307    1.008063    1.055016    1.102149    1.149447    1.196896    1.244484    1.292201    1.340036    1.387981    1.436028    1.484170    1.532399    
0.000001    0.002466    0.009608    0.021243    0.037093    0.056814    0.080029    0.106352    0.135412    0.166867    0.200403    0.235747    0.272659    0.310931    0.350384    0.390868    0.432250    0.474420    0.517282    0.560754    0.604765    0.649256    0.694173    0.739472    0.785112    0.831060    0.877285    0.923760    0.970463    1.017372    1.064470    1.111739    1.159167    1.206739    1.254444    1.302271    1.350212    1.398258    1.446401    1.494634    1.542951    
0.000001    0.002531    0.009856    0.021780    0.038002    0.058158    0.081847    0.108664    0.138224    0.170169    0.204182    0.239982    0.277326    0.316005    0.355841    0.396682    0.438398    0.480879    0.524031    0.567774    0.612038    0.656765    0.701904    0.747409    0.793243    0.839373    0.885769    0.932405    0.979259    1.026311    1.073543    1.120941    1.168489    1.216175    1.263989    1.311919    1.359958    1.408098    1.456329    1.504647    1.553045    
0.000001    0.002596    0.010104    0.022314    0.038907    0.059491    0.083646    0.110947    0.140993    0.173415    0.207888    0.244126    0.281884    0.320952    0.361151    0.402331    0.444364    0.487140    0.530566    0.574564    0.619067    0.664016    0.709362    0.755061    0.801077    0.847377    0.893932    0.940719    0.987715    1.034900    1.082258    1.129775    1.177435    1.225228    1.273143    1.321170    1.369301    1.417527    1.465842    1.514239    1.562712    
