0.000000    0.000000    0.000001    0.000001    0.000002    0.000003    0.000005    0.000006    0.000008    0.000010    0.000013    0.000015    0.000018    0.000021    0.000025    0.000028    0.000032    0.000036    0.000041    0.000045    0.000050    0.000055    0.000061    0.000066    0.000072    0.000078    0.000085    0.000091    0.000098    0.000105    0.000113    0.000120    0.000128    0.000136    0.000145    0.000153    0.000162    0.000171    0.000181    0.000190    0.000200    
0.000000    0.000321    0.001259    0.002814    0.004986    0.007775    0.011181    0.015204    0.019844    0.025100    0.030973    0.037463    0.044569    0.052291    0.060630    0.069585    0.079155    0.089341    0.100143    0.111560    0.123592    0.136239    0.149501    0.163377    0.177867    0.192972    0.208690    0.225021    0.241966    0.259524    0.277694    0.296476    0.315870    0.335876    0.356493    0.377721    0.399559    0.422008    0.445066    0.468734    0.493010    
0.000000    0.001193    0.004677    0.010455    0.018524    0.028884    0.041536    0.056478    0.073708    0.093227    0.115033    0.139125    0.165500    0.194158    0.225097    0.258314    0.293809    0.331577    0.371618    0.413929    0.458508    0.505350    0.554455    0.605818    0.659437    0.715308    0.773429    0.833794    0.896402    0.961248    1.028328    1.097639    1.169175    1.242934    1.318910    1.397100    1.477497    1.560099    1.644900    1.731894    1.821078    
0.000001    0.002517    0.009873    0.022067    0.039098    0.060963    0.087660    0.119186    0.155537    0.196708    0.242694    0.293491    0.349090    0.409486    0.474672    0.544639    0.619379    0.698883    0.783142    0.872145    0.965881    1.064340    1.167510    1.275378    1.387933    1.505160    1.627045    1.753576    1.884737    2.020513    2.160888    2.305847    2.455372    2.609447    2.768056    2.931179    3.098798    3.270897    3.447454    3.628452    3.813870    
0.000002    0.004198    0.016464    0.036796    0.065191    0.101644    0.146147    0.198691    0.259268    0.327864    0.404467    0.489063    0.581635    0.682165    0.790635    0.907025    1.031311    1.163472    1.303482    1.451316    1.606947    1.770345    1.941481    2.120325    2.306843    2.501004    2.702771    2.912110    3.128983    3.353354    3.585183    3.824431    4.071057    4.325020    4.586277    4.854784    5.130499    5.413375    5.703368    6.000432    6.304518    
0.000002    0.006137    0.024066    0.053786    0.095288    0.148561    0.213592    0.290363    0.378855    0.479043    0.590902    0.714403    0.849513    0.996198    1.154421    1.324140    1.505313    1.697894    1.901835    2.117085    2.343591    2.581297    2.830145    3.090076    3.361027    3.642934    3.935730    4.239349    4.553719    4.878768    5.214425    5.560613    5.917257    6.284278    6.661597    7.049134    7.446808    7.854535    8.272233    8.699815    9.137198    
0.000003    0.008236    0.032298    0.072181    0.127873    0.199354    0.286602    0.389586    0.508275    0.642628    0.792603    0.958150    1.139216    1.335744    1.547670    1.774929    2.017448    2.275153    2.547963    2.835796    3.138564    3.456177    3.788541    4.135557    4.497126    4.873144    5.263503    5.668096    6.086810    6.519531    6.966142    7.426526    7.900562    8.388128    8.889100    9.403352    9.930759    10.471193    11.024524    11.590623    12.169359    
0.000004    0.010398    0.040777    0.091129    0.161434    0.251665    0.361787    0.491758    0.641528    0.811040    1.000230    1.209026    1.437350    1.685117    1.952237    2.238611    2.544136    2.868703    3.212196    3.574496    3.955477    4.355008    4.772956    5.209180    5.663539    6.135884    6.626065    7.133929    7.659319    8.202075    8.762035    9.339034    9.932907    10.543484    11.170597    11.814072    12.473739    13.149423    13.840949    14.548144    15.270831    
0.000005    0.012526    0.049121    0.109773    0.194458    0.303137    0.435765    0.592286    0.772632    0.976727    1.204487    1.455816    1.730611    2.028759    2.350141    2.694628    3.062084    3.452366    3.865323    4.300799    4.758632    5.238653    5.740688    6.264559    6.810081    7.377068    7.965329    8.574668    9.204888    9.855787    10.527164    11.218812    11.930525    12.662094    13.413310    14.183962    14.973838    15.782727    16.610416    17.456694    18.321349    
0.000006    0.014522    0.056947    0.127262    0.225434    0.351419    0.505159    0.686585    0.895615    1.132157    1.396105    1.687346    2.005752    2.351188    2.723509    3.122559    3.548175    4.000186    4.478413    4.982669    5.512762    6.068493    6.649657    7.256047    7.887448    8.543642    9.224410    9.929526    10.658765    11.411898    12.188694    12.988923    13.812351    14.658744    15.527870    16.419495    17.333383    18.269303    19.227020    20.206303    21.206920    
0.000006    0.016288    0.063873    0.142740    0.252851    0.394155    0.566588    0.770070    1.004508    1.269798    1.565821    1.892447    2.249536    2.636934    3.054480    3.502002    3.979319    4.486243    5.022577    5.588118    6.182659    6.805984    7.457874    8.138108    8.846458    9.582696    10.346591    11.137908    11.956415    12.801876    13.674056    14.572718    15.497628    16.448550    17.425249    18.427493    19.455047    20.507681    21.585162    22.687261    23.813748    
0.000007    0.017727    0.069518    0.155354    0.275197    0.428993    0.616672    0.838151    1.093333    1.382105    1.704345    2.059917    2.448674    2.870459    3.325104    3.812433    4.332263    4.884403    5.468656    6.084819    6.732687    7.412048    8.122689    8.864395    9.636947    10.440129    11.273721    12.137505    13.031261    13.954772    14.907821    15.890191    16.901666    17.942031    19.011072    20.108575    21.234324    22.388106    23.569703    24.778898    26.015471    
0.000007    0.018742    0.073497    0.164249    0.290960    0.453574    0.652025    0.886229    1.156091    1.461502    1.802341    2.178478    2.589769    3.036064    3.517204    4.033021    4.583342    5.167989    5.786778    6.439523    7.126034    7.846120    8.599586    9.386238    10.205883    11.058323    11.943364    12.860810    13.810465    14.792129    15.805606    16.850693    17.927186    19.034876    20.173547    21.342979    22.542939    23.773187    25.033466    26.323505    27.643018    
0.000007    0.019235    0.075430    0.168571    0.298624    0.465537    0.669248    0.909683    1.186751    1.500355    1.850384    2.236716    2.659222    3.117764    3.612195    4.142363    4.708106    5.309260    5.945654    6.617112    7.323453    8.064492    8.840037    9.649892    10.493853    11.371708    12.283238    13.228209    14.206376    15.217477    16.261229    17.337327    18.445438    19.585195    20.756192    21.957979    23.190056    24.451859    25.742760    27.062050    28.408931    
0.000007    0.019108    0.074933    0.167464    0.296672    0.462514    0.664935    0.903870    1.179241    1.490958    1.838922    2.223019    2.643124    3.099102    3.590803    4.118065    4.680710    5.278545    5.911361    6.578927    7.280991    8.017276    8.787474    9.591244    10.428204    11.297927    12.199928    13.133660    14.098501    15.093738    16.118558    17.172023    18.253054    19.360405    20.492634    21.648066    22.824758    24.020440    25.232459    26.457705    27.692511    
0.000007    0.018263    0.071623    0.160072    0.283586    0.442131    0.635661    0.864116    1.127424    1.425494    1.758217    2.125461    2.527071    2.962859    3.432605    3.936046    4.472875    5.042729    5.645179    6.279724    6.945774    7.642637    8.369500    9.125410    9.909244    10.719684    11.555177    12.413890    13.293657    14.191908    15.105585    16.031036    16.963870    17.898781    18.829302    19.747477    20.643398    21.504536    22.314753    23.052750    23.689532    
0.000006    0.016604    0.065118    0.145538    0.257845    0.402009    0.577985    0.785708    1.025086    1.295991    1.598253    1.931647    2.295880    2.690576    3.115262    3.569341    4.052076    4.562556    5.099666    5.662048    6.248049    6.855667    7.482477    8.125541    8.781296    9.445405    10.112571    10.776281    11.428465    12.059018    12.655119    13.200221    13.672507    14.042390    14.268254    14.288603    14.006088    13.250045    11.666808    8.226691    