unnorm_init[10.00,0.00,0.00,3.00]_dt0.01000_m[90, 1].txt
Eccentricity : 0.000000 

Error of arcl_geod | mean = 3.634486, max = 9.987963, min = 0.000002
Error of newtonian | mean = 3.634486, max = 9.987963, min = 0.000002

   ||arc domain geodesic ||     newtonian
num||degree   | error    || degree   | error    
  1||0.000000 | 0.000000 || 0.000000 | 0.000000 
  2||0.003000 | 0.000045 || 0.003000 | 0.000045 
  3||0.006000 | 0.000180 || 0.006000 | 0.000180 
  4||0.009000 | 0.000405 || 0.009000 | 0.000405 
  5||0.012000 | 0.000720 || 0.012000 | 0.000720 
  6||0.015000 | 0.001125 || 0.015000 | 0.001125 
  7||0.018000 | 0.001620 || 0.018000 | 0.001620 
  8||0.021000 | 0.002205 || 0.021000 | 0.002205 
  9||0.024000 | 0.002880 || 0.024000 | 0.002880 
 10||0.027000 | 0.003645 || 0.027000 | 0.003645 
 11||0.030000 | 0.004500 || 0.030000 | 0.004500 
 12||0.033000 | 0.005445 || 0.033000 | 0.005445 
 13||0.036000 | 0.006479 || 0.036000 | 0.006479 
 14||0.039000 | 0.007604 || 0.039000 | 0.007604 
 15||0.042000 | 0.008819 || 0.042000 | 0.008819 
 16||0.045000 | 0.010123 || 0.045000 | 0.010123 
 17||0.048000 | 0.011518 || 0.048000 | 0.011518 
 18||0.051000 | 0.013002 || 0.051000 | 0.013002 
 19||0.054000 | 0.014576 || 0.054000 | 0.014576 
 20||0.057000 | 0.016241 || 0.057000 | 0.016241 
 21||0.060000 | 0.017995 || 0.060000 | 0.017995 
 22||0.063000 | 0.019838 || 0.063000 | 0.019838 
 23||0.066000 | 0.021772 || 0.066000 | 0.021772 
 24||0.069000 | 0.023796 || 0.069000 | 0.023796 
 25||0.072000 | 0.025909 || 0.072000 | 0.025909 
 26||0.075000 | 0.028112 || 0.075000 | 0.028112 
 27||0.078000 | 0.030405 || 0.078000 | 0.030405 
 28||0.081000 | 0.032787 || 0.081000 | 0.032787 
 29||0.084000 | 0.035259 || 0.084000 | 0.035259 
 30||0.087000 | 0.037821 || 0.087000 | 0.037821 
 31||0.090000 | 0.040473 || 0.090000 | 0.040473 
 32||0.093000 | 0.043214 || 0.093000 | 0.043214 
 33||0.096000 | 0.046045 || 0.096000 | 0.046045 
 34||0.099000 | 0.048965 || 0.099000 | 0.048965 
 35||0.102000 | 0.051975 || 0.102000 | 0.051975 
 36||0.105000 | 0.055074 || 0.105000 | 0.055074 
 37||0.108000 | 0.058263 || 0.108000 | 0.058263 
 38||0.111000 | 0.061542 || 0.111000 | 0.061542 
 39||0.114000 | 0.064910 || 0.114000 | 0.064910 
 40||0.117000 | 0.068367 || 0.117000 | 0.068367 
 41||0.120000 | 0.071914 || 0.120000 | 0.071914 
 42||0.123000 | 0.075550 || 0.123000 | 0.075550 
 43||0.126000 | 0.079275 || 0.126000 | 0.079275 
 44||0.129000 | 0.083090 || 0.129000 | 0.083090 
 45||0.132000 | 0.086994 || 0.132000 | 0.086994 
 46||0.135000 | 0.090987 || 0.135000 | 0.090987 
 47||0.138000 | 0.095069 || 0.138000 | 0.095069 
 48||0.141000 | 0.099240 || 0.141000 | 0.099240 
 49||0.144000 | 0.103501 || 0.144000 | 0.103501 
 50||0.147000 | 0.107851 || 0.147000 | 0.107851 
 51||0.150000 | 0.112289 || 0.150000 | 0.112289 
 52||0.153000 | 0.116817 || 0.153000 | 0.116817 
 53||0.156000 | 0.121433 || 0.156000 | 0.121433 
 54||0.159000 | 0.126139 || 0.159000 | 0.126139 
 55||0.162000 | 0.130933 || 0.162000 | 0.130933 
 56||0.165000 | 0.135816 || 0.165000 | 0.135816 
 57||0.168000 | 0.140788 || 0.168000 | 0.140788 
 58||0.171000 | 0.145849 || 0.171000 | 0.145849 
 59||0.174000 | 0.150998 || 0.174000 | 0.150998 
 60||0.177000 | 0.156236 || 0.177000 | 0.156236 
 61||0.180000 | 0.161563 || 0.180000 | 0.161563 
 62||0.183000 | 0.166978 || 0.183000 | 0.166978 
 63||0.186000 | 0.172482 || 0.186000 | 0.172482 
 64||0.189000 | 0.178074 || 0.189000 | 0.178074 
 65||0.192000 | 0.183754 || 0.192000 | 0.183754 
 66||0.195000 | 0.189523 || 0.195000 | 0.189523 
 67||0.198000 | 0.195380 || 0.198000 | 0.195380 
 68||0.201000 | 0.201326 || 0.201000 | 0.201326 
 69||0.204000 | 0.207359 || 0.204000 | 0.207359 
 70||0.207000 | 0.213481 || 0.207000 | 0.213481 
 71||0.210000 | 0.219691 || 0.210000 | 0.219691 
 72||0.213000 | 0.225989 || 0.213000 | 0.225989 
 73||0.216000 | 0.232374 || 0.216000 | 0.232374 
 74||0.219000 | 0.238848 || 0.219000 | 0.238848 
 75||0.222000 | 0.245410 || 0.222000 | 0.245410 
 76||0.225000 | 0.252059 || 0.225000 | 0.252059 
 77||0.228000 | 0.258796 || 0.228000 | 0.258796 
 78||0.231000 | 0.265621 || 0.231000 | 0.265621 
 79||0.234000 | 0.272533 || 0.234000 | 0.272533 
 80||0.237000 | 0.279533 || 0.237000 | 0.279533 
 81||0.240000 | 0.286620 || 0.240000 | 0.286620 
 82||0.243000 | 0.293795 || 0.243000 | 0.293795 
 83||0.246000 | 0.301057 || 0.246000 | 0.301057 
 84||0.249000 | 0.308407 || 0.249000 | 0.308407 
 85||0.252000 | 0.315843 || 0.252000 | 0.315843 
 86||0.255000 | 0.323367 || 0.255000 | 0.323367 
 87||0.258000 | 0.330978 || 0.258000 | 0.330978 
 88||0.261000 | 0.338676 || 0.261000 | 0.338676 
 89||0.264000 | 0.346461 || 0.264000 | 0.346461 
 90||0.267000 | 0.354332 || 0.267000 | 0.354332 
 91||0.270000 | 0.362291 || 0.270000 | 0.362291 
 92||0.273000 | 0.370336 || 0.273000 | 0.370336 
 93||0.276000 | 0.378468 || 0.276000 | 0.378468 
 94||0.279000 | 0.386687 || 0.279000 | 0.386687 
 95||0.282000 | 0.394992 || 0.282000 | 0.394992 
 96||0.285000 | 0.403383 || 0.285000 | 0.403383 
 97||0.288000 | 0.411861 || 0.288000 | 0.411861 
 98||0.291000 | 0.420426 || 0.291000 | 0.420426 
 99||0.294000 | 0.429076 || 0.294000 | 0.429076 
100||0.297000 | 0.437813 || 0.297000 | 0.437813 
101||0.300000 | 0.446635 || 0.300000 | 0.446635 
102||0.303000 | 0.455544 || 0.303000 | 0.455544 
103||0.306000 | 0.464538 || 0.306000 | 0.464538 
104||0.309000 | 0.473618 || 0.309000 | 0.473618 
105||0.312000 | 0.482785 || 0.312000 | 0.482785 
106||0.315000 | 0.492036 || 0.315000 | 0.492036 
107||0.318000 | 0.501373 || 0.318000 | 0.501373 
108||0.321000 | 0.510796 || 0.321000 | 0.510796 
109||0.324000 | 0.520304 || 0.324000 | 0.520304 
110||0.327000 | 0.529898 || 0.327000 | 0.529898 
111||0.330000 | 0.539577 || 0.330000 | 0.539577 
112||0.333000 | 0.549340 || 0.333000 | 0.549340 
113||0.336000 | 0.559189 || 0.336000 | 0.559189 
114||0.339000 | 0.569123 || 0.339000 | 0.569123 
115||0.342000 | 0.579142 || 0.342000 | 0.579142 
116||0.345000 | 0.589245 || 0.345000 | 0.589245 
117||0.348000 | 0.599434 || 0.348000 | 0.599434 
118||0.351000 | 0.609707 || 0.351000 | 0.609707 
119||0.354000 | 0.620064 || 0.354000 | 0.620064 
120||0.357000 | 0.630506 || 0.357000 | 0.630506 
121||0.360000 | 0.641032 || 0.360000 | 0.641032 
122||0.363000 | 0.651642 || 0.363000 | 0.651642 
123||0.366000 | 0.662337 || 0.366000 | 0.662337 
124||0.369000 | 0.673115 || 0.369000 | 0.673115 
125||0.372000 | 0.683977 || 0.372000 | 0.683977 
126||0.375000 | 0.694924 || 0.375000 | 0.694924 
127||0.378000 | 0.705954 || 0.378000 | 0.705954 
128||0.381000 | 0.717067 || 0.381000 | 0.717067 
129||0.384000 | 0.728265 || 0.384000 | 0.728265 
130||0.387000 | 0.739545 || 0.387000 | 0.739545 
131||0.390000 | 0.750909 || 0.390000 | 0.750909 
132||0.393000 | 0.762357 || 0.393000 | 0.762357 
133||0.396000 | 0.773887 || 0.396000 | 0.773887 
134||0.399000 | 0.785500 || 0.399000 | 0.785500 
135||0.402000 | 0.797197 || 0.402000 | 0.797197 
136||0.405000 | 0.808976 || 0.405000 | 0.808976 
137||0.408000 | 0.820838 || 0.408000 | 0.820838 
138||0.411000 | 0.832782 || 0.411000 | 0.832782 
139||0.414000 | 0.844809 || 0.414000 | 0.844809 
140||0.417000 | 0.856919 || 0.417000 | 0.856919 
141||0.420000 | 0.869111 || 0.420000 | 0.869111 
142||0.423000 | 0.881384 || 0.423000 | 0.881384 
143||0.426000 | 0.893740 || 0.426000 | 0.893740 
144||0.429000 | 0.906178 || 0.429000 | 0.906178 
145||0.432000 | 0.918698 || 0.432000 | 0.918698 
146||0.435000 | 0.931300 || 0.435000 | 0.931300 
147||0.438000 | 0.943983 || 0.438000 | 0.943983 
148||0.441000 | 0.956747 || 0.441000 | 0.956747 
149||0.444000 | 0.969593 || 0.444000 | 0.969593 
150||0.447000 | 0.982521 || 0.447000 | 0.982521 
151||0.450000 | 0.995529 || 0.450000 | 0.995529 
152||0.453000 | 1.008618 || 0.453000 | 1.008618 
153||0.456000 | 1.021789 || 0.456000 | 1.021789 
154||0.459000 | 1.035040 || 0.459000 | 1.035040 
155||0.462000 | 1.048372 || 0.462000 | 1.048372 
156||0.465000 | 1.061784 || 0.465000 | 1.061784 
157||0.468000 | 1.075277 || 0.468000 | 1.075277 
158||0.471000 | 1.088850 || 0.471000 | 1.088850 
159||0.474000 | 1.102504 || 0.474000 | 1.102504 
160||0.477000 | 1.116237 || 0.477000 | 1.116237 
161||0.480000 | 1.130051 || 0.480000 | 1.130051 
162||0.483000 | 1.143944 || 0.483000 | 1.143944 
163||0.486000 | 1.157917 || 0.486000 | 1.157917 
164||0.489000 | 1.171970 || 0.489000 | 1.171970 
165||0.492000 | 1.186102 || 0.492000 | 1.186102 
166||0.495000 | 1.200313 || 0.495000 | 1.200313 
167||0.498000 | 1.214603 || 0.498000 | 1.214603 
168||0.501000 | 1.228973 || 0.501000 | 1.228973 
169||0.504000 | 1.243422 || 0.504000 | 1.243422 
170||0.507000 | 1.257949 || 0.507000 | 1.257949 
171||0.510000 | 1.272555 || 0.510000 | 1.272555 
172||0.513000 | 1.287239 || 0.513000 | 1.287239 
173||0.516000 | 1.302002 || 0.516000 | 1.302002 
174||0.519000 | 1.316844 || 0.519000 | 1.316844 
175||0.522000 | 1.331763 || 0.522000 | 1.331763 
176||0.525000 | 1.346761 || 0.525000 | 1.346761 
177||0.528000 | 1.361836 || 0.528000 | 1.361836 
178||0.531000 | 1.376989 || 0.531000 | 1.376989 
179||0.534000 | 1.392220 || 0.534000 | 1.392220 
180||0.537000 | 1.407528 || 0.537000 | 1.407528 
181||0.540000 | 1.422913 || 0.540000 | 1.422913 
182||0.543000 | 1.438376 || 0.543000 | 1.438376 
183||0.546000 | 1.453916 || 0.546000 | 1.453916 
184||0.549000 | 1.469532 || 0.549000 | 1.469532 
185||0.552000 | 1.485226 || 0.552000 | 1.485226 
186||0.555000 | 1.500996 || 0.555000 | 1.500996 
187||0.558000 | 1.516842 || 0.558000 | 1.516842 
188||0.561000 | 1.532765 || 0.561000 | 1.532765 
189||0.564000 | 1.548764 || 0.564000 | 1.548764 
190||0.567000 | 1.564839 || 0.567000 | 1.564839 
191||0.570000 | 1.580990 || 0.570000 | 1.580990 
192||0.573000 | 1.597217 || 0.573000 | 1.597217 
193||0.576000 | 1.613520 || 0.576000 | 1.613520 
194||0.579000 | 1.629897 || 0.579000 | 1.629897 
195||0.582000 | 1.646351 || 0.582000 | 1.646351 
196||0.585000 | 1.662879 || 0.585000 | 1.662879 
197||0.588000 | 1.679483 || 0.588000 | 1.679483 
198||0.591000 | 1.696161 || 0.591000 | 1.696161 
199||0.594000 | 1.712914 || 0.594000 | 1.712914 
200||0.597000 | 1.729742 || 0.597000 | 1.729742 
201||0.600000 | 1.746644 || 0.600000 | 1.746644 
202||0.603000 | 1.763620 || 0.603000 | 1.763620 
203||0.606000 | 1.780671 || 0.606000 | 1.780671 
204||0.609000 | 1.797795 || 0.609000 | 1.797795 
205||0.612000 | 1.814994 || 0.612000 | 1.814994 
206||0.615000 | 1.832266 || 0.615000 | 1.832266 
207||0.618000 | 1.849611 || 0.618000 | 1.849611 
208||0.621000 | 1.867030 || 0.621000 | 1.867030 
209||0.624000 | 1.884522 || 0.624000 | 1.884522 
210||0.627000 | 1.902087 || 0.627000 | 1.902087 
211||0.630000 | 1.919725 || 0.630000 | 1.919725 
212||0.633000 | 1.937436 || 0.633000 | 1.937436 
213||0.636000 | 1.955219 || 0.636000 | 1.955219 
214||0.639000 | 1.973074 || 0.639000 | 1.973074 
215||0.642000 | 1.991002 || 0.642000 | 1.991002 
216||0.645000 | 2.009002 || 0.645000 | 2.009002 
217||0.648000 | 2.027074 || 0.648000 | 2.027074 
218||0.651000 | 2.045218 || 0.651000 | 2.045218 
219||0.654000 | 2.063433 || 0.654000 | 2.063433 
220||0.657000 | 2.081720 || 0.657000 | 2.081720 
221||0.660000 | 2.100078 || 0.660000 | 2.100078 
222||0.663000 | 2.118507 || 0.663000 | 2.118507 
223||0.666000 | 2.137007 || 0.666000 | 2.137007 
224||0.669000 | 2.155577 || 0.669000 | 2.155577 
225||0.672000 | 2.174219 || 0.672000 | 2.174219 
226||0.675000 | 2.192930 || 0.675000 | 2.192930 
227||0.678000 | 2.211713 || 0.678000 | 2.211713 
228||0.681000 | 2.230565 || 0.681000 | 2.230565 
229||0.684000 | 2.249487 || 0.684000 | 2.249487 
230||0.687000 | 2.268478 || 0.687000 | 2.268478 
231||0.690000 | 2.287540 || 0.690000 | 2.287540 
232||0.693000 | 2.306671 || 0.693000 | 2.306671 
233||0.696000 | 2.325871 || 0.696000 | 2.325871 
234||0.699000 | 2.345140 || 0.699000 | 2.345140 
235||0.702000 | 2.364478 || 0.702000 | 2.364478 
236||0.705000 | 2.383884 || 0.705000 | 2.383884 
237||0.708000 | 2.403360 || 0.708000 | 2.403360 
238||0.711000 | 2.422903 || 0.711000 | 2.422903 
239||0.714000 | 2.442515 || 0.714000 | 2.442515 
240||0.717000 | 2.462195 || 0.717000 | 2.462195 
241||0.720000 | 2.481943 || 0.720000 | 2.481943 
242||0.723000 | 2.501758 || 0.723000 | 2.501758 
243||0.726000 | 2.521641 || 0.726000 | 2.521641 
244||0.729000 | 2.541591 || 0.729000 | 2.541591 
245||0.732000 | 2.561608 || 0.732000 | 2.561608 
246||0.735000 | 2.581692 || 0.735000 | 2.581692 
247||0.738000 | 2.601843 || 0.738000 | 2.601843 
248||0.741000 | 2.622061 || 0.741000 | 2.622061 
249||0.744000 | 2.642345 || 0.744000 | 2.642345 
250||0.747000 | 2.662695 || 0.747000 | 2.662695 
251||0.750000 | 2.683111 || 0.750000 | 2.683111 
252||0.753000 | 2.703593 || 0.753000 | 2.703593 
253||0.756000 | 2.724141 || 0.756000 | 2.724141 
254||0.759000 | 2.744754 || 0.759000 | 2.744754 
255||0.762000 | 2.765433 || 0.762000 | 2.765433 
256||0.765000 | 2.786176 || 0.765000 | 2.786176 
257||0.768000 | 2.806985 || 0.768000 | 2.806985 
258||0.771000 | 2.827858 || 0.771000 | 2.827858 
259||0.774000 | 2.848796 || 0.774000 | 2.848796 
260||0.777000 | 2.869798 || 0.777000 | 2.869798 
261||0.780000 | 2.890865 || 0.780000 | 2.890865 
262||0.783000 | 2.911995 || 0.783000 | 2.911995 
263||0.786000 | 2.933189 || 0.786000 | 2.933189 
264||0.789000 | 2.954447 || 0.789000 | 2.954447 
265||0.792000 | 2.975768 || 0.792000 | 2.975768 
266||0.795000 | 2.997152 || 0.795000 | 2.997152 
267||0.798000 | 3.018600 || 0.798000 | 3.018600 
268||0.801000 | 3.040110 || 0.801000 | 3.040110 
269||0.804000 | 3.061683 || 0.804000 | 3.061683 
270||0.807000 | 3.083318 || 0.807000 | 3.083318 
271||0.810000 | 3.105016 || 0.810000 | 3.105016 
272||0.813000 | 3.126775 || 0.813000 | 3.126775 
273||0.816000 | 3.148597 || 0.816000 | 3.148597 
274||0.819000 | 3.170480 || 0.819000 | 3.170480 
275||0.822000 | 3.192424 || 0.822000 | 3.192424 
276||0.825000 | 3.214430 || 0.825000 | 3.214430 
277||0.828000 | 3.236497 || 0.828000 | 3.236497 
278||0.831000 | 3.258625 || 0.831000 | 3.258625 
279||0.834000 | 3.280814 || 0.834000 | 3.280814 
280||0.837000 | 3.303063 || 0.837000 | 3.303063 
281||0.840000 | 3.325372 || 0.840000 | 3.325372 
282||0.843000 | 3.347741 || 0.843000 | 3.347741 
283||0.846000 | 3.370170 || 0.846000 | 3.370170 
284||0.849000 | 3.392659 || 0.849000 | 3.392659 
285||0.852000 | 3.415207 || 0.852000 | 3.415207 
286||0.855000 | 3.437815 || 0.855000 | 3.437815 
287||0.858000 | 3.460482 || 0.858000 | 3.460482 
288||0.861000 | 3.483207 || 0.861000 | 3.483207 
289||0.864000 | 3.505991 || 0.864000 | 3.505991 
290||0.867000 | 3.528834 || 0.867000 | 3.528834 
291||0.870000 | 3.551735 || 0.870000 | 3.551735 
292||0.873000 | 3.574693 || 0.873000 | 3.574693 
293||0.876000 | 3.597710 || 0.876000 | 3.597710 
294||0.879000 | 3.620784 || 0.879000 | 3.620784 
295||0.882000 | 3.643916 || 0.882000 | 3.643916 
296||0.885000 | 3.667105 || 0.885000 | 3.667105 
297||0.888000 | 3.690351 || 0.888000 | 3.690351 
298||0.891000 | 3.713654 || 0.891000 | 3.713654 
299||0.894000 | 3.737013 || 0.894000 | 3.737013 
300||0.897000 | 3.760429 || 0.897000 | 3.760429 
301||0.900000 | 3.783900 || 0.900000 | 3.783900 
302||0.903000 | 3.807428 || 0.903000 | 3.807428 
303||0.906000 | 3.831012 || 0.906000 | 3.831012 
304||0.909000 | 3.854651 || 0.909000 | 3.854651 
305||0.912000 | 3.878345 || 0.912000 | 3.878345 
306||0.915000 | 3.902094 || 0.915000 | 3.902094 
307||0.918000 | 3.925899 || 0.918000 | 3.925899 
308||0.921000 | 3.949757 || 0.921000 | 3.949757 
309||0.924000 | 3.973671 || 0.924000 | 3.973671 
310||0.927000 | 3.997639 || 0.927000 | 3.997639 
311||0.930000 | 4.021660 || 0.930000 | 4.021660 
312||0.933000 | 4.045736 || 0.933000 | 4.045736 
313||0.936000 | 4.069865 || 0.936000 | 4.069865 
314||0.939000 | 4.094047 || 0.939000 | 4.094047 
315||0.942000 | 4.118283 || 0.942000 | 4.118283 
316||0.945000 | 4.142571 || 0.945000 | 4.142571 
317||0.948000 | 4.166912 || 0.948000 | 4.166912 
318||0.951000 | 4.191306 || 0.951000 | 4.191306 
319||0.954000 | 4.215752 || 0.954000 | 4.215752 
320||0.957000 | 4.240250 || 0.957000 | 4.240250 
321||0.960000 | 4.264800 || 0.960000 | 4.264800 
322||0.963000 | 4.289402 || 0.963000 | 4.289402 
323||0.966000 | 4.314055 || 0.966000 | 4.314055 
324||0.969000 | 4.338759 || 0.969000 | 4.338759 
325||0.972000 | 4.363514 || 0.972000 | 4.363514 
326||0.975000 | 4.388319 || 0.975000 | 4.388319 
327||0.978000 | 4.413176 || 0.978000 | 4.413176 
328||0.981000 | 4.438082 || 0.981000 | 4.438082 
329||0.984000 | 4.463039 || 0.984000 | 4.463039 
330||0.987000 | 4.488045 || 0.987000 | 4.488045 
331||0.990000 | 4.513101 || 0.990000 | 4.513101 
332||0.993000 | 4.538207 || 0.993000 | 4.538207 
333||0.996000 | 4.563361 || 0.996000 | 4.563361 
334||0.999000 | 4.588565 || 0.999000 | 4.588565 
335||1.002000 | 4.613817 || 1.002000 | 4.613817 
336||1.005000 | 4.639118 || 1.005000 | 4.639118 
337||1.008000 | 4.664467 || 1.008000 | 4.664467 
338||1.011000 | 4.689864 || 1.011000 | 4.689864 
339||1.014000 | 4.715309 || 1.014000 | 4.715309 
340||1.017000 | 4.740801 || 1.017000 | 4.740801 
341||1.020000 | 4.766340 || 1.020000 | 4.766340 
342||1.023000 | 4.791927 || 1.023000 | 4.791927 
343||1.026000 | 4.817561 || 1.026000 | 4.817561 
344||1.029000 | 4.843241 || 1.029000 | 4.843241 
345||1.032000 | 4.868968 || 1.032000 | 4.868968 
346||1.035000 | 4.894741 || 1.035000 | 4.894741 
347||1.038000 | 4.920559 || 1.038000 | 4.920559 
348||1.041000 | 4.946424 || 1.041000 | 4.946424 
349||1.044000 | 4.972334 || 1.044000 | 4.972334 
350||1.047000 | 4.998289 || 1.047000 | 4.998289 
351||1.050000 | 5.024290 || 1.050000 | 5.024290 
352||1.053000 | 5.050335 || 1.053000 | 5.050335 
353||1.056000 | 5.076424 || 1.056000 | 5.076424 
354||1.059000 | 5.102558 || 1.059000 | 5.102558 
355||1.062000 | 5.128736 || 1.062000 | 5.128736 
356||1.065000 | 5.154958 || 1.065000 | 5.154958 
357||1.068000 | 5.181223 || 1.068000 | 5.181223 
358||1.071000 | 5.207532 || 1.071000 | 5.207532 
359||1.074000 | 5.233884 || 1.074000 | 5.233884 
360||1.077000 | 5.260279 || 1.077000 | 5.260279 
361||1.080000 | 5.286716 || 1.080000 | 5.286716 
362||1.083000 | 5.313196 || 1.083000 | 5.313196 
363||1.086000 | 5.339718 || 1.086000 | 5.339718 
364||1.089000 | 5.366282 || 1.089000 | 5.366282 
365||1.092000 | 5.392888 || 1.092000 | 5.392888 
366||1.095000 | 5.419535 || 1.095000 | 5.419535 
367||1.098000 | 5.446224 || 1.098000 | 5.446224 
368||1.101000 | 5.472953 || 1.101000 | 5.472953 
369||1.104000 | 5.499723 || 1.104000 | 5.499723 
370||1.107000 | 5.526534 || 1.107000 | 5.526534 
371||1.110000 | 5.553385 || 1.110000 | 5.553385 
372||1.113000 | 5.580276 || 1.113000 | 5.580276 
373||1.116000 | 5.607206 || 1.116000 | 5.607206 
374||1.119000 | 5.634177 || 1.119000 | 5.634177 
375||1.122000 | 5.661186 || 1.122000 | 5.661186 
376||1.125000 | 5.688235 || 1.125000 | 5.688235 
377||1.128000 | 5.715322 || 1.128000 | 5.715322 
378||1.131000 | 5.742448 || 1.131000 | 5.742448 
379||1.134000 | 5.769612 || 1.134000 | 5.769612 
380||1.137000 | 5.796815 || 1.137000 | 5.796815 
381||1.140000 | 5.824055 || 1.140000 | 5.824055 
382||1.143000 | 5.851333 || 1.143000 | 5.851333 
383||1.146000 | 5.878648 || 1.146000 | 5.878648 
384||1.149000 | 5.906000 || 1.149000 | 5.906000 
385||1.152000 | 5.933389 || 1.152000 | 5.933389 
386||1.155000 | 5.960815 || 1.155000 | 5.960815 
387||1.158000 | 5.988277 || 1.158000 | 5.988277 
388||1.161000 | 6.015775 || 1.161000 | 6.015775 
389||1.164000 | 6.043309 || 1.164000 | 6.043309 
390||1.167000 | 6.070878 || 1.167000 | 6.070878 
391||1.170000 | 6.098483 || 1.170000 | 6.098483 
392||1.173000 | 6.126123 || 1.173000 | 6.126123 
393||1.176000 | 6.153798 || 1.176000 | 6.153798 
394||1.179000 | 6.181508 || 1.179000 | 6.181508 
395||1.182000 | 6.209251 || 1.182000 | 6.209251 
396||1.185000 | 6.237029 || 1.185000 | 6.237029 
397||1.188000 | 6.264841 || 1.188000 | 6.264841 
398||1.191000 | 6.292687 || 1.191000 | 6.292687 
399||1.194000 | 6.320566 || 1.194000 | 6.320566 
400||1.197000 | 6.348478 || 1.197000 | 6.348478 
401||1.200000 | 6.376422 || 1.200000 | 6.376422 
402||1.203000 | 6.404400 || 1.203000 | 6.404400 
403||1.206000 | 6.432410 || 1.206000 | 6.432410 
404||1.209000 | 6.460452 || 1.209000 | 6.460452 
405||1.212000 | 6.488525 || 1.212000 | 6.488525 
406||1.215000 | 6.516631 || 1.215000 | 6.516631 
407||1.218000 | 6.544767 || 1.218000 | 6.544767 
408||1.221000 | 6.572935 || 1.221000 | 6.572935 
409||1.224000 | 6.601134 || 1.224000 | 6.601134 
410||1.227000 | 6.629363 || 1.227000 | 6.629363 
411||1.230000 | 6.657623 || 1.230000 | 6.657623 
412||1.233000 | 6.685912 || 1.233000 | 6.685912 
413||1.236000 | 6.714232 || 1.236000 | 6.714232 
414||1.239000 | 6.742581 || 1.239000 | 6.742581 
415||1.242000 | 6.770959 || 1.242000 | 6.770959 
416||1.245000 | 6.799367 || 1.245000 | 6.799367 
417||1.248000 | 6.827803 || 1.248000 | 6.827803 
418||1.251000 | 6.856268 || 1.251000 | 6.856268 
419||1.254000 | 6.884761 || 1.254000 | 6.884761 
420||1.257000 | 6.913282 || 1.257000 | 6.913282 
421||1.260000 | 6.941831 || 1.260000 | 6.941831 
422||1.263000 | 6.970407 || 1.263000 | 6.970407 
423||1.266000 | 6.999011 || 1.266000 | 6.999011 
424||1.269000 | 7.027642 || 1.269000 | 7.027642 
425||1.272000 | 7.056299 || 1.272000 | 7.056299 
426||1.275000 | 7.084983 || 1.275000 | 7.084983 
427||1.278000 | 7.113693 || 1.278000 | 7.113693 
428||1.281000 | 7.142429 || 1.281000 | 7.142429 
429||1.284000 | 7.171191 || 1.284000 | 7.171191 
430||1.287000 | 7.199979 || 1.287000 | 7.199979 
431||1.290000 | 7.228791 || 1.290000 | 7.228791 
432||1.293000 | 7.257629 || 1.293000 | 7.257629 
433||1.296000 | 7.286491 || 1.296000 | 7.286491 
434||1.299000 | 7.315377 || 1.299000 | 7.315377 
435||1.302000 | 7.344288 || 1.302000 | 7.344288 
436||1.305000 | 7.373223 || 1.305000 | 7.373223 
437||1.308000 | 7.402181 || 1.308000 | 7.402181 
438||1.311000 | 7.431163 || 1.311000 | 7.431163 
439||1.314000 | 7.460168 || 1.314000 | 7.460168 
440||1.317000 | 7.489195 || 1.317000 | 7.489195 
441||1.320000 | 7.518245 || 1.320000 | 7.518245 
442||1.323000 | 7.547318 || 1.323000 | 7.547318 
443||1.326000 | 7.576413 || 1.326000 | 7.576413 
444||1.329000 | 7.605529 || 1.329000 | 7.605529 
445||1.332000 | 7.634667 || 1.332000 | 7.634667 
446||1.335000 | 7.663826 || 1.335000 | 7.663826 
447||1.338000 | 7.693007 || 1.338000 | 7.693007 
448||1.341000 | 7.722208 || 1.341000 | 7.722208 
449||1.344000 | 7.751429 || 1.344000 | 7.751429 
450||1.347000 | 7.780671 || 1.347000 | 7.780671 
451||1.350000 | 7.809933 || 1.350000 | 7.809933 
452||1.353000 | 7.839215 || 1.353000 | 7.839215 
453||1.356000 | 7.868516 || 1.356000 | 7.868516 
454||1.359000 | 7.897836 || 1.359000 | 7.897836 
455||1.362000 | 7.927175 || 1.362000 | 7.927175 
456||1.365000 | 7.956533 || 1.365000 | 7.956533 
457||1.368000 | 7.985909 || 1.368000 | 7.985909 
458||1.371000 | 8.015303 || 1.371000 | 8.015303 
459||1.374000 | 8.044715 || 1.374000 | 8.044715 
460||1.377000 | 8.074145 || 1.377000 | 8.074145 
461||1.380000 | 8.103592 || 1.380000 | 8.103592 
462||1.383000 | 8.133056 || 1.383000 | 8.133056 
463||1.386000 | 8.162537 || 1.386000 | 8.162537 
464||1.389000 | 8.192034 || 1.389000 | 8.192034 
465||1.392000 | 8.221548 || 1.392000 | 8.221548 
466||1.395000 | 8.251078 || 1.395000 | 8.251078 
467||1.398000 | 8.280623 || 1.398000 | 8.280623 
468||1.401000 | 8.310184 || 1.401000 | 8.310184 
469||1.404000 | 8.339760 || 1.404000 | 8.339760 
470||1.407000 | 8.369351 || 1.407000 | 8.369351 
471||1.410000 | 8.398957 || 1.410000 | 8.398957 
472||1.413000 | 8.428577 || 1.413000 | 8.428577 
473||1.416000 | 8.458211 || 1.416000 | 8.458211 
474||1.419000 | 8.487860 || 1.419000 | 8.487860 
475||1.422000 | 8.517521 || 1.422000 | 8.517521 
476||1.425000 | 8.547196 || 1.425000 | 8.547196 
477||1.428000 | 8.576885 || 1.428000 | 8.576885 
478||1.431000 | 8.606586 || 1.431000 | 8.606586 
479||1.434000 | 8.636299 || 1.434000 | 8.636299 
480||1.437000 | 8.666025 || 1.437000 | 8.666025 
481||1.440000 | 8.695763 || 1.440000 | 8.695763 
482||1.443000 | 8.725512 || 1.443000 | 8.725512 
483||1.446000 | 8.755274 || 1.446000 | 8.755274 
484||1.449000 | 8.785046 || 1.449000 | 8.785046 
485||1.452000 | 8.814829 || 1.452000 | 8.814829 
486||1.455000 | 8.844623 || 1.455000 | 8.844623 
487||1.458000 | 8.874427 || 1.458000 | 8.874427 
488||1.461000 | 8.904241 || 1.461000 | 8.904241 
489||1.464000 | 8.934066 || 1.464000 | 8.934066 
490||1.467000 | 8.963900 || 1.467000 | 8.963900 
491||1.470000 | 8.993743 || 1.470000 | 8.993743 
492||1.473000 | 9.023595 || 1.473000 | 9.023595 
493||1.476000 | 9.053456 || 1.476000 | 9.053456 
494||1.479000 | 9.083325 || 1.479000 | 9.083325 
495||1.482000 | 9.113203 || 1.482000 | 9.113203 
496||1.485000 | 9.143089 || 1.485000 | 9.143089 
497||1.488000 | 9.172982 || 1.488000 | 9.172982 
498||1.491000 | 9.202883 || 1.491000 | 9.202883 
499||1.494000 | 9.232791 || 1.494000 | 9.232791 
500||1.497000 | 9.262706 || 1.497000 | 9.262706 
501||1.500000 | 9.292628 || 1.500000 | 9.292628 
502||1.503000 | 9.322556 || 1.503000 | 9.322556 
503||1.506000 | 9.352490 || 1.506000 | 9.352490 
504||1.509000 | 9.382430 || 1.509000 | 9.382430 
505||1.512000 | 9.412375 || 1.512000 | 9.412375 
506||1.515000 | 9.442326 || 1.515000 | 9.442326 
507||1.518000 | 9.472282 || 1.518000 | 9.472282 
508||1.521000 | 9.502243 || 1.521000 | 9.502243 
509||1.524000 | 9.532208 || 1.524000 | 9.532208 
510||1.527000 | 9.562177 || 1.527000 | 9.562177 
511||1.530000 | 9.592150 || 1.530000 | 9.592150 
512||1.533000 | 9.622127 || 1.533000 | 9.622127 
513||1.536000 | 9.652107 || 1.536000 | 9.652107 
514||1.539000 | 9.682090 || 1.539000 | 9.682090 
515||1.542000 | 9.712077 || 1.542000 | 9.712077 
516||1.545000 | 9.742065 || 1.545000 | 9.742065 
517||1.548000 | 9.772056 || 1.548000 | 9.772056 
518||1.551000 | 9.802050 || 1.551000 | 9.802050 
519||1.554000 | 9.832045 || 1.554000 | 9.832045 
520||1.557000 | 9.862041 || 1.557000 | 9.862041 
521||1.560000 | 9.892039 || 1.560000 | 9.892039 
522||1.563000 | 9.922038 || 1.563000 | 9.922038 
523||1.566000 | 9.952037 || 1.566000 | 9.952037 
524||1.569000 | 9.982037 || 1.569000 | 9.982037 
525||1.572000 | 9.987963 || 1.572000 | 9.987963 
526||1.575000 | 9.957963 || 1.575000 | 9.957963 
527||1.578000 | 9.927964 || 1.578000 | 9.927964 
528||1.581000 | 9.897965 || 1.581000 | 9.897965 
529||1.584000 | 9.867967 || 1.584000 | 9.867967 
530||1.587000 | 9.837970 || 1.587000 | 9.837970 
531||1.590000 | 9.807975 || 1.590000 | 9.807975 
532||1.593000 | 9.777982 || 1.593000 | 9.777982 
533||1.596000 | 9.747990 || 1.596000 | 9.747990 
534||1.599000 | 9.718001 || 1.599000 | 9.718001 
535||1.602000 | 9.688014 || 1.602000 | 9.688014 
536||1.605000 | 9.658030 || 1.605000 | 9.658030 
537||1.608000 | 9.628049 || 1.608000 | 9.628049 
538||1.611000 | 9.598072 || 1.611000 | 9.598072 
539||1.614000 | 9.568098 || 1.614000 | 9.568098 
540||1.617000 | 9.538128 || 1.617000 | 9.538128 
541||1.620000 | 9.508162 || 1.620000 | 9.508162 
542||1.623000 | 9.478200 || 1.623000 | 9.478200 
543||1.626000 | 9.448244 || 1.626000 | 9.448244 
544||1.629000 | 9.418292 || 1.629000 | 9.418292 
545||1.632000 | 9.388345 || 1.632000 | 9.388345 
546||1.635000 | 9.358404 || 1.635000 | 9.358404 
547||1.638000 | 9.328469 || 1.638000 | 9.328469 
548||1.641000 | 9.298540 || 1.641000 | 9.298540 
549||1.644000 | 9.268617 || 1.644000 | 9.268617 
550||1.647000 | 9.238701 || 1.647000 | 9.238701 
551||1.650000 | 9.208791 || 1.650000 | 9.208791 
552||1.653000 | 9.178889 || 1.653000 | 9.178889 
553||1.656000 | 9.148994 || 1.656000 | 9.148994 
554||1.659000 | 9.119107 || 1.659000 | 9.119107 
555||1.662000 | 9.089227 || 1.662000 | 9.089227 
556||1.665000 | 9.059356 || 1.665000 | 9.059356 
557||1.668000 | 9.029493 || 1.668000 | 9.029493 
558||1.671000 | 8.999639 || 1.671000 | 8.999639 
559||1.674000 | 8.969794 || 1.674000 | 8.969794 
560||1.677000 | 8.939959 || 1.677000 | 8.939959 
561||1.680000 | 8.910132 || 1.680000 | 8.910132 
562||1.683000 | 8.880316 || 1.683000 | 8.880316 
563||1.686000 | 8.850510 || 1.686000 | 8.850510 
564||1.689000 | 8.820714 || 1.689000 | 8.820714 
565||1.692000 | 8.790929 || 1.692000 | 8.790929 
566||1.695000 | 8.761154 || 1.695000 | 8.761154 
567||1.698000 | 8.731391 || 1.698000 | 8.731391 
568||1.701000 | 8.701639 || 1.701000 | 8.701639 
569||1.704000 | 8.671899 || 1.704000 | 8.671899 
570||1.707000 | 8.642171 || 1.707000 | 8.642171 
571||1.710000 | 8.612455 || 1.710000 | 8.612455 
572||1.713000 | 8.582751 || 1.713000 | 8.582751 
573||1.716000 | 8.553060 || 1.716000 | 8.553060 
574||1.719000 | 8.523383 || 1.719000 | 8.523383 
575||1.722000 | 8.493718 || 1.722000 | 8.493718 
576||1.725000 | 8.464067 || 1.725000 | 8.464067 
577||1.728000 | 8.434430 || 1.728000 | 8.434430 
578||1.731000 | 8.404807 || 1.731000 | 8.404807 
579||1.734000 | 8.375199 || 1.734000 | 8.375199 
580||1.737000 | 8.345605 || 1.737000 | 8.345605 
581||1.740000 | 8.316026 || 1.740000 | 8.316026 
582||1.743000 | 8.286462 || 1.743000 | 8.286462 
583||1.746000 | 8.256913 || 1.746000 | 8.256913 
584||1.749000 | 8.227380 || 1.749000 | 8.227380 
585||1.752000 | 8.197863 || 1.752000 | 8.197863 
586||1.755000 | 8.168363 || 1.755000 | 8.168363 
587||1.758000 | 8.138878 || 1.758000 | 8.138878 
588||1.761000 | 8.109411 || 1.761000 | 8.109411 
589||1.764000 | 8.079961 || 1.764000 | 8.079961 
590||1.767000 | 8.050527 || 1.767000 | 8.050527 
591||1.770000 | 8.021112 || 1.770000 | 8.021112 
592||1.773000 | 7.991714 || 1.773000 | 7.991714 
593||1.776000 | 7.962334 || 1.776000 | 7.962334 
594||1.779000 | 7.932973 || 1.779000 | 7.932973 
595||1.782000 | 7.903630 || 1.782000 | 7.903630 
596||1.785000 | 7.874306 || 1.785000 | 7.874306 
597||1.788000 | 7.845002 || 1.788000 | 7.845002 
598||1.791000 | 7.815716 || 1.791000 | 7.815716 
599||1.794000 | 7.786450 || 1.794000 | 7.786450 
600||1.797000 | 7.757205 || 1.797000 | 7.757205 
601||1.800000 | 7.727979 || 1.800000 | 7.727979 
602||1.803000 | 7.698774 || 1.803000 | 7.698774 
603||1.806000 | 7.669589 || 1.806000 | 7.669589 
604||1.809000 | 7.640426 || 1.809000 | 7.640426 
605||1.812000 | 7.611284 || 1.812000 | 7.611284 
606||1.815000 | 7.582163 || 1.815000 | 7.582163 
607||1.818000 | 7.553064 || 1.818000 | 7.553064 
608||1.821000 | 7.523987 || 1.821000 | 7.523987 
609||1.824000 | 7.494932 || 1.824000 | 7.494932 
610||1.827000 | 7.465900 || 1.827000 | 7.465900 
611||1.830000 | 7.436891 || 1.830000 | 7.436891 
612||1.833000 | 7.407905 || 1.833000 | 7.407905 
613||1.836000 | 7.378942 || 1.836000 | 7.378942 
614||1.839000 | 7.350002 || 1.839000 | 7.350002 
615||1.842000 | 7.321087 || 1.842000 | 7.321087 
616||1.845000 | 7.292196 || 1.845000 | 7.292196 
617||1.848000 | 7.263329 || 1.848000 | 7.263329 
618||1.851000 | 7.234486 || 1.851000 | 7.234486 
619||1.854000 | 7.205669 || 1.854000 | 7.205669 
620||1.857000 | 7.176876 || 1.857000 | 7.176876 
621||1.860000 | 7.148109 || 1.860000 | 7.148109 
622||1.863000 | 7.119368 || 1.863000 | 7.119368 
623||1.866000 | 7.090653 || 1.866000 | 7.090653 
624||1.869000 | 7.061964 || 1.869000 | 7.061964 
625||1.872000 | 7.033301 || 1.872000 | 7.033301 
626||1.875000 | 7.004665 || 1.875000 | 7.004665 
627||1.878000 | 6.976056 || 1.878000 | 6.976056 
628||1.881000 | 6.947474 || 1.881000 | 6.947474 
629||1.884000 | 6.918920 || 1.884000 | 6.918920 
630||1.887000 | 6.890393 || 1.887000 | 6.890393 
631||1.890000 | 6.861894 || 1.890000 | 6.861894 
632||1.893000 | 6.833424 || 1.893000 | 6.833424 
633||1.896000 | 6.804982 || 1.896000 | 6.804982 
634||1.899000 | 6.776569 || 1.899000 | 6.776569 
635||1.902000 | 6.748185 || 1.902000 | 6.748185 
636||1.905000 | 6.719830 || 1.905000 | 6.719830 
637||1.908000 | 6.691505 || 1.908000 | 6.691505 
638||1.911000 | 6.663209 || 1.911000 | 6.663209 
639||1.914000 | 6.634943 || 1.914000 | 6.634943 
640||1.917000 | 6.606708 || 1.917000 | 6.606708 
641||1.920000 | 6.578503 || 1.920000 | 6.578503 
642||1.923000 | 6.550330 || 1.923000 | 6.550330 
643||1.926000 | 6.522187 || 1.926000 | 6.522187 
644||1.929000 | 6.494075 || 1.929000 | 6.494075 
645||1.932000 | 6.465995 || 1.932000 | 6.465995 
646||1.935000 | 6.437947 || 1.935000 | 6.437947 
647||1.938000 | 6.409931 || 1.938000 | 6.409931 
648||1.941000 | 6.381947 || 1.941000 | 6.381947 
649||1.944000 | 6.353996 || 1.944000 | 6.353996 
650||1.947000 | 6.326077 || 1.947000 | 6.326077 
651||1.950000 | 6.298192 || 1.950000 | 6.298192 
652||1.953000 | 6.270340 || 1.953000 | 6.270340 
653||1.956000 | 6.242521 || 1.956000 | 6.242521 
654||1.959000 | 6.214736 || 1.959000 | 6.214736 
655||1.962000 | 6.186986 || 1.962000 | 6.186986 
656||1.965000 | 6.159269 || 1.965000 | 6.159269 
657||1.968000 | 6.131588 || 1.968000 | 6.131588 
658||1.971000 | 6.103941 || 1.971000 | 6.103941 
659||1.974000 | 6.076329 || 1.974000 | 6.076329 
660||1.977000 | 6.048752 || 1.977000 | 6.048752 
661||1.980000 | 6.021211 || 1.980000 | 6.021211 
662||1.983000 | 5.993706 || 1.983000 | 5.993706 
663||1.986000 | 5.966237 || 1.986000 | 5.966237 
664||1.989000 | 5.938804 || 1.989000 | 5.938804 
665||1.992000 | 5.911408 || 1.992000 | 5.911408 
666||1.995000 | 5.884048 || 1.995000 | 5.884048 
667||1.998000 | 5.856726 || 1.998000 | 5.856726 
668||2.001000 | 5.829441 || 2.001000 | 5.829441 
669||2.004000 | 5.802193 || 2.004000 | 5.802193 
670||2.007000 | 5.774983 || 2.007000 | 5.774983 
671||2.010000 | 5.747811 || 2.010000 | 5.747811 
672||2.013000 | 5.720678 || 2.013000 | 5.720678 
673||2.016000 | 5.693583 || 2.016000 | 5.693583 
674||2.019000 | 5.666527 || 2.019000 | 5.666527 
675||2.022000 | 5.639509 || 2.022000 | 5.639509 
676||2.025000 | 5.612531 || 2.025000 | 5.612531 
677||2.028000 | 5.585593 || 2.028000 | 5.585593 
678||2.031000 | 5.558694 || 2.031000 | 5.558694 
679||2.034000 | 5.531835 || 2.034000 | 5.531835 
680||2.037000 | 5.505017 || 2.037000 | 5.505017 
681||2.040000 | 5.478238 || 2.040000 | 5.478238 
682||2.043000 | 5.451501 || 2.043000 | 5.451501 
683||2.046000 | 5.424804 || 2.046000 | 5.424804 
684||2.049000 | 5.398149 || 2.049000 | 5.398149 
685||2.052000 | 5.371535 || 2.052000 | 5.371535 
686||2.055000 | 5.344963 || 2.055000 | 5.344963 
687||2.058000 | 5.318432 || 2.058000 | 5.318432 
688||2.061000 | 5.291944 || 2.061000 | 5.291944 
689||2.064000 | 5.265498 || 2.064000 | 5.265498 
690||2.067000 | 5.239095 || 2.067000 | 5.239095 
691||2.070000 | 5.212735 || 2.070000 | 5.212735 
692||2.073000 | 5.186417 || 2.073000 | 5.186417 
693||2.076000 | 5.160143 || 2.076000 | 5.160143 
694||2.079000 | 5.133913 || 2.079000 | 5.133913 
695||2.082000 | 5.107726 || 2.082000 | 5.107726 
696||2.085000 | 5.081583 || 2.085000 | 5.081583 
697||2.088000 | 5.055485 || 2.088000 | 5.055485 
698||2.091000 | 5.029431 || 2.091000 | 5.029431 
699||2.094000 | 5.003422 || 2.094000 | 5.003422 
700||2.097000 | 4.977458 || 2.097000 | 4.977458 
701||2.100000 | 4.951539 || 2.100000 | 4.951539 
702||2.103000 | 4.925665 || 2.103000 | 4.925665 
703||2.106000 | 4.899838 || 2.106000 | 4.899838 
704||2.109000 | 4.874056 || 2.109000 | 4.874056 
705||2.112000 | 4.848320 || 2.112000 | 4.848320 
706||2.115000 | 4.822630 || 2.115000 | 4.822630 
707||2.118000 | 4.796987 || 2.118000 | 4.796987 
708||2.121000 | 4.771391 || 2.121000 | 4.771391 
709||2.124000 | 4.745842 || 2.124000 | 4.745842 
710||2.127000 | 4.720341 || 2.127000 | 4.720341 
711||2.130000 | 4.694887 || 2.130000 | 4.694887 
712||2.133000 | 4.669480 || 2.133000 | 4.669480 
713||2.136000 | 4.644122 || 2.136000 | 4.644122 
714||2.139000 | 4.618812 || 2.139000 | 4.618812 
715||2.142000 | 4.593550 || 2.142000 | 4.593550 
716||2.145000 | 4.568337 || 2.145000 | 4.568337 
717||2.148000 | 4.543172 || 2.148000 | 4.543172 
718||2.151000 | 4.518057 || 2.151000 | 4.518057 
719||2.154000 | 4.492991 || 2.154000 | 4.492991 
720||2.157000 | 4.467975 || 2.157000 | 4.467975 
721||2.160000 | 4.443009 || 2.160000 | 4.443009 
722||2.163000 | 4.418092 || 2.163000 | 4.418092 
723||2.166000 | 4.393226 || 2.166000 | 4.393226 
724||2.169000 | 4.368410 || 2.169000 | 4.368410 
725||2.172000 | 4.343645 || 2.172000 | 4.343645 
726||2.175000 | 4.318931 || 2.175000 | 4.318931 
727||2.178000 | 4.294268 || 2.178000 | 4.294268 
728||2.181000 | 4.269656 || 2.181000 | 4.269656 
729||2.184000 | 4.245096 || 2.184000 | 4.245096 
730||2.187000 | 4.220588 || 2.187000 | 4.220588 
731||2.190000 | 4.196131 || 2.190000 | 4.196131 
732||2.193000 | 4.171727 || 2.193000 | 4.171727 
733||2.196000 | 4.147376 || 2.196000 | 4.147376 
734||2.199000 | 4.123077 || 2.199000 | 4.123077 
735||2.202000 | 4.098831 || 2.202000 | 4.098831 
736||2.205000 | 4.074638 || 2.205000 | 4.074638 
737||2.208000 | 4.050498 || 2.208000 | 4.050498 
738||2.211000 | 4.026412 || 2.211000 | 4.026412 
739||2.214000 | 4.002380 || 2.214000 | 4.002380 
740||2.217000 | 3.978401 || 2.217000 | 3.978401 
741||2.220000 | 3.954477 || 2.220000 | 3.954477 
742||2.223000 | 3.930608 || 2.223000 | 3.930608 
743||2.226000 | 3.906792 || 2.226000 | 3.906792 
744||2.229000 | 3.883032 || 2.229000 | 3.883032 
745||2.232000 | 3.859327 || 2.232000 | 3.859327 
746||2.235000 | 3.835677 || 2.235000 | 3.835677 
747||2.238000 | 3.812083 || 2.238000 | 3.812083 
748||2.241000 | 3.788544 || 2.241000 | 3.788544 
749||2.244000 | 3.765061 || 2.244000 | 3.765061 
750||2.247000 | 3.741634 || 2.247000 | 3.741634 
751||2.250000 | 3.718264 || 2.250000 | 3.718264 
752||2.253000 | 3.694950 || 2.253000 | 3.694950 
753||2.256000 | 3.671693 || 2.256000 | 3.671693 
754||2.259000 | 3.648493 || 2.259000 | 3.648493 
755||2.262000 | 3.625350 || 2.262000 | 3.625350 
756||2.265000 | 3.602264 || 2.265000 | 3.602264 
757||2.268000 | 3.579236 || 2.268000 | 3.579236 
758||2.271000 | 3.556265 || 2.271000 | 3.556265 
759||2.274000 | 3.533353 || 2.274000 | 3.533353 
760||2.277000 | 3.510499 || 2.277000 | 3.510499 
761||2.280000 | 3.487703 || 2.280000 | 3.487703 
762||2.283000 | 3.464966 || 2.283000 | 3.464966 
763||2.286000 | 3.442288 || 2.286000 | 3.442288 
764||2.289000 | 3.419669 || 2.289000 | 3.419669 
765||2.292000 | 3.397109 || 2.292000 | 3.397109 
766||2.295000 | 3.374608 || 2.295000 | 3.374608 
767||2.298000 | 3.352167 || 2.298000 | 3.352167 
768||2.301000 | 3.329786 || 2.301000 | 3.329786 
769||2.304000 | 3.307465 || 2.304000 | 3.307465 
770||2.307000 | 3.285204 || 2.307000 | 3.285204 
771||2.310000 | 3.263004 || 2.310000 | 3.263004 
772||2.313000 | 3.240864 || 2.313000 | 3.240864 
773||2.316000 | 3.218785 || 2.316000 | 3.218785 
774||2.319000 | 3.196767 || 2.319000 | 3.196767 
775||2.322000 | 3.174810 || 2.322000 | 3.174810 
776||2.325000 | 3.152915 || 2.325000 | 3.152915 
777||2.328000 | 3.131081 || 2.328000 | 3.131081 
778||2.331000 | 3.109309 || 2.331000 | 3.109309 
779||2.334000 | 3.087600 || 2.334000 | 3.087600 
780||2.337000 | 3.065952 || 2.337000 | 3.065952 
781||2.340000 | 3.044367 || 2.340000 | 3.044367 
782||2.343000 | 3.022844 || 2.343000 | 3.022844 
783||2.346000 | 3.001384 || 2.346000 | 3.001384 
784||2.349000 | 2.979987 || 2.349000 | 2.979987 
785||2.352000 | 2.958654 || 2.352000 | 2.958654 
786||2.355000 | 2.937384 || 2.355000 | 2.937384 
787||2.358000 | 2.916177 || 2.358000 | 2.916177 
788||2.361000 | 2.895034 || 2.361000 | 2.895034 
789||2.364000 | 2.873955 || 2.364000 | 2.873955 
790||2.367000 | 2.852940 || 2.367000 | 2.852940 
791||2.370000 | 2.831989 || 2.370000 | 2.831989 
792||2.373000 | 2.811103 || 2.373000 | 2.811103 
793||2.376000 | 2.790282 || 2.376000 | 2.790282 
794||2.379000 | 2.769526 || 2.379000 | 2.769526 
795||2.382000 | 2.748834 || 2.382000 | 2.748834 
796||2.385000 | 2.728208 || 2.385000 | 2.728208 
797||2.388000 | 2.707647 || 2.388000 | 2.707647 
798||2.391000 | 2.687152 || 2.391000 | 2.687152 
799||2.394000 | 2.666723 || 2.394000 | 2.666723 
800||2.397000 | 2.646360 || 2.397000 | 2.646360 
801||2.400000 | 2.626063 || 2.400000 | 2.626063 
802||2.403000 | 2.605832 || 2.403000 | 2.605832 
803||2.406000 | 2.585668 || 2.406000 | 2.585668 
804||2.409000 | 2.565571 || 2.409000 | 2.565571 
805||2.412000 | 2.545540 || 2.412000 | 2.545540 
806||2.415000 | 2.525577 || 2.415000 | 2.525577 
807||2.418000 | 2.505681 || 2.418000 | 2.505681 
808||2.421000 | 2.485852 || 2.421000 | 2.485852 
809||2.424000 | 2.466091 || 2.424000 | 2.466091 
810||2.427000 | 2.446398 || 2.427000 | 2.446398 
811||2.430000 | 2.426772 || 2.430000 | 2.426772 
812||2.433000 | 2.407215 || 2.433000 | 2.407215 
813||2.436000 | 2.387726 || 2.436000 | 2.387726 
814||2.439000 | 2.368306 || 2.439000 | 2.368306 
815||2.442000 | 2.348955 || 2.442000 | 2.348955 
816||2.445000 | 2.329672 || 2.445000 | 2.329672 
817||2.448000 | 2.310458 || 2.448000 | 2.310458 
818||2.451000 | 2.291314 || 2.451000 | 2.291314 
819||2.454000 | 2.272239 || 2.454000 | 2.272239 
820||2.457000 | 2.253233 || 2.457000 | 2.253233 
821||2.460000 | 2.234297 || 2.460000 | 2.234297 
822||2.463000 | 2.215431 || 2.463000 | 2.215431 
823||2.466000 | 2.196635 || 2.466000 | 2.196635 
824||2.469000 | 2.177910 || 2.469000 | 2.177910 
825||2.472000 | 2.159254 || 2.472000 | 2.159254 
826||2.475000 | 2.140670 || 2.475000 | 2.140670 
827||2.478000 | 2.122156 || 2.478000 | 2.122156 
828||2.481000 | 2.103713 || 2.481000 | 2.103713 
829||2.484000 | 2.085341 || 2.484000 | 2.085341 
830||2.487000 | 2.067040 || 2.487000 | 2.067040 
831||2.490000 | 2.048811 || 2.490000 | 2.048811 
832||2.493000 | 2.030653 || 2.493000 | 2.030653 
833||2.496000 | 2.012567 || 2.496000 | 2.012567 
834||2.499000 | 1.994553 || 2.499000 | 1.994553 
835||2.502000 | 1.976610 || 2.502000 | 1.976610 
836||2.505000 | 1.958741 || 2.505000 | 1.958741 
837||2.508000 | 1.940943 || 2.508000 | 1.940943 
838||2.511000 | 1.923218 || 2.511000 | 1.923218 
839||2.514000 | 1.905566 || 2.514000 | 1.905566 
840||2.517000 | 1.887986 || 2.517000 | 1.887986 
841||2.520000 | 1.870480 || 2.520000 | 1.870480 
842||2.523000 | 1.853046 || 2.523000 | 1.853046 
843||2.526000 | 1.835686 || 2.526000 | 1.835686 
844||2.529000 | 1.818400 || 2.529000 | 1.818400 
845||2.532000 | 1.801187 || 2.532000 | 1.801187 
846||2.535000 | 1.784048 || 2.535000 | 1.784048 
847||2.538000 | 1.766983 || 2.538000 | 1.766983 
848||2.541000 | 1.749992 || 2.541000 | 1.749992 
849||2.544000 | 1.733075 || 2.544000 | 1.733075 
850||2.547000 | 1.716232 || 2.547000 | 1.716232 
851||2.550000 | 1.699465 || 2.550000 | 1.699465 
852||2.553000 | 1.682772 || 2.553000 | 1.682772 
853||2.556000 | 1.666153 || 2.556000 | 1.666153 
854||2.559000 | 1.649610 || 2.559000 | 1.649610 
855||2.562000 | 1.633142 || 2.562000 | 1.633142 
856||2.565000 | 1.616749 || 2.565000 | 1.616749 
857||2.568000 | 1.600432 || 2.568000 | 1.600432 
858||2.571000 | 1.584190 || 2.571000 | 1.584190 
859||2.574000 | 1.568024 || 2.574000 | 1.568024 
860||2.577000 | 1.551934 || 2.577000 | 1.551934 
861||2.580000 | 1.535920 || 2.580000 | 1.535920 
862||2.583000 | 1.519982 || 2.583000 | 1.519982 
863||2.586000 | 1.504120 || 2.586000 | 1.504120 
864||2.589000 | 1.488335 || 2.589000 | 1.488335 
865||2.592000 | 1.472626 || 2.592000 | 1.472626 
866||2.595000 | 1.456995 || 2.595000 | 1.456995 
867||2.598000 | 1.441440 || 2.598000 | 1.441440 
868||2.601000 | 1.425962 || 2.601000 | 1.425962 
869||2.604000 | 1.410561 || 2.604000 | 1.410561 
870||2.607000 | 1.395238 || 2.607000 | 1.395238 
871||2.610000 | 1.379992 || 2.610000 | 1.379992 
872||2.613000 | 1.364823 || 2.613000 | 1.364823 
873||2.616000 | 1.349733 || 2.616000 | 1.349733 
874||2.619000 | 1.334720 || 2.619000 | 1.334720 
875||2.622000 | 1.319785 || 2.622000 | 1.319785 
876||2.625000 | 1.304928 || 2.625000 | 1.304928 
877||2.628000 | 1.290150 || 2.628000 | 1.290150 
878||2.631000 | 1.275450 || 2.631000 | 1.275450 
879||2.634000 | 1.260828 || 2.634000 | 1.260828 
880||2.637000 | 1.246285 || 2.637000 | 1.246285 
881||2.640000 | 1.231821 || 2.640000 | 1.231821 
882||2.643000 | 1.217436 || 2.643000 | 1.217436 
883||2.646000 | 1.203130 || 2.646000 | 1.203130 
884||2.649000 | 1.188903 || 2.649000 | 1.188903 
885||2.652000 | 1.174755 || 2.652000 | 1.174755 
886||2.655000 | 1.160687 || 2.655000 | 1.160687 
887||2.658000 | 1.146698 || 2.658000 | 1.146698 
888||2.661000 | 1.132789 || 2.661000 | 1.132789 
889||2.664000 | 1.118960 || 2.664000 | 1.118960 
890||2.667000 | 1.105211 || 2.667000 | 1.105211 
891||2.670000 | 1.091541 || 2.670000 | 1.091541 
892||2.673000 | 1.077952 || 2.673000 | 1.077952 
893||2.676000 | 1.064444 || 2.676000 | 1.064444 
894||2.679000 | 1.051015 || 2.679000 | 1.051015 
895||2.682000 | 1.037667 || 2.682000 | 1.037667 
896||2.685000 | 1.024400 || 2.685000 | 1.024400 
897||2.688000 | 1.011214 || 2.688000 | 1.011214 
898||2.691000 | 0.998108 || 2.691000 | 0.998108 
899||2.694000 | 0.985084 || 2.694000 | 0.985084 
900||2.697000 | 0.972141 || 2.697000 | 0.972141 
901||2.700000 | 0.959279 || 2.700000 | 0.959279 
902||2.703000 | 0.946498 || 2.703000 | 0.946498 
903||2.706000 | 0.933799 || 2.706000 | 0.933799 
904||2.709000 | 0.921181 || 2.709000 | 0.921181 
905||2.712000 | 0.908645 || 2.712000 | 0.908645 
906||2.715000 | 0.896191 || 2.715000 | 0.896191 
907||2.718000 | 0.883819 || 2.718000 | 0.883819 
908||2.721000 | 0.871529 || 2.721000 | 0.871529 
909||2.724000 | 0.859321 || 2.724000 | 0.859321 
910||2.727000 | 0.847195 || 2.727000 | 0.847195 
911||2.730000 | 0.835152 || 2.730000 | 0.835152 
912||2.733000 | 0.823191 || 2.733000 | 0.823191 
913||2.736000 | 0.811313 || 2.736000 | 0.811313 
914||2.739000 | 0.799517 || 2.739000 | 0.799517 
915||2.742000 | 0.787805 || 2.742000 | 0.787805 
916||2.745000 | 0.776175 || 2.745000 | 0.776175 
917||2.748000 | 0.764628 || 2.748000 | 0.764628 
918||2.751000 | 0.753164 || 2.751000 | 0.753164 
919||2.754000 | 0.741784 || 2.754000 | 0.741784 
920||2.757000 | 0.730487 || 2.757000 | 0.730487 
921||2.760000 | 0.719273 || 2.760000 | 0.719273 
922||2.763000 | 0.708143 || 2.763000 | 0.708143 
923||2.766000 | 0.697096 || 2.766000 | 0.697096 
924||2.769000 | 0.686133 || 2.769000 | 0.686133 
925||2.772000 | 0.675254 || 2.772000 | 0.675254 
926||2.775000 | 0.664459 || 2.775000 | 0.664459 
927||2.778000 | 0.653748 || 2.778000 | 0.653748 
928||2.781000 | 0.643121 || 2.781000 | 0.643121 
929||2.784000 | 0.632578 || 2.784000 | 0.632578 
930||2.787000 | 0.622120 || 2.787000 | 0.622120 
931||2.790000 | 0.611746 || 2.790000 | 0.611746 
932||2.793000 | 0.601456 || 2.793000 | 0.601456 
933||2.796000 | 0.591251 || 2.796000 | 0.591251 
934||2.799000 | 0.581131 || 2.799000 | 0.581131 
935||2.802000 | 0.571096 || 2.802000 | 0.571096 
936||2.805000 | 0.561145 || 2.805000 | 0.561145 
937||2.808000 | 0.551279 || 2.808000 | 0.551279 
938||2.811000 | 0.541499 || 2.811000 | 0.541499 
939||2.814000 | 0.531803 || 2.814000 | 0.531803 
940||2.817000 | 0.522193 || 2.817000 | 0.522193 
941||2.820000 | 0.512668 || 2.820000 | 0.512668 
942||2.823000 | 0.503228 || 2.823000 | 0.503228 
943||2.826000 | 0.493874 || 2.826000 | 0.493874 
944||2.829000 | 0.484605 || 2.829000 | 0.484605 
945||2.832000 | 0.475422 || 2.832000 | 0.475422 
946||2.835000 | 0.466325 || 2.835000 | 0.466325 
947||2.838000 | 0.457314 || 2.838000 | 0.457314 
948||2.841000 | 0.448388 || 2.841000 | 0.448388 
949||2.844000 | 0.439549 || 2.844000 | 0.439549 
950||2.847000 | 0.430795 || 2.847000 | 0.430795 
951||2.850000 | 0.422128 || 2.850000 | 0.422128 
952||2.853000 | 0.413546 || 2.853000 | 0.413546 
953||2.856000 | 0.405051 || 2.856000 | 0.405051 
954||2.859000 | 0.396643 || 2.859000 | 0.396643 
955||2.862000 | 0.388321 || 2.862000 | 0.388321 
956||2.865000 | 0.380085 || 2.865000 | 0.380085 
957||2.868000 | 0.371936 || 2.868000 | 0.371936 
958||2.871000 | 0.363874 || 2.871000 | 0.363874 
959||2.874000 | 0.355898 || 2.874000 | 0.355898 
960||2.877000 | 0.348009 || 2.877000 | 0.348009 
961||2.880000 | 0.340207 || 2.880000 | 0.340207 
962||2.883000 | 0.332492 || 2.883000 | 0.332492 
963||2.886000 | 0.324864 || 2.886000 | 0.324864 
964||2.889000 | 0.317323 || 2.889000 | 0.317323 
965||2.892000 | 0.309869 || 2.892000 | 0.309869 
966||2.895000 | 0.302502 || 2.895000 | 0.302502 
967||2.898000 | 0.295223 || 2.898000 | 0.295223 
968||2.901000 | 0.288031 || 2.901000 | 0.288031 
969||2.904000 | 0.280926 || 2.904000 | 0.280926 
970||2.907000 | 0.273909 || 2.907000 | 0.273909 
971||2.910000 | 0.266979 || 2.910000 | 0.266979 
972||2.913000 | 0.260137 || 2.913000 | 0.260137 
973||2.916000 | 0.253383 || 2.916000 | 0.253383 
974||2.919000 | 0.246716 || 2.919000 | 0.246716 
975||2.922000 | 0.240137 || 2.922000 | 0.240137 
976||2.925000 | 0.233646 || 2.925000 | 0.233646 
977||2.928000 | 0.227243 || 2.928000 | 0.227243 
978||2.931000 | 0.220928 || 2.931000 | 0.220928 
979||2.934000 | 0.214701 || 2.934000 | 0.214701 
980||2.937000 | 0.208562 || 2.937000 | 0.208562 
981||2.940000 | 0.202511 || 2.940000 | 0.202511 
982||2.943000 | 0.196548 || 2.943000 | 0.196548 
983||2.946000 | 0.190673 || 2.946000 | 0.190673 
984||2.949000 | 0.184887 || 2.949000 | 0.184887 
985||2.952000 | 0.179189 || 2.952000 | 0.179189 
986||2.955000 | 0.173580 || 2.955000 | 0.173580 
987||2.958000 | 0.168058 || 2.958000 | 0.168058 
988||2.961000 | 0.162626 || 2.961000 | 0.162626 
989||2.964000 | 0.157282 || 2.964000 | 0.157282 
990||2.967000 | 0.152026 || 2.967000 | 0.152026 
991||2.970000 | 0.146859 || 2.970000 | 0.146859 
992||2.973000 | 0.141781 || 2.973000 | 0.141781 
993||2.976000 | 0.136792 || 2.976000 | 0.136792 
994||2.979000 | 0.131891 || 2.979000 | 0.131891 
995||2.982000 | 0.127079 || 2.982000 | 0.127079 
996||2.985000 | 0.122356 || 2.985000 | 0.122356 
997||2.988000 | 0.117722 || 2.988000 | 0.117722 
998||2.991000 | 0.113177 || 2.991000 | 0.113177 
999||2.994000 | 0.108720 || 2.994000 | 0.108720 
1000||2.997000 | 0.104353 || 2.997000 | 0.104353 
1001||3.000000 | 0.100075 || 3.000000 | 0.100075 
1002||3.003000 | 0.095886 || 3.003000 | 0.095886 
1003||3.006000 | 0.091786 || 3.006000 | 0.091786 
1004||3.009000 | 0.087775 || 3.009000 | 0.087775 
1005||3.012000 | 0.083854 || 3.012000 | 0.083854 
1006||3.015000 | 0.080022 || 3.015000 | 0.080022 
1007||3.018000 | 0.076279 || 3.018000 | 0.076279 
1008||3.021000 | 0.072625 || 3.021000 | 0.072625 
1009||3.024000 | 0.069061 || 3.024000 | 0.069061 
1010||3.027000 | 0.065586 || 3.027000 | 0.065586 
1011||3.030000 | 0.062200 || 3.030000 | 0.062200 
1012||3.033000 | 0.058904 || 3.033000 | 0.058904 
1013||3.036000 | 0.055697 || 3.036000 | 0.055697 
1014||3.039000 | 0.052580 || 3.039000 | 0.052580 
1015||3.042000 | 0.049553 || 3.042000 | 0.049553 
1016||3.045000 | 0.046614 || 3.045000 | 0.046614 
1017||3.048000 | 0.043766 || 3.048000 | 0.043766 
1018||3.051000 | 0.041007 || 3.051000 | 0.041007 
1019||3.054000 | 0.038338 || 3.054000 | 0.038338 
1020||3.057000 | 0.035758 || 3.057000 | 0.035758 
1021||3.060000 | 0.033268 || 3.060000 | 0.033268 
1022||3.063000 | 0.030868 || 3.063000 | 0.030868 
1023||3.066000 | 0.028558 || 3.066000 | 0.028558 
1024||3.069000 | 0.026337 || 3.069000 | 0.026337 
1025||3.072000 | 0.024206 || 3.072000 | 0.024206 
1026||3.075000 | 0.022165 || 3.075000 | 0.022165 
1027||3.078000 | 0.020213 || 3.078000 | 0.020213 
1028||3.081000 | 0.018352 || 3.081000 | 0.018352 
1029||3.084000 | 0.016580 || 3.084000 | 0.016580 
1030||3.087000 | 0.014898 || 3.087000 | 0.014898 
1031||3.090000 | 0.013306 || 3.090000 | 0.013306 
1032||3.093000 | 0.011804 || 3.093000 | 0.011804 
1033||3.096000 | 0.010392 || 3.096000 | 0.010392 
1034||3.099000 | 0.009069 || 3.099000 | 0.009069 
1035||3.102000 | 0.007837 || 3.102000 | 0.007837 
1036||3.105000 | 0.006694 || 3.105000 | 0.006694 
1037||3.108000 | 0.005642 || 3.108000 | 0.005642 
1038||3.111000 | 0.004679 || 3.111000 | 0.004679 
1039||3.114000 | 0.003807 || 3.114000 | 0.003807 
1040||3.117000 | 0.003024 || 3.117000 | 0.003024 
1041||3.120000 | 0.002331 || 3.120000 | 0.002331 
1042||3.123000 | 0.001728 || 3.123000 | 0.001728 
1043||3.126000 | 0.001216 || 3.126000 | 0.001216 
1044||3.129000 | 0.000793 || 3.129000 | 0.000793 
1045||3.132000 | 0.000460 || 3.132000 | 0.000460 
1046||3.135000 | 0.000217 || 3.135000 | 0.000217 
1047||3.138000 | 0.000065 || 3.138000 | 0.000065 
1048||3.141000 | 0.000002 || 3.141000 | 0.000002 
