unnorm_init[1.00,0.00,0.00,3.00]_dt0.01000_m[ 9, 1].txt
Eccentricity : 0.000000 

Error of arcl_geod | mean = 0.365877, max = 0.989204, min = 0.000233
Error of newtonian | mean = 0.365877, max = 0.989204, min = 0.000233

   ||arc domain geodesic ||     newtonian
num||degree   | error    || degree   | error    
  1||0.000000 | 0.000000 || 0.000000 | 0.000000 
  2||0.030000 | 0.000450 || 0.030000 | 0.000450 
  3||0.060000 | 0.001799 || 0.060000 | 0.001799 
  4||0.090000 | 0.004047 || 0.090000 | 0.004047 
  5||0.120000 | 0.007191 || 0.120000 | 0.007191 
  6||0.150000 | 0.011229 || 0.150000 | 0.011229 
  7||0.180000 | 0.016156 || 0.180000 | 0.016156 
  8||0.210000 | 0.021969 || 0.210000 | 0.021969 
  9||0.240000 | 0.028662 || 0.240000 | 0.028662 
 10||0.270000 | 0.036229 || 0.270000 | 0.036229 
 11||0.300000 | 0.044664 || 0.300000 | 0.044664 
 12||0.330000 | 0.053958 || 0.330000 | 0.053958 
 13||0.360000 | 0.064103 || 0.360000 | 0.064103 
 14||0.390000 | 0.075091 || 0.390000 | 0.075091 
 15||0.420000 | 0.086911 || 0.420000 | 0.086911 
 16||0.450000 | 0.099553 || 0.450000 | 0.099553 
 17||0.480000 | 0.113005 || 0.480000 | 0.113005 
 18||0.510000 | 0.127255 || 0.510000 | 0.127255 
 19||0.540000 | 0.142291 || 0.540000 | 0.142291 
 20||0.570000 | 0.158099 || 0.570000 | 0.158099 
 21||0.600000 | 0.174664 || 0.600000 | 0.174664 
 22||0.630000 | 0.191972 || 0.630000 | 0.191972 
 23||0.660000 | 0.210008 || 0.660000 | 0.210008 
 24||0.690000 | 0.228754 || 0.690000 | 0.228754 
 25||0.720000 | 0.248194 || 0.720000 | 0.248194 
 26||0.750000 | 0.268311 || 0.750000 | 0.268311 
 27||0.780000 | 0.289086 || 0.780000 | 0.289086 
 28||0.810000 | 0.310502 || 0.810000 | 0.310502 
 29||0.840000 | 0.332537 || 0.840000 | 0.332537 
 30||0.870000 | 0.355173 || 0.870000 | 0.355173 
 31||0.900000 | 0.378390 || 0.900000 | 0.378390 
 32||0.930000 | 0.402166 || 0.930000 | 0.402166 
 33||0.960000 | 0.426480 || 0.960000 | 0.426480 
 34||0.990000 | 0.451310 || 0.990000 | 0.451310 
 35||1.020000 | 0.476634 || 1.020000 | 0.476634 
 36||1.050000 | 0.502429 || 1.050000 | 0.502429 
 37||1.080000 | 0.528672 || 1.080000 | 0.528672 
 38||1.110000 | 0.555338 || 1.110000 | 0.555338 
 39||1.140000 | 0.582405 || 1.140000 | 0.582405 
 40||1.170000 | 0.609848 || 1.170000 | 0.609848 
 41||1.200000 | 0.637642 || 1.200000 | 0.637642 
 42||1.230000 | 0.665762 || 1.230000 | 0.665762 
 43||1.260000 | 0.694183 || 1.260000 | 0.694183 
 44||1.290000 | 0.722879 || 1.290000 | 0.722879 
 45||1.320000 | 0.751824 || 1.320000 | 0.751825 
 46||1.350000 | 0.780993 || 1.350000 | 0.780993 
 47||1.380000 | 0.810359 || 1.380000 | 0.810359 
 48||1.410000 | 0.839896 || 1.410000 | 0.839896 
 49||1.440000 | 0.869576 || 1.440000 | 0.869576 
 50||1.470000 | 0.899374 || 1.470000 | 0.899374 
 51||1.500000 | 0.929263 || 1.500000 | 0.929263 
 52||1.530000 | 0.959215 || 1.530000 | 0.959215 
 53||1.560000 | 0.989204 || 1.560000 | 0.989204 
 54||1.590000 | 0.980798 || 1.590000 | 0.980798 
 55||1.620000 | 0.950816 || 1.620000 | 0.950816 
 56||1.650000 | 0.920879 || 1.650000 | 0.920879 
 57||1.680000 | 0.891013 || 1.680000 | 0.891013 
 58||1.710000 | 0.861246 || 1.710000 | 0.861245 
 59||1.740000 | 0.831603 || 1.740000 | 0.831603 
 60||1.770000 | 0.802111 || 1.770000 | 0.802111 
 61||1.800000 | 0.772798 || 1.800000 | 0.772798 
 62||1.830000 | 0.743689 || 1.830000 | 0.743689 
 63||1.860000 | 0.714811 || 1.860000 | 0.714811 
 64||1.890000 | 0.686190 || 1.890000 | 0.686189 
 65||1.920000 | 0.657850 || 1.920000 | 0.657850 
 66||1.950000 | 0.629819 || 1.950000 | 0.629819 
 67||1.980000 | 0.602121 || 1.980000 | 0.602121 
 68||2.010000 | 0.574781 || 2.010000 | 0.574781 
 69||2.040000 | 0.547824 || 2.040000 | 0.547824 
 70||2.070000 | 0.521274 || 2.070000 | 0.521273 
 71||2.100000 | 0.495154 || 2.100000 | 0.495154 
 72||2.130000 | 0.469489 || 2.130000 | 0.469489 
 73||2.160000 | 0.444301 || 2.160000 | 0.444301 
 74||2.190000 | 0.419613 || 2.190000 | 0.419613 
 75||2.220000 | 0.395448 || 2.220000 | 0.395448 
 76||2.250000 | 0.371826 || 2.250000 | 0.371826 
 77||2.280000 | 0.348770 || 2.280000 | 0.348770 
 78||2.310000 | 0.326300 || 2.310000 | 0.326300 
 79||2.340000 | 0.304437 || 2.340000 | 0.304437 
 80||2.370000 | 0.283199 || 2.370000 | 0.283199 
 81||2.400000 | 0.262606 || 2.400000 | 0.262606 
 82||2.430000 | 0.242677 || 2.430000 | 0.242677 
 83||2.460000 | 0.223430 || 2.460000 | 0.223430 
 84||2.490000 | 0.204881 || 2.490000 | 0.204881 
 85||2.520000 | 0.187048 || 2.520000 | 0.187048 
 86||2.550000 | 0.169946 || 2.550000 | 0.169946 
 87||2.580000 | 0.153592 || 2.580000 | 0.153592 
 88||2.610000 | 0.137999 || 2.610000 | 0.137999 
 89||2.640000 | 0.123182 || 2.640000 | 0.123182 
 90||2.670000 | 0.109154 || 2.670000 | 0.109154 
 91||2.700000 | 0.095928 || 2.700000 | 0.095928 
 92||2.730000 | 0.083515 || 2.730000 | 0.083515 
 93||2.760000 | 0.071927 || 2.760000 | 0.071927 
 94||2.790000 | 0.061175 || 2.790000 | 0.061175 
 95||2.820000 | 0.051267 || 2.820000 | 0.051267 
 96||2.850000 | 0.042213 || 2.850000 | 0.042213 
 97||2.880000 | 0.034021 || 2.880000 | 0.034021 
 98||2.910000 | 0.026698 || 2.910000 | 0.026698 
 99||2.940000 | 0.020251 || 2.940000 | 0.020251 
100||2.970000 | 0.014686 || 2.970000 | 0.014686 
101||3.000000 | 0.010007 || 3.000000 | 0.010008 
102||3.030000 | 0.006220 || 3.030000 | 0.006220 
103||3.060000 | 0.003327 || 3.060000 | 0.003327 
104||3.090000 | 0.001331 || 3.090000 | 0.001331 
105||3.120000 | 0.000233 || 3.120000 | 0.000233 
