OneBody4_E-0.15_plotinterval0.005_ecc0.0_RK4.txt
initial value : [x, y, v_x, v_y] = [30.00,0.00,0.00,0.55] , numerical interval dt = 0.02000 , [M, m] = [ 9, 1]

num|given_position|geodesic|newtonian
num| degree1, x1, y1 | degree2, x2, y2, simple error, relative error, d(rho) | degree2, x2, y2, simple error, relative error, dt
  1|0.000000,30.000000,0.000000|0.000167,30.000000,0.005000,0.000000,0.000001,0.009129|0.000167,30.000000,0.005000,0.000000,0.000001,0.009129
  2|0.020010,29.993994,0.600264|0.020177,29.993993,0.605264,0.006007,0.020024,0.009129|0.020177,29.993993,0.605264,0.006007,0.020024,0.009129
  3|0.040020,29.975979,1.200288|0.040187,29.975977,1.205288,0.024023,0.080077,0.009129|0.040187,29.975977,1.205288,0.024023,0.080077,0.009129
  4|0.060030,29.945961,1.799832|0.060197,29.945959,1.804831,0.054041,0.180138,0.009129|0.060197,29.945959,1.804831,0.054041,0.180138,0.009129
  5|0.080041,29.903954,2.398654|0.080207,29.903950,2.403654,0.096050,0.320166,0.009129|0.080207,29.903950,2.403654,0.096050,0.320166,0.009129
  6|0.100051,29.849973,2.996517|0.100217,29.849968,3.001516,0.150032,0.500105,0.009129|0.100217,29.849968,3.001516,0.150032,0.500105,0.009129
  7|0.120061,29.784040,3.593179|0.120226,29.784035,3.598179,0.215965,0.719883,0.009129|0.120226,29.784035,3.598179,0.215965,0.719883,0.009129
  8|0.140071,29.706183,4.188403|0.140236,29.706176,4.193403,0.293824,0.979412,0.009129|0.140236,29.706176,4.193402,0.293824,0.979412,0.009129
  9|0.160081,29.616431,4.781950|0.160246,29.616423,4.786949,0.383577,1.278588,0.009129|0.160246,29.616423,4.786949,0.383577,1.278588,0.009129
 10|0.180091,29.514820,5.373582|0.180255,29.514812,5.378581,0.485188,1.617292,0.009129|0.180255,29.514812,5.378581,0.485188,1.617292,0.009129
 11|0.200101,29.401393,5.963063|0.200265,29.401384,5.968062,0.598616,1.995387,0.009129|0.200265,29.401384,5.968062,0.598616,1.995387,0.009129
 12|0.220112,29.276193,6.550156|0.220274,29.276183,6.555155,0.723817,2.412723,0.009129|0.220274,29.276183,6.555155,0.723817,2.412723,0.009129
 13|0.240122,29.139271,7.134626|0.240284,29.139261,7.139625,0.860739,2.869131,0.009129|0.240284,29.139261,7.139625,0.860739,2.869131,0.009129
 14|0.260132,28.990682,7.716240|0.260293,28.990671,7.721239,1.009329,3.364430,0.009129|0.260293,28.990671,7.721238,1.009329,3.364430,0.009129
 15|0.280142,28.830485,8.294764|0.280302,28.830473,8.299763,1.169527,3.898422,0.009129|0.280302,28.830473,8.299762,1.169527,3.898422,0.009129
 16|0.300152,28.658745,8.869967|0.300311,28.658733,8.874966,1.341267,4.470891,0.009129|0.300311,28.658733,8.874965,1.341267,4.470891,0.009129
 17|0.320162,28.475530,9.441619|0.320321,28.475517,9.446617,1.524483,5.081610,0.009129|0.320321,28.475517,9.446617,1.524483,5.081610,0.009129
 18|0.340172,28.280914,10.009490|0.340330,28.280900,10.014488,1.719100,5.730334,0.009129|0.340330,28.280900,10.014488,1.719100,5.730334,0.009129
 19|0.360183,28.074975,10.573354|0.360339,28.074959,10.578352,1.925041,6.416802,0.009129|0.360339,28.074959,10.578351,1.925041,6.416802,0.009129
 20|0.380193,27.857794,11.132984|0.380348,27.857778,11.137982,2.142222,7.140740,0.009129|0.380348,27.857778,11.137981,2.142222,7.140740,0.009129
 21|0.400203,27.629459,11.688156|0.400357,27.629442,11.693154,2.370558,7.901859,0.009129|0.400356,27.629442,11.693153,2.370558,7.901859,0.009129
 22|0.420213,27.390062,12.238649|0.420365,27.390044,12.243646,2.609956,8.699853,0.009129|0.420365,27.390044,12.243645,2.609956,8.699853,0.009129
 23|0.440223,27.139697,12.784241|0.440374,27.139679,12.789238,2.860321,9.534402,0.009129|0.440374,27.139679,12.789237,2.860321,9.534402,0.009129
 24|0.460233,26.878467,13.324715|0.460383,26.878448,13.329712,3.121552,10.405174,0.009129|0.460383,26.878448,13.329710,3.121552,10.405174,0.009129
 25|0.480243,26.606474,13.859853|0.480391,26.606454,13.864850,3.393546,11.311818,0.009129|0.480391,26.606454,13.864849,3.393546,11.311818,0.009129
 26|0.500254,26.323828,14.389443|0.500400,26.323808,14.394439,3.676192,12.253973,0.009129|0.500400,26.323808,14.394437,3.676192,12.253973,0.009129
 27|0.520264,26.030643,14.913270|0.520409,26.030622,14.918266,3.969378,13.231261,0.009129|0.520409,26.030622,14.918265,3.969378,13.231261,0.009129
 28|0.540274,25.727035,15.431127|0.540417,25.727013,15.436123,4.272987,14.243290,0.009129|0.540417,25.727013,15.436121,4.272987,14.243290,0.009129
 29|0.560284,25.413126,15.942805|0.560425,25.413103,15.947800,4.586897,15.289655,0.009129|0.560425,25.413103,15.947799,4.586897,15.289655,0.009129
 30|0.580294,25.089042,16.448100|0.580434,25.089019,16.453095,4.910981,16.369938,0.009129|0.580434,25.089019,16.453093,4.910981,16.369938,0.009129
 31|0.600304,24.754912,16.946809|0.600442,24.754888,16.951804,5.245112,17.483706,0.009129|0.600442,24.754888,16.951801,5.245112,17.483706,0.009129
 32|0.620314,24.410871,17.438732|0.620450,24.410846,17.443727,5.589154,18.630512,0.009129|0.620450,24.410846,17.443724,5.589154,18.630512,0.009129
 33|0.640325,24.057056,17.923674|0.640459,24.057030,17.928668,5.942970,19.809899,0.009129|0.640459,24.057030,17.928665,5.942970,19.809899,0.009129
 34|0.660335,23.693608,18.401438|0.660467,23.693582,18.406432,6.306418,21.021393,0.009129|0.660467,23.693582,18.406430,6.306418,21.021393,0.009129
 35|0.680345,23.320674,18.871835|0.680475,23.320647,18.876829,6.679353,22.264509,0.009129|0.680475,23.320647,18.876826,6.679353,22.264509,0.009129
 36|0.700355,22.938402,19.334676|0.700483,22.938375,19.339669,7.061625,23.538750,0.009129|0.700483,22.938375,19.339666,7.061625,23.538750,0.009129
 37|0.720365,22.546946,19.789775|0.720491,22.546918,19.794768,7.453082,24.843605,0.009129|0.720491,22.546918,19.794765,7.453082,24.843605,0.009129
 38|0.740375,22.146463,20.236951|0.740499,22.146434,20.241944,7.853566,26.178553,0.009129|0.740499,22.146434,20.241940,7.853566,26.178553,0.009129
 39|0.760385,21.737112,20.676024|0.760507,21.737083,20.681016,8.262917,27.543058,0.009129|0.760507,21.737083,20.681013,8.262917,27.543058,0.009129
 40|0.780396,21.319057,21.106819|0.780515,21.319028,21.111810,8.680972,28.936574,0.009129|0.780514,21.319028,21.111807,8.680972,28.936574,0.009129
 41|0.800406,20.892467,21.529162|0.800522,20.892437,21.534153,9.107563,30.358544,0.009129|0.800522,20.892437,21.534149,9.107563,30.358544,0.009129
 42|0.820416,20.457512,21.942885|0.820530,20.457481,21.947876,9.542519,31.808398,0.009129|0.820530,20.457481,21.947872,9.542519,31.808398,0.009129
 43|0.840426,20.014365,22.347823|0.840538,20.014334,22.352813,9.985666,33.285554,0.009129|0.840538,20.014334,22.352809,9.985666,33.285555,0.009129
 44|0.860436,19.563205,22.743813|0.860545,19.563173,22.748802,10.436827,34.789423,0.009129|0.860545,19.563173,22.748798,10.436827,34.789423,0.009129
 45|0.880446,19.104212,23.130696|0.880553,19.104179,23.135685,10.895821,36.319402,0.009129|0.880553,19.104179,23.135681,10.895821,36.319402,0.009129
 46|0.900456,18.637570,23.508318|0.900561,18.637537,23.513307,11.362463,37.874878,0.009129|0.900561,18.637537,23.513302,11.362463,37.874878,0.009129
 47|0.920467,18.163465,23.876527|0.920568,18.163431,23.881515,11.836569,39.455228,0.009129|0.920568,18.163431,23.881511,11.836569,39.455229,0.009129
 48|0.940477,17.682088,24.235176|0.940576,17.682054,24.240164,12.317946,41.059821,0.009129|0.940576,17.682054,24.240159,12.317946,41.059821,0.009129
 49|0.960487,17.193631,24.584122|0.960583,17.193596,24.589110,12.806404,42.688012,0.009129|0.960583,17.193596,24.589104,12.806404,42.688012,0.009129
 50|0.980497,16.698290,24.923224|0.980591,16.698255,24.928211,13.301745,44.339150,0.009129|0.980590,16.698255,24.928206,13.301745,44.339150,0.009129
 51|1.000507,16.196263,25.252348|1.000598,16.196227,25.257334,13.803773,46.012575,0.009129|1.000598,16.196227,25.257329,13.803773,46.012575,0.009129
 52|1.020517,15.687751,25.571360|1.020605,15.687715,25.576346,14.312285,47.707616,0.009129|1.020605,15.687715,25.576340,14.312285,47.707616,0.009129
 53|1.040528,15.172958,25.880134|1.040613,15.172922,25.885120,14.827078,49.423594,0.009129|1.040612,15.172922,25.885114,14.827078,49.423595,0.009129
 54|1.060538,14.652090,26.178546|1.060620,14.652053,26.183531,15.347947,51.159823,0.009129|1.060620,14.652053,26.183525,15.347947,51.159823,0.009129
 55|1.080548,14.125355,26.466476|1.080627,14.125318,26.471461,15.874682,52.915607,0.009129|1.080627,14.125318,26.471454,15.874682,52.915607,0.009129
 56|1.100558,13.592964,26.743809|1.100634,13.592927,26.748793,16.407073,54.690244,0.009129|1.100634,13.592927,26.748786,16.407073,54.690244,0.009129
 57|1.120568,13.055131,27.010434|1.120641,13.055094,27.015418,16.944906,56.483022,0.009129|1.120641,13.055093,27.015410,16.944907,56.483022,0.009129
 58|1.140578,12.512071,27.266244|1.140649,12.512033,27.271227,17.487967,58.293223,0.009129|1.140649,12.512033,27.271220,17.487967,58.293224,0.009129
 59|1.160588,11.964001,27.511137|1.160656,11.963963,27.516120,18.036037,60.120124,0.009129|1.160656,11.963963,27.516112,18.036037,60.120124,0.009129
 60|1.180599,11.411141,27.745015|1.180663,11.411102,27.749997,18.588898,61.962993,0.009129|1.180663,11.411102,27.749989,18.588898,61.962993,0.009129
 61|1.200609,10.853712,27.967784|1.200670,10.853673,27.972765,19.146327,63.821091,0.009129|1.200670,10.853673,27.972757,19.146327,63.821091,0.009129
 62|1.220619,10.291937,28.179355|1.220677,10.291897,28.184336,19.708103,65.693675,0.009129|1.220677,10.291897,28.184327,19.708103,65.693675,0.009129
 63|1.240629,9.726041,28.379643|1.240684,9.726001,28.384623,20.273999,67.579995,0.009129|1.240684,9.726001,28.384615,20.273999,67.579995,0.009129
 64|1.260639,9.156251,28.568568|1.260691,9.156211,28.573548,20.843789,69.479296,0.009129|1.260691,9.156211,28.573539,20.843789,69.479296,0.009129
 65|1.280649,8.582795,28.746054|1.280698,8.582755,28.751033,21.417245,71.390817,0.009129|1.280698,8.582755,28.751024,21.417245,71.390817,0.009129
 66|1.300659,8.005903,28.912031|1.300705,8.005862,28.917009,21.994138,73.313793,0.009129|1.300705,8.005862,28.917000,21.994138,73.313793,0.009129
 67|1.320670,7.425805,29.066431|1.320712,7.425764,29.071409,22.574236,75.247454,0.009129|1.320712,7.425764,29.071400,22.574236,75.247454,0.009129
 68|1.340680,6.842733,29.209194|1.340719,6.842692,29.214171,23.157308,77.191025,0.009129|1.340719,6.842692,29.214162,23.157308,77.191026,0.009129
 69|1.360690,6.256922,29.340261|1.360726,6.256881,29.345238,23.743119,79.143730,0.009129|1.360726,6.256881,29.345228,23.743119,79.143730,0.009129
 70|1.380700,5.668606,29.459581|1.380733,5.668565,29.464557,24.331435,81.104785,0.009129|1.380733,5.668565,29.464547,24.331435,81.104785,0.009129
 71|1.400710,5.078020,29.567105|1.400740,5.077979,29.572081,24.922021,83.073405,0.009129|1.400739,5.077979,29.572071,24.922021,83.073405,0.009129
 72|1.420720,4.485401,29.662791|1.420746,4.485359,29.667766,25.514641,85.048803,0.009129|1.420746,4.485359,29.667756,25.514641,85.048803,0.009129
 73|1.440730,3.890986,29.746600|1.440753,3.890944,29.751575,26.109056,87.030187,0.009129|1.440753,3.890944,29.751564,26.109056,87.030187,0.009129
 74|1.460741,3.295013,29.818499|1.460760,3.294971,29.823473,26.705029,89.016764,0.009129|1.460760,3.294971,29.823462,26.705029,89.016764,0.009129
 75|1.480751,2.697720,29.878459|1.480767,2.697679,29.883432,27.302321,91.007738,0.009129|1.480767,2.697679,29.883421,27.302321,91.007738,0.009129
 76|1.500761,2.099348,29.926455|1.500774,2.099306,29.931428,27.900694,93.002313,0.009129|1.500774,2.099306,29.931417,27.900694,93.002313,0.009129
 77|1.520771,1.500135,29.962470|1.520781,1.500093,29.967442,28.499907,94.999690,0.009129|1.520781,1.500093,29.967430,28.499907,94.999690,0.009129
 78|1.540781,0.900321,29.986487|1.540787,0.900279,29.991459,29.099721,96.999069,0.009129|1.540787,0.900279,29.991447,29.099721,96.999069,0.009129
 79|1.560791,0.300147,29.998498|1.560794,0.300105,30.003470,29.699895,98.999650,0.009129|1.560794,0.300105,30.003457,29.699895,98.999650,0.009129
 80|1.580801,-0.300147,29.998498|1.580801,-0.300189,30.003469,29.699811,98.999369,0.009129|1.580801,-0.300189,30.003456,29.699811,98.999369,0.009129
 81|1.600812,-0.900321,29.986487|1.600808,-0.900363,29.991457,29.099637,96.998789,0.009129|1.600808,-0.900363,29.991444,29.099637,96.998789,0.009129
 82|1.620822,-1.500135,29.962470|1.620815,-1.500177,29.967439,28.499823,94.999410,0.009129|1.620815,-1.500177,29.967426,28.499823,94.999410,0.009129
 83|1.640832,-2.099348,29.926455|1.640822,-2.099390,29.931424,27.900610,93.002034,0.009129|1.640822,-2.099390,29.931411,27.900610,93.002034,0.009129
 84|1.660842,-2.697720,29.878459|1.660828,-2.697762,29.883427,27.302238,91.007459,0.009129|1.660829,-2.697762,29.883413,27.302238,91.007459,0.009129
 85|1.680852,-3.295013,29.818499|1.680835,-3.295055,29.823467,26.704945,89.016485,0.009129|1.680835,-3.295055,29.823453,26.704945,89.016485,0.009129
 86|1.700862,-3.890986,29.746600|1.700842,-3.891027,29.751568,26.108973,87.029909,0.009129|1.700842,-3.891027,29.751553,26.108973,87.029909,0.009129
 87|1.720872,-4.485401,29.662791|1.720849,-4.485442,29.667758,25.514558,85.048525,0.009129|1.720849,-4.485442,29.667743,25.514558,85.048525,0.009129
 88|1.740883,-5.078020,29.567105|1.740856,-5.078061,29.572071,24.921939,83.073129,0.009129|1.740856,-5.078061,29.572057,24.921939,83.073129,0.009129
 89|1.760893,-5.668606,29.459581|1.760863,-5.668647,29.464546,24.331353,81.104509,0.009129|1.760863,-5.668647,29.464531,24.331353,81.104509,0.009129
 90|1.780903,-6.256922,29.340261|1.780870,-6.256963,29.345226,23.743037,79.143455,0.009129|1.780870,-6.256963,29.345211,23.743037,79.143455,0.009129
 91|1.800913,-6.842733,29.209194|1.800877,-6.842774,29.214158,23.157226,77.190752,0.009129|1.800877,-6.842774,29.214143,23.157226,77.190753,0.009129
 92|1.820923,-7.425805,29.066431|1.820883,-7.425845,29.071395,22.574155,75.247182,0.009129|1.820884,-7.425845,29.071379,22.574155,75.247182,0.009129
 93|1.840933,-8.005903,28.912031|1.840890,-8.005943,28.916994,21.994057,73.313523,0.009129|1.840891,-8.005943,28.916978,21.994057,73.313523,0.009129
 94|1.860943,-8.582795,28.746054|1.860897,-8.582836,28.751017,21.417164,71.390548,0.009129|1.860898,-8.582835,28.751001,21.417165,71.390548,0.009129
 95|1.880954,-9.156251,28.568568|1.880904,-9.156291,28.573530,20.843709,69.479029,0.009129|1.880905,-9.156291,28.573513,20.843709,69.479029,0.009129
 96|1.900964,-9.726041,28.379643|1.900911,-9.726081,28.384604,20.273919,67.579730,0.009129|1.900912,-9.726081,28.384588,20.273919,67.579730,0.009129
 97|1.920974,-10.291937,28.179355|1.920918,-10.291977,28.184316,19.708023,65.693412,0.009129|1.920919,-10.291976,28.184299,19.708024,65.693412,0.009129
 98|1.940984,-10.853712,27.967784|1.940925,-10.853751,27.972745,19.146249,63.820830,0.009129|1.940926,-10.853751,27.972727,19.146249,63.820830,0.009129
 99|1.960994,-11.411141,27.745015|1.960932,-11.411180,27.749975,18.588820,61.962733,0.009129|1.960933,-11.411180,27.749958,18.588820,61.962734,0.009129
100|1.981004,-11.964001,27.511137|1.980940,-11.964040,27.516097,18.035960,60.119867,0.009129|1.980940,-11.964040,27.516079,18.035960,60.119867,0.009129
101|2.001014,-12.512071,27.266244|2.000947,-12.512110,27.271203,17.487890,58.292968,0.009129|2.000947,-12.512109,27.271185,17.487891,58.292968,0.009129
102|2.021025,-13.055131,27.010434|2.020954,-13.055169,27.015392,16.944831,56.482769,0.009129|2.020954,-13.055169,27.015374,16.944831,56.482769,0.009129
103|2.041035,-13.592964,26.743809|2.040961,-13.593002,26.748767,16.406998,54.689993,0.009129|2.040961,-13.593002,26.748748,16.406998,54.689993,0.009129
104|2.061045,-14.125355,26.466476|2.060968,-14.125392,26.471433,15.874608,52.915359,0.009129|2.060968,-14.125392,26.471415,15.874608,52.915360,0.009129
105|2.081055,-14.652090,26.178546|2.080975,-14.652127,26.183503,15.347873,51.159578,0.009129|2.080976,-14.652126,26.183484,15.347874,51.159578,0.009129
106|2.101065,-15.172958,25.880134|2.100983,-15.172994,25.885091,14.827006,49.423352,0.009129|2.100983,-15.172994,25.885071,14.827006,49.423352,0.009129
107|2.121075,-15.687751,25.571360|2.120990,-15.687787,25.576316,14.312213,47.707376,0.009129|2.120990,-15.687787,25.576297,14.312213,47.707377,0.009129
108|2.141085,-16.196263,25.252348|2.140997,-16.196299,25.257303,13.803701,46.012338,0.009129|2.140998,-16.196298,25.257284,13.803702,46.012339,0.009129
109|2.161096,-16.698290,24.923224|2.161005,-16.698325,24.928179,13.301675,44.338917,0.009129|2.161005,-16.698325,24.928160,13.301675,44.338917,0.009129
110|2.181106,-17.193631,24.584122|2.181012,-17.193666,24.589077,12.806334,42.687781,0.009129|2.181012,-17.193666,24.589056,12.806334,42.687782,0.009129
111|2.201116,-17.682088,24.235176|2.201019,-17.682122,24.240130,12.317878,41.059593,0.009129|2.201020,-17.682122,24.240110,12.317878,41.059594,0.009129
112|2.221126,-18.163465,23.876527|2.221027,-18.163499,23.881481,11.836501,39.455004,0.009129|2.221027,-18.163499,23.881460,11.836501,39.455005,0.009129
113|2.241136,-18.637570,23.508318|2.241034,-18.637603,23.513271,11.362397,37.874657,0.009129|2.241035,-18.637603,23.513250,11.362397,37.874658,0.009129
114|2.261146,-19.104212,23.130696|2.261042,-19.104245,23.135649,10.895755,36.319185,0.009129|2.261042,-19.104244,23.135628,10.895756,36.319185,0.009129
115|2.281156,-19.563205,22.743813|2.281050,-19.563237,22.748765,10.436763,34.789209,0.009129|2.281050,-19.563237,22.748744,10.436763,34.789210,0.009129
116|2.301167,-20.014365,22.347823|2.301057,-20.014397,22.352775,9.985603,33.285344,0.009129|2.301058,-20.014397,22.352754,9.985603,33.285345,0.009129
117|2.321177,-20.457512,21.942885|2.321065,-20.457543,21.947837,9.542457,31.808191,0.009129|2.321065,-20.457542,21.947815,9.542458,31.808192,0.009129
118|2.341187,-20.892467,21.529162|2.341073,-20.892498,21.534113,9.107502,30.358341,0.009129|2.341073,-20.892497,21.534091,9.107503,30.358342,0.009129
119|2.361197,-21.319057,21.106819|2.361080,-21.319087,21.111769,8.680913,28.936376,0.009129|2.361081,-21.319087,21.111747,8.680913,28.936376,0.009129
120|2.381207,-21.737112,20.676024|2.381088,-21.737141,20.680974,8.262859,27.542863,0.009129|2.381089,-21.737141,20.680952,8.262859,27.542864,0.009129
121|2.401217,-22.146463,20.236951|2.401096,-22.146491,20.241901,7.853509,26.178362,0.009129|2.401097,-22.146491,20.241879,7.853509,26.178363,0.009129
122|2.421227,-22.546946,19.789775|2.421104,-22.546974,19.794725,7.453026,24.843419,0.009129|2.421105,-22.546974,19.794703,7.453026,24.843420,0.009129
123|2.441238,-22.938402,19.334676|2.441112,-22.938430,19.339625,7.061570,23.538567,0.009129|2.441113,-22.938430,19.339603,7.061570,23.538568,0.009129
124|2.461248,-23.320674,18.871835|2.461120,-23.320701,18.876784,6.679299,22.264330,0.009129|2.461121,-23.320701,18.876761,6.679299,22.264331,0.009129
125|2.481258,-23.693608,18.401438|2.481128,-23.693634,18.406387,6.306366,21.021218,0.009129|2.481129,-23.693634,18.406364,6.306366,21.021220,0.009129
126|2.501268,-24.057056,17.923674|2.501136,-24.057081,17.928622,5.942919,19.809729,0.009129|2.501137,-24.057081,17.928598,5.942919,19.809730,0.009129
127|2.521278,-24.410871,17.438732|2.521144,-24.410896,17.443680,5.589104,18.630347,0.009129|2.521145,-24.410896,17.443657,5.589104,18.630348,0.009129
128|2.541288,-24.754912,16.946809|2.541153,-24.754937,16.951756,5.245063,17.483545,0.009129|2.541153,-24.754936,16.951733,5.245064,17.483546,0.009129
129|2.561298,-25.089042,16.448100|2.561161,-25.089065,16.453047,4.910935,16.369782,0.009129|2.561162,-25.089065,16.453023,4.910935,16.369783,0.009129
130|2.581309,-25.413126,15.942805|2.581169,-25.413149,15.947752,4.586851,15.289504,0.009129|2.581170,-25.413149,15.947728,4.586851,15.289505,0.009129
131|2.601319,-25.727035,15.431127|2.601178,-25.727057,15.436073,4.272943,14.243143,0.009129|2.601178,-25.727057,15.436050,4.272943,14.243144,0.009129
132|2.621329,-26.030643,14.913270|2.621186,-26.030664,14.918216,3.969336,13.231118,0.009129|2.621187,-26.030664,14.918193,3.969336,13.231120,0.009129
133|2.641339,-26.323828,14.389443|2.641195,-26.323849,14.394388,3.676151,12.253836,0.009129|2.641195,-26.323849,14.394364,3.676151,12.253837,0.009129
134|2.661349,-26.606474,13.859853|2.661203,-26.606494,13.864799,3.393506,11.311686,0.009129|2.661204,-26.606494,13.864775,3.393506,11.311687,0.009129
135|2.681359,-26.878467,13.324715|2.681212,-26.878486,13.329660,3.121514,10.405046,0.009129|2.681213,-26.878486,13.329636,3.121514,10.405048,0.009129
136|2.701369,-27.139697,12.784241|2.701221,-27.139716,12.789186,2.860284,9.534280,0.009129|2.701221,-27.139716,12.789162,2.860284,9.534281,0.009129
137|2.721380,-27.390062,12.238649|2.721229,-27.390080,12.243594,2.609920,8.699735,0.009129|2.721230,-27.390079,12.243569,2.609921,8.699737,0.009129
138|2.741390,-27.629459,11.688156|2.741238,-27.629476,11.693101,2.370524,7.901746,0.009129|2.741239,-27.629476,11.693076,2.370524,7.901748,0.009129
139|2.761400,-27.857794,11.132984|2.761247,-27.857810,11.137928,2.142190,7.140633,0.009129|2.761248,-27.857810,11.137903,2.142190,7.140634,0.009129
140|2.781410,-28.074975,10.573354|2.781256,-28.074990,10.578298,1.925010,6.416699,0.009129|2.781257,-28.074990,10.578273,1.925010,6.416701,0.009129
141|2.801420,-28.280914,10.009490|2.801265,-28.280929,10.014434,1.719071,5.730236,0.009129|2.801266,-28.280929,10.014409,1.719071,5.730238,0.009129
142|2.821430,-28.475530,9.441619|2.821274,-28.475545,9.446563,1.524455,5.081518,0.009129|2.821275,-28.475544,9.446538,1.524456,5.081520,0.009129
143|2.841440,-28.658745,8.869967|2.841283,-28.658759,8.874911,1.341241,4.470804,0.009129|2.841284,-28.658758,8.874886,1.341242,4.470807,0.009129
144|2.861451,-28.830485,8.294764|2.861292,-28.830498,8.299708,1.169502,3.898340,0.009129|2.861293,-28.830497,8.299682,1.169503,3.898342,0.009129
145|2.881461,-28.990682,7.716240|2.881302,-28.990694,7.721183,1.009306,3.364354,0.009129|2.881302,-28.990693,7.721158,1.009307,3.364356,0.009129
146|2.901471,-29.139271,7.134626|2.901311,-29.139282,7.139569,0.860718,2.869060,0.009129|2.901312,-29.139281,7.139544,0.860719,2.869062,0.009129
147|2.921481,-29.276193,6.550156|2.921320,-29.276203,6.555099,0.723797,2.412657,0.009129|2.921321,-29.276202,6.555073,0.723798,2.412659,0.009129
148|2.941491,-29.401393,5.963063|2.941330,-29.401402,5.968005,0.598598,1.995327,0.009129|2.941331,-29.401401,5.967980,0.598599,1.995329,0.009129
149|2.961501,-29.514820,5.373582|2.961339,-29.514829,5.378525,0.485171,1.617237,0.009129|2.961340,-29.514828,5.378499,0.485172,1.617239,0.009129
150|2.981511,-29.616431,4.781950|2.981349,-29.616438,4.786892,0.383562,1.278539,0.009129|2.981350,-29.616438,4.786867,0.383562,1.278541,0.009129
151|3.001522,-29.706183,4.188403|3.001359,-29.706190,4.193346,0.293810,0.979368,0.009129|3.001359,-29.706189,4.193320,0.293811,0.979371,0.009129
152|3.021532,-29.784040,3.593179|3.021368,-29.784047,3.598122,0.215953,0.719845,0.009129|3.021369,-29.784046,3.598096,0.215954,0.719847,0.009129
153|3.041542,-29.849973,2.996517|3.041378,-29.849978,3.001459,0.150022,0.500072,0.009129|3.041379,-29.849978,3.001433,0.150022,0.500075,0.009129
154|3.061552,-29.903954,2.398654|3.061388,-29.903958,2.403597,0.096042,0.320138,0.009129|3.061389,-29.903958,2.403571,0.096042,0.320141,0.009129
155|3.081562,-29.945961,1.799832|3.081398,-29.945965,1.804774,0.054035,0.180116,0.009129|3.081399,-29.945964,1.804748,0.054036,0.180119,0.009129
156|3.101572,-29.975979,1.200288|3.101408,-29.975982,1.205231,0.024018,0.080061,0.009129|3.101409,-29.975981,1.205205,0.024019,0.080064,0.009129
157|3.121583,-29.993994,0.600264|3.121418,-29.993996,0.605207,0.006004,0.020012,0.009129|3.121419,-29.993995,0.605181,0.006005,0.020015,0.009129
158|3.141593,-30.000000,0.000000|3.141428,-30.000001,0.004942,0.000001,0.000004,0.009129|3.141429,-30.000000,0.004917,0.000000,0.000001,0.009129
159|3.161603,-29.993994,-0.600264|3.161438,-29.993995,-0.595322,0.006005,0.020018,0.009129|3.161439,-29.993994,-0.595348,0.006006,0.020021,0.009129
160|3.181613,-29.975979,-1.200288|3.181448,-29.975979,-1.195346,0.024021,0.080071,0.009129|3.181449,-29.975978,-1.195371,0.024022,0.080075,0.009129
161|3.201623,-29.945961,-1.799832|3.201459,-29.945960,-1.794889,0.054040,0.180132,0.009129|3.201459,-29.945959,-1.794915,0.054041,0.180135,0.009129
162|3.221633,-29.903954,-2.398654|3.221469,-29.903952,-2.393712,0.096048,0.320160,0.009129|3.221470,-29.903951,-2.393737,0.096049,0.320163,0.009129
163|3.241643,-29.849973,-2.996517|3.241479,-29.849970,-2.991574,0.150030,0.500099,0.009129|3.241480,-29.849969,-2.991600,0.150031,0.500102,0.009129
164|3.261654,-29.784040,-3.593179|3.261490,-29.784037,-3.588236,0.215963,0.719877,0.009129|3.261491,-29.784036,-3.588262,0.215964,0.719880,0.009129
165|3.281664,-29.706183,-4.188403|3.281501,-29.706178,-4.183460,0.293822,0.979406,0.009129|3.281501,-29.706177,-4.183486,0.293823,0.979410,0.009129
166|3.301674,-29.616431,-4.781950|3.301511,-29.616425,-4.777007,0.383575,1.278582,0.009129|3.301512,-29.616424,-4.777032,0.383576,1.278586,0.009129
167|3.321684,-29.514820,-5.373582|3.321522,-29.514814,-5.368639,0.485186,1.617286,0.009129|3.321523,-29.514813,-5.368664,0.485187,1.617289,0.009129
168|3.341694,-29.401393,-5.963063|3.341533,-29.401386,-5.958120,0.598614,1.995381,0.009129|3.341533,-29.401385,-5.958145,0.598615,1.995384,0.009129
169|3.361704,-29.276193,-6.550156|3.361543,-29.276185,-6.545213,0.723815,2.412716,0.009129|3.361544,-29.276184,-6.545238,0.723816,2.412720,0.009129
170|3.381714,-29.139271,-7.134626|3.381554,-29.139263,-7.129683,0.860737,2.869125,0.009129|3.381555,-29.139261,-7.129708,0.860739,2.869128,0.009129
171|3.401725,-28.990682,-7.716240|3.401565,-28.990673,-7.711296,1.009327,3.364424,0.009129|3.401566,-28.990672,-7.711322,1.009328,3.364428,0.009129
172|3.421735,-28.830485,-8.294764|3.421576,-28.830475,-8.289821,1.169525,3.898415,0.009129|3.421577,-28.830474,-8.289846,1.169526,3.898419,0.009129
173|3.441745,-28.658745,-8.869967|3.441587,-28.658735,-8.865024,1.341265,4.470885,0.009129|3.441588,-28.658733,-8.865049,1.341267,4.470889,0.009129
174|3.461755,-28.475530,-9.441619|3.461599,-28.475519,-9.436675,1.524481,5.081603,0.009129|3.461599,-28.475518,-9.436700,1.524482,5.081607,0.009129
175|3.481765,-28.280914,-10.009490|3.481610,-28.280902,-10.004546,1.719098,5.730327,0.009129|3.481611,-28.280901,-10.004571,1.719099,5.730331,0.009129
176|3.501775,-28.074975,-10.573354|3.501621,-28.074962,-10.568409,1.925038,6.416795,0.009129|3.501622,-28.074960,-10.568434,1.925040,6.416799,0.009129
177|3.521785,-27.857794,-11.132984|3.521633,-27.857780,-11.128039,2.142220,7.140733,0.009129|3.521633,-27.857779,-11.128064,2.142221,7.140737,0.009129
178|3.541796,-27.629459,-11.688156|3.541644,-27.629445,-11.683212,2.370555,7.901852,0.009129|3.541645,-27.629443,-11.683236,2.370557,7.901856,0.009129
179|3.561806,-27.390062,-12.238649|3.561655,-27.390046,-12.233704,2.609954,8.699845,0.009129|3.561656,-27.390045,-12.233728,2.609955,8.699850,0.009129
180|3.581816,-27.139697,-12.784241|3.581667,-27.139681,-12.779296,2.860319,9.534395,0.009129|3.581668,-27.139680,-12.779320,2.860320,9.534400,0.009129
181|3.601826,-26.878467,-13.324715|3.601679,-26.878450,-13.319770,3.121550,10.405167,0.009129|3.601679,-26.878449,-13.319794,3.121551,10.405171,0.009129
182|3.621836,-26.606474,-13.859853|3.621690,-26.606457,-13.854908,3.393543,11.311811,0.009129|3.621691,-26.606455,-13.854932,3.393545,11.311816,0.009129
183|3.641846,-26.323828,-14.389443|3.641702,-26.323810,-14.384497,3.676190,12.253966,0.009129|3.641703,-26.323809,-14.384521,3.676191,12.253970,0.009129
184|3.661856,-26.030643,-14.913270|3.661714,-26.030624,-14.908324,3.969376,13.231253,0.009129|3.661714,-26.030623,-14.908348,3.969377,13.231258,0.009129
185|3.681867,-25.727035,-15.431127|3.681725,-25.727015,-15.426180,4.272985,14.243282,0.009129|3.681726,-25.727014,-15.426204,4.272986,14.243287,0.009129
186|3.701877,-25.413126,-15.942805|3.701737,-25.413106,-15.937858,4.586894,15.289648,0.009129|3.701738,-25.413104,-15.937882,4.586896,15.289653,0.009129
187|3.721887,-25.089042,-16.448100|3.721749,-25.089021,-16.443153,4.910979,16.369931,0.009129|3.721750,-25.089019,-16.443176,4.910981,16.369935,0.009129
188|3.741897,-24.754912,-16.946809|3.741761,-24.754891,-16.941861,5.245109,17.483698,0.009129|3.741762,-24.754889,-16.941885,5.245111,17.483703,0.009129
189|3.761907,-24.410871,-17.438732|3.761773,-24.410849,-17.433785,5.589151,18.630505,0.009129|3.761774,-24.410847,-17.433808,5.589153,18.630510,0.009129
190|3.781917,-24.057056,-17.923674|3.781785,-24.057033,-17.918726,5.942967,19.809891,0.009129|3.781786,-24.057031,-17.918749,5.942969,19.809896,0.009129
191|3.801927,-23.693608,-18.401438|3.801798,-23.693585,-18.396490,6.306415,21.021385,0.009129|3.801798,-23.693583,-18.396513,6.306417,21.021390,0.009129
192|3.821938,-23.320674,-18.871835|3.821810,-23.320650,-18.866887,6.679350,22.264501,0.009129|3.821810,-23.320648,-18.866909,6.679352,22.264506,0.009129
193|3.841948,-22.938402,-19.334676|3.841822,-22.938377,-19.329727,7.061623,23.538742,0.009129|3.841823,-22.938376,-19.329750,7.061624,23.538747,0.009129
194|3.861958,-22.546946,-19.789775|3.861834,-22.546921,-19.784826,7.453079,24.843598,0.009129|3.861835,-22.546919,-19.784848,7.453081,24.843603,0.009129
195|3.881968,-22.146463,-20.236951|3.881847,-22.146436,-20.232001,7.853564,26.178545,0.009129|3.881847,-22.146435,-20.232024,7.853565,26.178550,0.009129
196|3.901978,-21.737112,-20.676024|3.901859,-21.737085,-20.671074,8.262915,27.543050,0.009129|3.901860,-21.737083,-20.671096,8.262917,27.543055,0.009129
197|3.921988,-21.319057,-21.106819|3.921872,-21.319030,-21.101868,8.680970,28.936566,0.009129|3.921872,-21.319028,-21.101890,8.680972,28.936572,0.009129
198|3.941998,-20.892467,-21.529162|3.941884,-20.892439,-21.524211,9.107561,30.358536,0.009129|3.941885,-20.892438,-21.524233,9.107562,30.358541,0.009129
199|3.962009,-20.457512,-21.942885|3.961897,-20.457483,-21.937934,9.542517,31.808390,0.009129|3.961897,-20.457482,-21.937955,9.542518,31.808395,0.009129
200|3.982019,-20.014365,-22.347823|3.981909,-20.014336,-22.342871,9.985664,33.285546,0.009129|3.981910,-20.014334,-22.342892,9.985666,33.285552,0.009129
201|4.002029,-19.563205,-22.743813|4.001922,-19.563175,-22.738860,10.436825,34.789415,0.009129|4.001922,-19.563174,-22.738881,10.436826,34.789421,0.009129
202|4.022039,-19.104212,-23.130696|4.021935,-19.104182,-23.125743,10.895818,36.319394,0.009129|4.021935,-19.104180,-23.125764,10.895820,36.319399,0.009129
203|4.042049,-18.637570,-23.508318|4.041947,-18.637539,-23.503365,11.362461,37.874870,0.009129|4.041948,-18.637537,-23.503385,11.362463,37.874875,0.009129
204|4.062059,-18.163465,-23.876527|4.061960,-18.163434,-23.871573,11.836566,39.455220,0.009129|4.061961,-18.163432,-23.871594,11.836568,39.455226,0.009129
205|4.082069,-17.682088,-24.235176|4.081973,-17.682056,-24.230222,12.317944,41.059812,0.009129|4.081973,-17.682055,-24.230242,12.317945,41.059818,0.009129
206|4.102080,-17.193631,-24.584122|4.101986,-17.193599,-24.579167,12.806401,42.688004,0.009129|4.101986,-17.193597,-24.579187,12.806403,42.688009,0.009129
207|4.122090,-16.698290,-24.923224|4.121999,-16.698257,-24.918269,13.301743,44.339142,0.009129|4.121999,-16.698256,-24.918289,13.301744,44.339148,0.009129
208|4.142100,-16.196263,-25.252348|4.142012,-16.196230,-25.247392,13.803770,46.012567,0.009129|4.142012,-16.196228,-25.247412,13.803772,46.012572,0.009129
209|4.162110,-15.687751,-25.571360|4.162025,-15.687718,-25.566404,14.312282,47.707608,0.009129|4.162025,-15.687716,-25.566424,14.312284,47.707613,0.009129
210|4.182120,-15.172958,-25.880134|4.182038,-15.172924,-25.875178,14.827076,49.423586,0.009129|4.182038,-15.172922,-25.875197,14.827078,49.423592,0.009129
211|4.202130,-14.652090,-26.178546|4.202051,-14.652056,-26.173589,15.347944,51.159815,0.009129|4.202051,-14.652054,-26.173608,15.347946,51.159821,0.009129
212|4.222140,-14.125355,-26.466476|4.222064,-14.125320,-26.461518,15.874680,52.915599,0.009129|4.222064,-14.125319,-26.461537,15.874681,52.915605,0.009129
213|4.242151,-13.592964,-26.743809|4.242077,-13.592929,-26.738851,16.407071,54.690235,0.009129|4.242077,-13.592928,-26.738869,16.407072,54.690241,0.009129
214|4.262161,-13.055131,-27.010434|4.262090,-13.055096,-27.005476,16.944904,56.483013,0.009129|4.262090,-13.055094,-27.005494,16.944906,56.483019,0.009129
215|4.282171,-12.512071,-27.266244|4.282103,-12.512036,-27.261285,17.487964,58.293215,0.009129|4.282103,-12.512034,-27.261303,17.487966,58.293221,0.009129
216|4.302181,-11.964001,-27.511137|4.302116,-11.963965,-27.506178,18.036035,60.120116,0.009129|4.302116,-11.963963,-27.506196,18.036037,60.120122,0.009129
217|4.322191,-11.411141,-27.745015|4.322129,-11.411105,-27.740055,18.588895,61.962984,0.009129|4.322130,-11.411103,-27.740073,18.588897,61.962990,0.009129
218|4.342201,-10.853712,-27.967784|4.342143,-10.853675,-27.962823,19.146325,63.821083,0.009129|4.342143,-10.853673,-27.962841,19.146327,63.821089,0.009129
219|4.362211,-10.291937,-28.179355|4.362156,-10.291900,-28.174394,19.708100,65.693667,0.009129|4.362156,-10.291898,-28.174411,19.708102,65.693673,0.009129
220|4.382222,-9.726041,-28.379643|4.382169,-9.726004,-28.374681,20.273996,67.579987,0.009129|4.382169,-9.726002,-28.374698,20.273998,67.579993,0.009129
221|4.402232,-9.156251,-28.568568|4.402182,-9.156214,-28.563606,20.843786,69.479287,0.009129|4.402183,-9.156212,-28.563622,20.843788,69.479293,0.009129
222|4.422242,-8.582795,-28.746054|4.422196,-8.582757,-28.741091,21.417243,71.390808,0.009129|4.422196,-8.582756,-28.741108,21.417244,71.390814,0.009129
223|4.442252,-8.005903,-28.912031|4.442209,-8.005865,-28.907067,21.994135,73.313784,0.009129|4.442209,-8.005863,-28.907084,21.994137,73.313790,0.009129
224|4.462262,-7.425805,-29.066431|4.462222,-7.425766,-29.061467,22.574234,75.247445,0.009129|4.462223,-7.425765,-29.061483,22.574235,75.247451,0.009129
225|4.482272,-6.842733,-29.209194|4.482236,-6.842695,-29.204229,23.157305,77.191017,0.009129|4.482236,-6.842693,-29.204245,23.157307,77.191023,0.009129
226|4.502282,-6.256922,-29.340261|4.502249,-6.256884,-29.335296,23.743116,79.143721,0.009129|4.502249,-6.256882,-29.335311,23.743118,79.143727,0.009129
227|4.522293,-5.668606,-29.459581|4.522263,-5.668567,-29.454615,24.331433,81.104776,0.009129|4.522263,-5.668565,-29.454630,24.331435,81.104782,0.009129
228|4.542303,-5.078020,-29.567105|4.542276,-5.077981,-29.562139,24.922019,83.073396,0.009129|4.542276,-5.077979,-29.562154,24.922021,83.073402,0.009129
229|4.562313,-4.485401,-29.662791|4.562289,-4.485362,-29.657825,25.514638,85.048794,0.009129|4.562290,-4.485360,-29.657839,25.514640,85.048800,0.009129
230|4.582323,-3.890986,-29.746600|4.582303,-3.890947,-29.741633,26.109053,87.030178,0.009129|4.582303,-3.890945,-29.741647,26.109055,87.030184,0.009129
231|4.602333,-3.295013,-29.818499|4.602316,-3.294974,-29.813531,26.705026,89.016755,0.009129|4.602316,-3.294972,-29.813545,26.705028,89.016761,0.009129
232|4.622343,-2.697720,-29.878459|4.622330,-2.697681,-29.873491,27.302319,91.007729,0.009129|4.622330,-2.697679,-29.873504,27.302321,91.007736,0.009129
233|4.642353,-2.099348,-29.926455|4.642343,-2.099309,-29.921487,27.900691,93.002304,0.009129|4.642343,-2.099307,-29.921500,27.900693,93.002311,0.009129
234|4.662364,-1.500135,-29.962470|4.662357,-1.500096,-29.957500,28.499904,94.999681,0.009129|4.662357,-1.500094,-29.957513,28.499906,94.999687,0.009129
235|4.682374,-0.900321,-29.986487|4.682370,-0.900282,-29.981517,29.099718,96.999060,0.009129|4.682370,-0.900280,-29.981530,29.099720,96.999066,0.009129
236|4.702384,-0.300147,-29.998498|4.702384,-0.300108,-29.993528,29.699892,98.999641,0.009129|4.702384,-0.300106,-29.993541,29.699894,98.999647,0.009129
237|4.722394,0.300147,-29.998498|4.722397,0.300187,-29.993527,29.699813,98.999378,0.009129|4.722397,0.300188,-29.993540,29.699812,98.999372,0.009129
238|4.742404,0.900321,-29.986487|4.742410,0.900361,-29.981515,29.099639,96.998798,0.009129|4.742411,0.900363,-29.981528,29.099637,96.998792,0.009129
239|4.762414,1.500135,-29.962470|4.762424,1.500174,-29.957497,28.499826,94.999419,0.009129|4.762424,1.500176,-29.957509,28.499824,94.999413,0.009129
240|4.782424,2.099348,-29.926455|4.782437,2.099387,-29.921483,27.900613,93.002043,0.009129|4.782437,2.099389,-29.921494,27.900611,93.002036,0.009129
241|4.802435,2.697720,-29.878459|4.802451,2.697760,-29.873485,27.302240,91.007468,0.009129|4.802451,2.697761,-29.873497,27.302239,91.007462,0.009129
242|4.822445,3.295013,-29.818499|4.822464,3.295052,-29.813525,26.704948,89.016494,0.009129|4.822464,3.295054,-29.813536,26.704946,89.016488,0.009129
243|4.842455,3.890986,-29.746600|4.842478,3.891025,-29.741626,26.108975,87.029918,0.009129|4.842478,3.891027,-29.741637,26.108973,87.029911,0.009129
244|4.862465,4.485401,-29.662791|4.862491,4.485440,-29.657816,25.514560,85.048534,0.009129|4.862491,4.485442,-29.657827,25.514558,85.048528,0.009129
245|4.882475,5.078020,-29.567105|4.882505,5.078059,-29.562129,24.921941,83.073138,0.009129|4.882505,5.078061,-29.562140,24.921939,83.073131,0.009129
246|4.902485,5.668606,-29.459581|4.902518,5.668645,-29.454604,24.331355,81.104518,0.009129|4.902518,5.668646,-29.454615,24.331354,81.104512,0.009129
247|4.922495,6.256922,-29.340261|4.922531,6.256961,-29.335284,23.743039,79.143464,0.009129|4.922531,6.256963,-29.335294,23.743037,79.143458,0.009129
248|4.942506,6.842733,-29.209194|4.942545,6.842772,-29.204216,23.157228,77.190761,0.009129|4.942545,6.842773,-29.204226,23.157227,77.190755,0.009129
249|4.962516,7.425805,-29.066431|4.962558,7.425843,-29.061453,22.574157,75.247191,0.009129|4.962558,7.425845,-29.061463,22.574155,75.247185,0.009129
250|4.982526,8.005903,-28.912031|4.982571,8.005940,-28.907052,21.994060,73.313532,0.009129|4.982571,8.005942,-28.907061,21.994058,73.313526,0.009129
251|5.002536,8.582795,-28.746054|5.002585,8.582833,-28.741075,21.417167,71.390557,0.009129|5.002585,8.582835,-28.741084,21.417165,71.390551,0.009129
252|5.022546,9.156251,-28.568568|5.022598,9.156289,-28.563588,20.843711,69.479038,0.009129|5.022598,9.156290,-28.563597,20.843710,69.479032,0.009129
253|5.042556,9.726041,-28.379643|5.042611,9.726078,-28.374662,20.273922,67.579739,0.009129|5.042611,9.726080,-28.374671,20.273920,67.579733,0.009129
254|5.062567,10.291937,-28.179355|5.062625,10.291974,-28.174374,19.708026,65.693421,0.009129|5.062625,10.291976,-28.174382,19.708024,65.693415,0.009129
255|5.082577,10.853712,-27.967784|5.082638,10.853748,-27.962803,19.146252,63.820839,0.009129|5.082638,10.853750,-27.962811,19.146250,63.820832,0.009129
256|5.102587,11.411141,-27.745015|5.102651,11.411177,-27.740033,18.588823,61.962742,0.009129|5.102651,11.411179,-27.740041,18.588821,61.962736,0.009129
257|5.122597,11.964001,-27.511137|5.122664,11.964037,-27.506155,18.035963,60.119876,0.009129|5.122664,11.964039,-27.506162,18.035961,60.119870,0.009129
258|5.142607,12.512071,-27.266244|5.142677,12.512107,-27.261261,17.487893,58.292977,0.009129|5.142677,12.512109,-27.261268,17.487891,58.292971,0.009129
259|5.162617,13.055131,-27.010434|5.162691,13.055167,-27.005450,16.944833,56.482778,0.009129|5.162691,13.055168,-27.005457,16.944832,56.482772,0.009129
260|5.182627,13.592964,-26.743809|5.182704,13.592999,-26.738825,16.407001,54.690002,0.009129|5.182704,13.593001,-26.738832,16.406999,54.689996,0.009129
261|5.202638,14.125355,-26.466476|5.202717,14.125389,-26.461491,15.874611,52.915369,0.009129|5.202717,14.125391,-26.461498,15.874609,52.915362,0.009129
262|5.222648,14.652090,-26.178546|5.222730,14.652124,-26.173561,15.347876,51.159587,0.009129|5.222730,14.652126,-26.173567,15.347874,51.159581,0.009129
263|5.242658,15.172958,-25.880134|5.242743,15.172992,-25.875149,14.827008,49.423361,0.009129|5.242743,15.172993,-25.875155,14.827007,49.423355,0.009129
264|5.262668,15.687751,-25.571360|5.262756,15.687784,-25.566374,14.312216,47.707386,0.009129|5.262756,15.687786,-25.566380,14.312214,47.707379,0.009129
265|5.282678,16.196263,-25.252348|5.282769,16.196296,-25.247361,13.803704,46.012348,0.009129|5.282769,16.196298,-25.247367,13.803702,46.012342,0.009129
266|5.302688,16.698290,-24.923224|5.302782,16.698322,-24.918237,13.301678,44.338926,0.009129|5.302782,16.698324,-24.918243,13.301676,44.338920,0.009129
267|5.322698,17.193631,-24.584122|5.322795,17.193663,-24.579134,12.806337,42.687791,0.009129|5.322794,17.193665,-24.579140,12.806335,42.687784,0.009129
268|5.342709,17.682088,-24.235176|5.342807,17.682119,-24.230188,12.317881,41.059602,0.009129|5.342807,17.682121,-24.230193,12.317879,41.059596,0.009129
269|5.362719,18.163465,-23.876527|5.362820,18.163496,-23.871538,11.836504,39.455014,0.009129|5.362820,18.163498,-23.871543,11.836502,39.455008,0.009129
270|5.382729,18.637570,-23.508318|5.382833,18.637600,-23.503329,11.362400,37.874667,0.009129|5.382833,18.637602,-23.503333,11.362398,37.874661,0.009129
271|5.402739,19.104212,-23.130696|5.402846,19.104242,-23.125706,10.895758,36.319194,0.009129|5.402846,19.104244,-23.125711,10.895756,36.319188,0.009129
272|5.422749,19.563205,-22.743813|5.422858,19.563234,-22.738823,10.436766,34.789219,0.009129|5.422858,19.563236,-22.738827,10.436764,34.789213,0.009129
273|5.442759,20.014365,-22.347823|5.442871,20.014394,-22.342833,9.985606,33.285354,0.009129|5.442871,20.014396,-22.342837,9.985604,33.285348,0.009129
274|5.462769,20.457512,-21.942885|5.462884,20.457540,-21.937895,9.542460,31.808201,0.009129|5.462883,20.457542,-21.937899,9.542458,31.808195,0.009129
275|5.482780,20.892467,-21.529162|5.482896,20.892495,-21.524171,9.107505,30.358351,0.009129|5.482896,20.892497,-21.524175,9.107503,30.358345,0.009129
276|5.502790,21.319057,-21.106819|5.502909,21.319084,-21.101827,8.680916,28.936385,0.009129|5.502909,21.319086,-21.101831,8.680914,28.936379,0.009129
277|5.522800,21.737112,-20.676024|5.522921,21.737138,-20.671032,8.262862,27.542873,0.009129|5.522921,21.737140,-20.671036,8.262860,27.542867,0.009129
278|5.542810,22.146463,-20.236951|5.542933,22.146488,-20.231959,7.853512,26.178372,0.009129|5.542933,22.146490,-20.231962,7.853510,26.178366,0.009129
279|5.562820,22.546946,-19.789775|5.562946,22.546971,-19.784783,7.453029,24.843428,0.009129|5.562946,22.546973,-19.784786,7.453027,24.843422,0.009129
280|5.582830,22.938402,-19.334676|5.582958,22.938427,-19.329683,7.061573,23.538577,0.009129|5.582958,22.938429,-19.329686,7.061571,23.538571,0.009129
281|5.602840,23.320674,-18.871835|5.602970,23.320698,-18.866842,6.679302,22.264340,0.009129|5.602970,23.320700,-18.866845,6.679300,22.264334,0.009129
282|5.622851,23.693608,-18.401438|5.622983,23.693631,-18.396444,6.306369,21.021228,0.009129|5.622982,23.693633,-18.396447,6.306367,21.021222,0.009129
283|5.642861,24.057056,-17.923674|5.642995,24.057078,-17.918679,5.942922,19.809739,0.009129|5.642995,24.057080,-17.918682,5.942920,19.809733,0.009129
284|5.662871,24.410871,-17.438732|5.663007,24.410893,-17.433738,5.589107,18.630357,0.009129|5.663007,24.410895,-17.433740,5.589105,18.630351,0.009129
285|5.682881,24.754912,-16.946809|5.683019,24.754933,-16.941814,5.245067,17.483555,0.009129|5.683019,24.754935,-16.941816,5.245065,17.483549,0.009129
286|5.702891,25.089042,-16.448100|5.703031,25.089062,-16.443104,4.910938,16.369792,0.009129|5.703031,25.089064,-16.443106,4.910936,16.369786,0.009129
287|5.722901,25.413126,-15.942805|5.723043,25.413146,-15.937809,4.586854,15.289514,0.009129|5.723043,25.413148,-15.937811,4.586852,15.289508,0.009129
288|5.742911,25.727035,-15.431127|5.743055,25.727054,-15.426131,4.272946,14.243153,0.009129|5.743055,25.727056,-15.426133,4.272944,14.243147,0.009129
289|5.762922,26.030643,-14.913270|5.763066,26.030661,-14.908274,3.969339,13.231129,0.009129|5.763066,26.030663,-14.908276,3.969337,13.231123,0.009129
290|5.782932,26.323828,-14.389443|5.783078,26.323846,-14.384446,3.676154,12.253846,0.009129|5.783078,26.323848,-14.384448,3.676152,12.253840,0.009129
291|5.802942,26.606474,-13.859853|5.803090,26.606491,-13.854857,3.393509,11.311696,0.009129|5.803090,26.606493,-13.854858,3.393507,11.311690,0.009129
292|5.822952,26.878467,-13.324715|5.823101,26.878483,-13.319718,3.121517,10.405057,0.009129|5.823101,26.878485,-13.319719,3.121515,10.405051,0.009129
293|5.842962,27.139697,-12.784241|5.843113,27.139713,-12.779244,2.860287,9.534290,0.009129|5.843113,27.139715,-12.779245,2.860285,9.534284,0.009129
294|5.862972,27.390062,-12.238649|5.863125,27.390076,-12.233651,2.609924,8.699745,0.009129|5.863125,27.390078,-12.233652,2.609922,8.699739,0.009129
295|5.882982,27.629459,-11.688156|5.883136,27.629473,-11.683158,2.370527,7.901757,0.009129|5.883136,27.629475,-11.683159,2.370525,7.901751,0.009129
296|5.902993,27.857794,-11.132984|5.903147,27.857807,-11.127986,2.142193,7.140643,0.009129|5.903147,27.857809,-11.127987,2.142191,7.140637,0.009129
297|5.923003,28.074975,-10.573354|5.923159,28.074987,-10.568355,1.925013,6.416710,0.009129|5.923159,28.074989,-10.568356,1.925011,6.416704,0.009129
298|5.943013,28.280914,-10.009490|5.943170,28.280926,-10.004492,1.719074,5.730247,0.009129|5.943170,28.280928,-10.004492,1.719072,5.730241,0.009129
299|5.963023,28.475530,-9.441619|5.963181,28.475541,-9.436620,1.524459,5.081529,0.009129|5.963181,28.475543,-9.436621,1.524457,5.081523,0.009129
300|5.983033,28.658745,-8.869967|5.983192,28.658755,-8.864968,1.341245,4.470815,0.009129|5.983192,28.658757,-8.864969,1.341243,4.470809,0.009129
301|6.003043,28.830485,-8.294764|6.003204,28.830495,-8.289765,1.169505,3.898351,0.009129|6.003204,28.830497,-8.289766,1.169503,3.898345,0.009129
302|6.023053,28.990682,-7.716240|6.023215,28.990690,-7.711241,1.009310,3.364365,0.009129|6.023215,28.990692,-7.711241,1.009308,3.364359,0.009129
303|6.043064,29.139271,-7.134626|6.043226,29.139279,-7.129627,0.860721,2.869071,0.009129|6.043226,29.139280,-7.129627,0.860720,2.869065,0.009129
304|6.063074,29.276193,-6.550156|6.063236,29.276200,-6.545156,0.723800,2.412668,0.009129|6.063236,29.276201,-6.545157,0.723799,2.412662,0.009129
305|6.083084,29.401393,-5.963063|6.083247,29.401399,-5.958063,0.598601,1.995338,0.009129|6.083247,29.401400,-5.958063,0.598600,1.995332,0.009129
306|6.103094,29.514820,-5.373582|6.103258,29.514826,-5.368582,0.485174,1.617248,0.009129|6.103258,29.514827,-5.368583,0.485173,1.617242,0.009129
307|6.123104,29.616431,-4.781950|6.123269,29.616435,-4.776950,0.383565,1.278550,0.009129|6.123269,29.616437,-4.776950,0.383563,1.278544,0.009129
308|6.143114,29.706183,-4.188403|6.143279,29.706186,-4.183403,0.293814,0.979380,0.009129|6.143279,29.706188,-4.183403,0.293812,0.979374,0.009129
309|6.163124,29.784040,-3.593179|6.163290,29.784043,-3.588179,0.215957,0.719856,0.009129|6.163290,29.784045,-3.588179,0.215955,0.719850,0.009129
310|6.183135,29.849973,-2.996517|6.183300,29.849975,-2.991517,0.150025,0.500084,0.009129|6.183300,29.849977,-2.991517,0.150023,0.500077,0.009129
311|6.203145,29.903954,-2.398654|6.203311,29.903955,-2.393654,0.096045,0.320150,0.009129|6.203311,29.903957,-2.393654,0.096043,0.320144,0.009129
312|6.223155,29.945961,-1.799832|6.223321,29.945962,-1.794832,0.054038,0.180128,0.009129|6.223321,29.945964,-1.794832,0.054036,0.180122,0.009129
313|6.243165,29.975979,-1.200288|6.243332,29.975978,-1.195288,0.024022,0.080072,0.009129|6.243332,29.975980,-1.195288,0.024020,0.080066,0.009129
314|6.263175,29.993994,-0.600264|6.263342,29.993993,-0.595264,0.006007,0.020024,0.009129|6.263342,29.993995,-0.595264,0.006005,0.020018,0.009129
