OneBody4_E-0.20_plotinterval0.005_ecc0.0_RK4.txt
initial value : [x, y, v_x, v_y] = [22.50,0.00,0.00,0.63] , numerical interval dt = 0.02000 , [M, m] = [ 9, 1]

num|given_position|geodesic|newtonian
num| degree1, x1, y1 | degree2, x2, y2, simple error, relative error, d(rho) | degree2, x2, y2, simple error, relative error, dt
  1|0.000000,22.500000,0.000000|0.000222,22.499999,0.005000,0.000001,0.000002,0.007906|0.000222,22.499999,0.005000,0.000001,0.000002,0.007906
  2|0.020010,22.495496,0.450198|0.020232,22.495494,0.455198,0.004506,0.020027,0.007906|0.020232,22.495494,0.455198,0.004506,0.020027,0.007906
  3|0.040020,22.481984,0.900216|0.040242,22.481981,0.905216,0.018019,0.080083,0.007906|0.040242,22.481981,0.905216,0.018019,0.080083,0.007906
  4|0.060030,22.459471,1.349874|0.060252,22.459467,1.354874,0.040533,0.180146,0.007906|0.060252,22.459467,1.354874,0.040533,0.180146,0.007906
  5|0.080041,22.427965,1.798991|0.080262,22.427960,1.803991,0.072040,0.320176,0.007906|0.080262,22.427960,1.803991,0.072040,0.320176,0.007906
  6|0.100051,22.387480,2.247387|0.100272,22.387474,2.252387,0.112526,0.500117,0.007906|0.100272,22.387474,2.252387,0.112526,0.500117,0.007906
  7|0.120061,22.338030,2.694884|0.120282,22.338023,2.699884,0.161977,0.719897,0.007906|0.120282,22.338023,2.699884,0.161977,0.719897,0.007906
  8|0.140071,22.279637,3.141302|0.140291,22.279629,3.146302,0.220371,0.979428,0.007906|0.140291,22.279629,3.146302,0.220371,0.979428,0.007906
  9|0.160081,22.212323,3.586462|0.160301,22.212313,3.591462,0.287687,1.278607,0.007906|0.160301,22.212313,3.591462,0.287687,1.278607,0.007906
 10|0.180091,22.136115,4.030186|0.180310,22.136105,4.035186,0.363895,1.617312,0.007906|0.180310,22.136105,4.035186,0.363895,1.617312,0.007906
 11|0.200101,22.051044,4.472297|0.200319,22.051033,4.477296,0.448967,1.995410,0.007906|0.200319,22.051033,4.477296,0.448967,1.995410,0.007906
 12|0.220112,21.957145,4.912617|0.220329,21.957132,4.917616,0.542868,2.412747,0.007906|0.220329,21.957132,4.917615,0.542868,2.412747,0.007906
 13|0.240122,21.854453,5.350970|0.240338,21.854439,5.355969,0.645561,2.869158,0.007906|0.240338,21.854439,5.355968,0.645561,2.869158,0.007906
 14|0.260132,21.743012,5.787180|0.260347,21.742997,5.792179,0.757003,3.364459,0.007906|0.260347,21.742997,5.792178,0.757003,3.364459,0.007906
 15|0.280142,21.622864,6.221073|0.280356,21.622848,6.226072,0.877152,3.898453,0.007906|0.280356,21.622848,6.226071,0.877152,3.898453,0.007906
 16|0.300152,21.494059,6.652475|0.300365,21.494042,6.657474,1.005958,4.470924,0.007906|0.300365,21.494042,6.657473,1.005958,4.470924,0.007906
 17|0.320162,21.356648,7.081214|0.320373,21.356630,7.086212,1.143370,5.081645,0.007906|0.320373,21.356630,7.086211,1.143370,5.081645,0.007906
 18|0.340172,21.210686,7.507118|0.340382,21.210667,7.512116,1.289333,5.730371,0.007906|0.340382,21.210667,7.512114,1.289333,5.730371,0.007906
 19|0.360183,21.056231,7.930015|0.360391,21.056211,7.935013,1.443789,6.416841,0.007906|0.360391,21.056211,7.935012,1.443789,6.416841,0.007906
 20|0.380193,20.893345,8.349738|0.380399,20.893324,8.354735,1.606676,7.140781,0.007906|0.380399,20.893324,8.354734,1.606676,7.140781,0.007906
 21|0.400203,20.722094,8.766117|0.400408,20.722072,8.771114,1.777928,7.901902,0.007906|0.400408,20.722072,8.771113,1.777928,7.901902,0.007906
 22|0.420213,20.542546,9.178987|0.420416,20.542523,9.183984,1.957477,8.699898,0.007906|0.420416,20.542523,9.183982,1.957477,8.699898,0.007906
 23|0.440223,20.354773,9.588181|0.440425,20.354749,9.593178,2.145251,9.534449,0.007906|0.440424,20.354749,9.593176,2.145251,9.534449,0.007906
 24|0.460233,20.158850,9.993536|0.460433,20.158825,9.998533,2.341175,10.405223,0.007906|0.460433,20.158825,9.998530,2.341175,10.405223,0.007906
 25|0.480243,19.954856,10.394890|0.480441,19.954829,10.399886,2.545171,11.311869,0.007906|0.480441,19.954829,10.399884,2.545171,11.311869,0.007906
 26|0.500254,19.742871,10.792082|0.500449,19.742844,10.797078,2.757156,12.254026,0.007906|0.500449,19.742844,10.797075,2.757156,12.254026,0.007906
 27|0.520264,19.522982,11.184953|0.520457,19.522954,11.189948,2.977046,13.231315,0.007906|0.520457,19.522954,11.189945,2.977046,13.231315,0.007906
 28|0.540274,19.295276,11.573345|0.540465,19.295247,11.578340,3.204753,14.243346,0.007906|0.540465,19.295247,11.578337,3.204753,14.243346,0.007906
 29|0.560284,19.059844,11.957104|0.560473,19.059814,11.962099,3.440186,15.289714,0.007906|0.560473,19.059814,11.962095,3.440186,15.289714,0.007906
 30|0.580294,18.816781,12.336075|0.580481,18.816750,12.341069,3.683250,16.369998,0.007906|0.580480,18.816750,12.341066,3.683250,16.369998,0.007906
 31|0.600304,18.566184,12.710106|0.600488,18.566152,12.715101,3.933848,17.483768,0.007906|0.600488,18.566152,12.715097,3.933848,17.483768,0.007906
 32|0.620314,18.308153,13.079049|0.620496,18.308120,13.084043,4.191880,18.630576,0.007906|0.620496,18.308120,13.084039,4.191880,18.630576,0.007906
 33|0.640325,18.042792,13.442755|0.640503,18.042758,13.447749,4.457242,19.809964,0.007906|0.640503,18.042758,13.447744,4.457242,19.809964,0.007906
 34|0.660335,17.770206,13.801079|0.660511,17.770172,13.806072,4.729828,21.021460,0.007906|0.660511,17.770172,13.806067,4.729828,21.021460,0.007906
 35|0.680345,17.490505,14.153876|0.680518,17.490470,14.158869,5.009530,22.264578,0.007906|0.680518,17.490470,14.158864,5.009530,22.264578,0.007906
 36|0.700355,17.203802,14.501007|0.700526,17.203765,14.505999,5.296235,23.538821,0.007906|0.700526,17.203765,14.505994,5.296235,23.538821,0.007906
 37|0.720365,16.910210,14.842332|0.720533,16.910173,14.847323,5.589827,24.843678,0.007906|0.720533,16.910173,14.847318,5.589827,24.843678,0.007906
 38|0.740375,16.609847,15.177713|0.740540,16.609809,15.182705,5.890191,26.178627,0.007906|0.740540,16.609809,15.182699,5.890191,26.178627,0.007906
 39|0.760385,16.302834,15.507018|0.760547,16.302795,15.512009,6.197205,27.543134,0.007906|0.760547,16.302795,15.512003,6.197205,27.543134,0.007906
 40|0.780396,15.989293,15.830114|0.780554,15.989253,15.835104,6.510747,28.936651,0.007906|0.780554,15.989253,15.835098,6.510747,28.936651,0.007906
 41|0.800406,15.669350,16.146872|0.800561,15.669310,16.151861,6.830690,30.358623,0.007906|0.800561,15.669310,16.151855,6.830690,30.358623,0.007906
 42|0.820416,15.343134,16.457164|0.820568,15.343093,16.462153,7.156907,31.808478,0.007906|0.820568,15.343093,16.462146,7.156907,31.808478,0.007906
 43|0.840426,15.010774,16.760867|0.840575,15.010732,16.765856,7.489268,33.285636,0.007906|0.840575,15.010732,16.765849,7.489268,33.285636,0.007906
 44|0.860436,14.672404,17.057859|0.860582,14.672361,17.062848,7.827639,34.789506,0.007906|0.860582,14.672361,17.062840,7.827639,34.789506,0.007906
 45|0.880446,14.328159,17.348022|0.880589,14.328116,17.353010,8.171884,36.319486,0.007906|0.880589,14.328116,17.353002,8.171884,36.319486,0.007906
 46|0.900456,13.978177,17.631238|0.900596,13.978133,17.636226,8.521867,37.874964,0.007906|0.900595,13.978133,17.636217,8.521867,37.874964,0.007906
 47|0.920467,13.622599,17.907395|0.920602,13.622554,17.912382,8.877446,39.455315,0.007906|0.920602,13.622554,17.912373,8.877446,39.455316,0.007906
 48|0.940477,13.261566,18.176382|0.940609,13.261521,18.181368,9.238479,41.059909,0.007906|0.940609,13.261521,18.181359,9.238479,41.059909,0.007906
 49|0.960487,12.895223,18.438091|0.960616,12.895177,18.443077,9.604823,42.688101,0.007906|0.960615,12.895177,18.443068,9.604823,42.688101,0.007906
 50|0.980497,12.523717,18.692418|0.980622,12.523671,18.697403,9.976329,44.339241,0.007906|0.980622,12.523671,18.697394,9.976329,44.339241,0.007906
 51|1.000507,12.147197,18.939261|1.000629,12.147150,18.944245,10.352850,46.012667,0.007906|1.000628,12.147150,18.944235,10.352850,46.012667,0.007906
 52|1.020517,11.765813,19.178520|1.020635,11.765765,19.183504,10.734235,47.707709,0.007906|1.020635,11.765765,19.183494,10.734235,47.707709,0.007906
 53|1.040528,11.379718,19.410101|1.040641,11.379670,19.415084,11.120330,49.423689,0.007906|1.040641,11.379670,19.415073,11.120330,49.423689,0.007906
 54|1.060538,10.989067,19.633909|1.060648,10.989018,19.638892,11.510982,51.159919,0.007906|1.060647,10.989018,19.638881,11.510982,51.159919,0.007906
 55|1.080548,10.594016,19.849857|1.080654,10.593967,19.854839,11.906033,52.915704,0.007906|1.080654,10.593967,19.854828,11.906033,52.915704,0.007906
 56|1.100558,10.194723,20.057857|1.100660,10.194673,20.062838,12.305327,54.690341,0.007906|1.100660,10.194673,20.062826,12.305327,54.690341,0.007906
 57|1.120568,9.791349,20.257825|1.120666,9.791298,20.262807,12.708702,56.483120,0.007906|1.120666,9.791298,20.262794,12.708702,56.483120,0.007906
 58|1.140578,9.384053,20.449683|1.140673,9.384002,20.454664,13.115998,58.293323,0.007906|1.140672,9.384002,20.454651,13.115998,58.293323,0.007906
 59|1.160588,8.973001,20.633353|1.160679,8.972949,20.638333,13.527051,60.120225,0.007906|1.160678,8.972949,20.638320,13.527051,60.120225,0.007906
 60|1.180599,8.558356,20.808761|1.180685,8.558304,20.813741,13.941696,61.963094,0.007906|1.180685,8.558304,20.813727,13.941696,61.963094,0.007906
 61|1.200609,8.140284,20.975838|1.200691,8.140232,20.980817,14.359768,63.821193,0.007906|1.200691,8.140232,20.980803,14.359768,63.821193,0.007906
 62|1.220619,7.718953,21.134516|1.220697,7.718900,21.139494,14.781100,65.693778,0.007906|1.220697,7.718900,21.139480,14.781100,65.693778,0.007906
 63|1.240629,7.294531,21.284732|1.240703,7.294478,21.289710,15.205522,67.580099,0.007906|1.240703,7.294478,21.289695,15.205522,67.580099,0.007906
 64|1.260639,6.867188,21.426426|1.260709,6.867135,21.431403,15.632865,69.479400,0.007906|1.260709,6.867135,21.431387,15.632865,69.479400,0.007906
 65|1.280649,6.437096,21.559541|1.280715,6.437043,21.564517,16.062957,71.390922,0.007906|1.280715,6.437043,21.564501,16.062957,71.390922,0.007906
 66|1.300659,6.004427,21.684023|1.300721,6.004373,21.688999,16.495627,73.313898,0.007906|1.300721,6.004373,21.688982,16.495627,73.313898,0.007906
 67|1.320670,5.569353,21.799823|1.320727,5.569299,21.804798,16.930701,75.247560,0.007906|1.320726,5.569299,21.804782,16.930701,75.247560,0.007906
 68|1.340680,5.132050,21.906895|1.340732,5.131995,21.911870,17.368005,77.191132,0.007906|1.340732,5.131995,21.911852,17.368005,77.191132,0.007906
 69|1.360690,4.692692,22.005196|1.360738,4.692637,22.010170,17.807363,79.143836,0.007906|1.360738,4.692637,22.010152,17.807363,79.143836,0.007906
 70|1.380700,4.251454,22.094686|1.380744,4.251399,22.099659,18.248601,81.104892,0.007906|1.380744,4.251399,22.099641,18.248601,81.104892,0.007906
 71|1.400710,3.808515,22.175329|1.400750,3.808460,22.180301,18.691540,83.073513,0.007906|1.400750,3.808460,22.180283,18.691540,83.073512,0.007906
 72|1.420720,3.364051,22.247093|1.420756,3.363995,22.252065,19.136005,85.048911,0.007906|1.420756,3.363995,22.252046,19.136005,85.048910,0.007906
 73|1.440730,2.918239,22.309950|1.440761,2.918184,22.314921,19.581816,87.030295,0.007906|1.440761,2.918184,22.314902,19.581816,87.030295,0.007906
 74|1.460741,2.471260,22.363874|1.460767,2.471204,22.368845,20.028796,89.016872,0.007906|1.460767,2.471204,22.368825,20.028796,89.016872,0.007906
 75|1.480751,2.023290,22.408844|1.480773,2.023234,22.413814,20.476766,91.007847,0.007906|1.480773,2.023234,22.413794,20.476766,91.007847,0.007906
 76|1.500761,1.574511,22.444842|1.500779,1.574455,22.449811,20.925545,93.002422,0.007906|1.500779,1.574455,22.449790,20.925545,93.002422,0.007906
 77|1.520771,1.125101,22.471852|1.520784,1.125045,22.476821,21.374955,94.999799,0.007906|1.520784,1.125045,22.476800,21.374955,94.999799,0.007906
 78|1.540781,0.675241,22.489865|1.540790,0.675185,22.494833,21.824815,96.999178,0.007906|1.540790,0.675185,22.494812,21.824815,96.999178,0.007906
 79|1.560791,0.225110,22.498874|1.560796,0.225054,22.503841,22.274946,98.999759,0.007906|1.560796,0.225054,22.503819,22.274946,98.999759,0.007906
 80|1.580801,-0.225110,22.498874|1.580802,-0.225166,22.503840,22.274834,98.999260,0.007906|1.580802,-0.225166,22.503818,22.274834,98.999260,0.007906
 81|1.600812,-0.675241,22.489865|1.600807,-0.675297,22.494831,21.824703,96.998680,0.007906|1.600807,-0.675297,22.494808,21.824703,96.998680,0.007906
 82|1.620822,-1.125101,22.471852|1.620813,-1.125157,22.476817,21.374843,94.999301,0.007906|1.620813,-1.125157,22.476794,21.374843,94.999301,0.007906
 83|1.640832,-1.574511,22.444842|1.640819,-1.574567,22.449806,20.925433,93.001925,0.007906|1.640819,-1.574567,22.449782,20.925433,93.001925,0.007906
 84|1.660842,-2.023290,22.408844|1.660825,-2.023346,22.413808,20.476654,91.007350,0.007906|1.660825,-2.023346,22.413784,20.476654,91.007350,0.007906
 85|1.680852,-2.471260,22.363874|1.680830,-2.471315,22.368838,20.028685,89.016376,0.007906|1.680830,-2.471315,22.368813,20.028685,89.016377,0.007906
 86|1.700862,-2.918239,22.309950|1.700836,-2.918295,22.314913,19.581705,87.029800,0.007906|1.700836,-2.918295,22.314888,19.581705,87.029800,0.007906
 87|1.720872,-3.364051,22.247093|1.720842,-3.364106,22.252055,19.135894,85.048417,0.007906|1.720842,-3.364106,22.252030,19.135894,85.048418,0.007906
 88|1.740883,-3.808515,22.175329|1.740848,-3.808570,22.180290,18.691430,83.073021,0.007906|1.740848,-3.808570,22.180264,18.691430,83.073021,0.007906
 89|1.760893,-4.251454,22.094686|1.760853,-4.251510,22.099646,18.248490,81.104402,0.007906|1.760854,-4.251510,22.099620,18.248490,81.104402,0.007906
 90|1.780903,-4.692692,22.005196|1.780859,-4.692747,22.010156,17.807253,79.143348,0.007906|1.780860,-4.692747,22.010129,17.807253,79.143349,0.007906
 91|1.800913,-5.132050,21.906895|1.800865,-5.132105,21.911855,17.367895,77.190646,0.007906|1.800865,-5.132105,21.911827,17.367895,77.190646,0.007906
 92|1.820923,-5.569353,21.799823|1.820871,-5.569408,21.804782,16.930592,75.247076,0.007906|1.820871,-5.569408,21.804754,16.930592,75.247077,0.007906
 93|1.840933,-6.004427,21.684023|1.840877,-6.004481,21.688981,16.495519,73.313417,0.007906|1.840877,-6.004481,21.688953,16.495519,73.313418,0.007906
 94|1.860943,-6.437096,21.559541|1.860883,-6.437150,21.564498,16.062850,71.390443,0.007906|1.860883,-6.437150,21.564469,16.062850,71.390444,0.007906
 95|1.880954,-6.867188,21.426426|1.880889,-6.867242,21.431383,15.632758,69.478924,0.007906|1.880889,-6.867242,21.431353,15.632758,69.478925,0.007906
 96|1.900964,-7.294531,21.284732|1.900895,-7.294584,21.289688,15.205416,67.579626,0.007906|1.900895,-7.294584,21.289659,15.205416,67.579627,0.007906
 97|1.920974,-7.718953,21.134516|1.920901,-7.719006,21.139472,14.780994,65.693309,0.007906|1.920901,-7.719005,21.139441,14.780995,65.693309,0.007906
 98|1.940984,-8.140284,20.975838|1.940907,-8.140336,20.980793,14.359664,63.820727,0.007906|1.940907,-8.140336,20.980762,14.359664,63.820728,0.007906
 99|1.960994,-8.558356,20.808761|1.960913,-8.558408,20.813716,13.941592,61.962632,0.007906|1.960913,-8.558408,20.813685,13.941592,61.962633,0.007906
100|1.981004,-8.973001,20.633353|1.980919,-8.973053,20.638307,13.526947,60.119766,0.007906|1.980919,-8.973052,20.638275,13.526948,60.119767,0.007906
101|2.001014,-9.384053,20.449683|2.000925,-9.384105,20.454636,13.115895,58.292868,0.007906|2.000925,-9.384104,20.454604,13.115896,58.292869,0.007906
102|2.021025,-9.791349,20.257825|2.020931,-9.791399,20.262778,12.708601,56.482670,0.007906|2.020931,-9.791399,20.262746,12.708601,56.482671,0.007906
103|2.041035,-10.194723,20.057857|2.040937,-10.194774,20.062809,12.305226,54.689895,0.007906|2.040938,-10.194773,20.062776,12.305227,54.689896,0.007906
104|2.061045,-10.594016,19.849857|2.060943,-10.594066,19.854808,11.905934,52.915262,0.007906|2.060944,-10.594066,19.854775,11.905934,52.915263,0.007906
105|2.081055,-10.989067,19.633909|2.080949,-10.989117,19.638860,11.510883,51.159482,0.007906|2.080950,-10.989116,19.638827,11.510884,51.159483,0.007906
106|2.101065,-11.379718,19.410101|2.100956,-11.379767,19.415051,11.120233,49.423257,0.007906|2.100957,-11.379767,19.415017,11.120233,49.423258,0.007906
107|2.121075,-11.765813,19.178520|2.120962,-11.765861,19.183470,10.734139,47.707282,0.007906|2.120963,-11.765861,19.183436,10.734139,47.707284,0.007906
108|2.141085,-12.147197,18.939261|2.140968,-12.147245,18.944210,10.352755,46.012245,0.007906|2.140969,-12.147244,18.944175,10.352756,46.012247,0.007906
109|2.161096,-12.523717,18.692418|2.160975,-12.523764,18.697367,9.976236,44.338825,0.007906|2.160976,-12.523764,18.697332,9.976236,44.338826,0.007906
110|2.181106,-12.895223,18.438091|2.180981,-12.895270,18.443040,9.604730,42.687690,0.007906|2.180982,-12.895269,18.443004,9.604731,42.687692,0.007906
111|2.201116,-13.261566,18.176382|2.200988,-13.261612,18.181330,9.238388,41.059504,0.007906|2.200989,-13.261611,18.181294,9.238389,41.059505,0.007906
112|2.221126,-13.622599,17.907395|2.220995,-13.622644,17.912342,8.877356,39.454916,0.007906|2.220995,-13.622643,17.912306,8.877357,39.454918,0.007906
113|2.241136,-13.978177,17.631238|2.241001,-13.978222,17.636185,8.521778,37.874570,0.007906|2.241002,-13.978221,17.636148,8.521779,37.874572,0.007906
114|2.261146,-14.328159,17.348022|2.261008,-14.328203,17.352968,8.171797,36.319099,0.007906|2.261009,-14.328202,17.352931,8.171798,36.319101,0.007906
115|2.281156,-14.672404,17.057859|2.281015,-14.672447,17.062805,7.827553,34.789125,0.007906|2.281016,-14.672446,17.062768,7.827554,34.789127,0.007906
116|2.301167,-15.010774,16.760867|2.301021,-15.010816,16.765812,7.489184,33.285261,0.007906|2.301022,-15.010816,16.765775,7.489184,33.285263,0.007906
117|2.321177,-15.343134,16.457164|2.321028,-15.343175,16.462109,7.156825,31.808110,0.007906|2.321029,-15.343175,16.462071,7.156825,31.808112,0.007906
118|2.341187,-15.669350,16.146872|2.341035,-15.669391,16.151816,6.830609,30.358261,0.007906|2.341036,-15.669391,16.151777,6.830609,30.358264,0.007906
119|2.361197,-15.989293,15.830114|2.361042,-15.989333,15.835058,6.510667,28.936297,0.007906|2.361043,-15.989333,15.835019,6.510667,28.936299,0.007906
120|2.381207,-16.302834,15.507018|2.381049,-16.302873,15.511961,6.197127,27.542786,0.007906|2.381050,-16.302873,15.511922,6.197127,27.542789,0.007906
121|2.401217,-16.609847,15.177713|2.401056,-16.609886,15.182656,5.890114,26.178287,0.007906|2.401058,-16.609885,15.182617,5.890115,26.178289,0.007906
122|2.421227,-16.910210,14.842332|2.421064,-16.910247,14.847274,5.589753,24.843345,0.007906|2.421065,-16.910247,14.847234,5.589753,24.843347,0.007906
123|2.441238,-17.203802,14.501007|2.441071,-17.203839,14.505949,5.296161,23.538495,0.007906|2.441072,-17.203838,14.505909,5.296162,23.538498,0.007906
124|2.461248,-17.490505,14.153876|2.461078,-17.490542,14.158818,5.009458,22.264260,0.007906|2.461079,-17.490541,14.158778,5.009459,22.264262,0.007906
125|2.481258,-17.770206,13.801079|2.481085,-17.770241,13.806020,4.729759,21.021149,0.007906|2.481087,-17.770241,13.805979,4.729759,21.021152,0.007906
126|2.501268,-18.042792,13.442755|2.501093,-18.042826,13.447696,4.457174,19.809662,0.007906|2.501094,-18.042825,13.447655,4.457175,19.809665,0.007906
127|2.521278,-18.308153,13.079049|2.521100,-18.308187,13.083989,4.191813,18.630281,0.007906|2.521102,-18.308186,13.083948,4.191814,18.630284,0.007906
128|2.541288,-18.566184,12.710106|2.541108,-18.566217,12.715046,3.933783,17.483481,0.007906|2.541109,-18.566216,12.715005,3.933784,17.483484,0.007906
129|2.561298,-18.816781,12.336075|2.561116,-18.816813,12.341014,3.683187,16.369720,0.007906|2.561117,-18.816812,12.340973,3.683188,16.369723,0.007906
130|2.581309,-19.059844,11.957104|2.581123,-19.059875,11.962043,3.440125,15.289443,0.007906|2.581125,-19.059875,11.962001,3.440125,15.289447,0.007906
131|2.601319,-19.295276,11.573345|2.601131,-19.295306,11.578284,3.204694,14.243084,0.007906|2.601133,-19.295305,11.578242,3.204695,14.243088,0.007906
132|2.621329,-19.522982,11.184953|2.621139,-19.523011,11.189891,2.976989,13.231062,0.007906|2.621141,-19.523010,11.189849,2.976990,13.231065,0.007906
133|2.641339,-19.742871,10.792082|2.641147,-19.742899,10.797020,2.757101,12.253781,0.007906|2.641149,-19.742899,10.796978,2.757101,12.253784,0.007906
134|2.661349,-19.954856,10.394890|2.661155,-19.954883,10.399828,2.545117,11.311633,0.007906|2.661157,-19.954882,10.399785,2.545118,11.311636,0.007906
135|2.681359,-20.158850,9.993536|2.681163,-20.158876,9.998474,2.341124,10.404995,0.007906|2.681165,-20.158875,9.998431,2.341125,10.404999,0.007906
136|2.701369,-20.354773,9.588181|2.701171,-20.354798,9.593118,2.145202,9.534230,0.007906|2.701173,-20.354797,9.593075,2.145203,9.534234,0.007906
137|2.721380,-20.542546,9.178987|2.721180,-20.542570,9.183924,1.957430,8.699687,0.007906|2.721181,-20.542569,9.183880,1.957431,8.699691,0.007906
138|2.741390,-20.722094,8.766117|2.741188,-20.722117,8.771054,1.777883,7.901700,0.007906|2.741190,-20.722116,8.771010,1.777884,7.901705,0.007906
139|2.761400,-20.893345,8.349738|2.761197,-20.893368,8.354674,1.606632,7.140589,0.007906|2.761198,-20.893367,8.354631,1.606633,7.140593,0.007906
140|2.781410,-21.056231,7.930015|2.781205,-21.056252,7.934951,1.443748,6.416658,0.007906|2.781207,-21.056251,7.934908,1.443749,6.416662,0.007906
141|2.801420,-21.210686,7.507118|2.801214,-21.210706,7.512054,1.289294,5.730196,0.007906|2.801216,-21.210705,7.512010,1.289295,5.730201,0.007906
142|2.821430,-21.356648,7.081214|2.821222,-21.356667,7.086150,1.143333,5.081480,0.007906|2.821224,-21.356666,7.086106,1.143334,5.081485,0.007906
143|2.841440,-21.494059,6.652475|2.841231,-21.494077,6.657411,1.005923,4.470769,0.007906|2.841233,-21.494076,6.657367,1.005924,4.470774,0.007906
144|2.861451,-21.622864,6.221073|2.861240,-21.622881,6.226009,0.877119,3.898306,0.007906|2.861242,-21.622880,6.225964,0.877120,3.898311,0.007906
145|2.881461,-21.743012,5.787180|2.881249,-21.743028,5.792115,0.756972,3.364322,0.007906|2.881251,-21.743026,5.792071,0.756974,3.364327,0.007906
146|2.901471,-21.854453,5.350970|2.901258,-21.854468,5.355905,0.645532,2.869030,0.007906|2.901260,-21.854467,5.355860,0.645533,2.869036,0.007906
147|2.921481,-21.957145,4.912617|2.921267,-21.957158,4.917552,0.542842,2.412629,0.007906|2.921269,-21.957157,4.917507,0.542843,2.412634,0.007906
148|2.941491,-22.051044,4.472297|2.941276,-22.051057,4.477232,0.448943,1.995301,0.007906|2.941278,-22.051056,4.477187,0.448944,1.995307,0.007906
149|2.961501,-22.136115,4.030186|2.961286,-22.136127,4.035121,0.363873,1.617213,0.007906|2.961288,-22.136126,4.035076,0.363874,1.617219,0.007906
150|2.981511,-22.212323,3.586462|2.981295,-22.212334,3.591397,0.287666,1.278517,0.007906|2.981297,-22.212332,3.591352,0.287668,1.278523,0.007906
151|3.001522,-22.279637,3.141302|3.001305,-22.279647,3.146237,0.220353,0.979349,0.007906|3.001307,-22.279645,3.146192,0.220355,0.979355,0.007906
152|3.021532,-22.338030,2.694884|3.021314,-22.338039,2.699819,0.161961,0.719827,0.007906|3.021316,-22.338038,2.699774,0.161962,0.719833,0.007906
153|3.041542,-22.387480,2.247387|3.041324,-22.387487,2.252322,0.112513,0.500057,0.007906|3.041326,-22.387486,2.252277,0.112514,0.500063,0.007906
154|3.061552,-22.427965,1.798991|3.061334,-22.427972,1.803925,0.072028,0.320125,0.007906|3.061335,-22.427970,1.803880,0.072030,0.320132,0.007906
155|3.081562,-22.459471,1.349874|3.081343,-22.459476,1.354808,0.040524,0.180105,0.007906|3.081345,-22.459475,1.354763,0.040525,0.180111,0.007906
156|3.101572,-22.481984,0.900216|3.101353,-22.481988,0.905150,0.018012,0.080052,0.007906|3.101355,-22.481987,0.905105,0.018013,0.080058,0.007906
157|3.121583,-22.495496,0.450198|3.121363,-22.495499,0.455132,0.004501,0.020006,0.007906|3.121365,-22.495497,0.455087,0.004503,0.020012,0.007906
158|3.141593,-22.500000,0.000000|3.141373,-22.500002,0.004934,0.000002,0.000009,0.007906|3.141375,-22.500001,0.004889,0.000001,0.000002,0.007906
159|3.161603,-22.495496,-0.450198|3.161384,-22.495497,-0.445264,0.004503,0.020015,0.007906|3.161386,-22.495495,-0.445309,0.004505,0.020022,0.007906
160|3.181613,-22.481984,-0.900216|3.181394,-22.481984,-0.895282,0.018016,0.080071,0.007906|3.181396,-22.481982,-0.895327,0.018018,0.080078,0.007906
161|3.201623,-22.459471,-1.349874|3.201404,-22.459470,-1.344939,0.040530,0.180134,0.007906|3.201406,-22.459468,-1.344985,0.040532,0.180141,0.007906
162|3.221633,-22.427965,-1.798991|3.221415,-22.427963,-1.794056,0.072037,0.320164,0.007906|3.221417,-22.427962,-1.794102,0.072038,0.320171,0.007906
163|3.241643,-22.387480,-2.247387|3.241425,-22.387476,-2.242453,0.112524,0.500105,0.007906|3.241427,-22.387475,-2.242498,0.112525,0.500112,0.007906
164|3.261654,-22.338030,-2.694884|3.261436,-22.338026,-2.689950,0.161974,0.719885,0.007906|3.261438,-22.338024,-2.689995,0.161976,0.719892,0.007906
165|3.281664,-22.279637,-3.141302|3.281447,-22.279631,-3.136368,0.220369,0.979416,0.007906|3.281449,-22.279630,-3.136413,0.220370,0.979424,0.007906
166|3.301674,-22.212323,-3.586462|3.301457,-22.212316,-3.581528,0.287684,1.278594,0.007906|3.301459,-22.212315,-3.581573,0.287685,1.278602,0.007906
167|3.321684,-22.136115,-4.030186|3.321468,-22.136108,-4.025252,0.363892,1.617299,0.007906|3.321470,-22.136106,-4.025297,0.363894,1.617307,0.007906
168|3.341694,-22.051044,-4.472297|3.341479,-22.051036,-4.467362,0.448964,1.995397,0.007906|3.341481,-22.051034,-4.467407,0.448966,1.995405,0.007906
169|3.361704,-21.957145,-4.912617|3.361490,-21.957135,-4.907682,0.542865,2.412734,0.007906|3.361492,-21.957133,-4.907726,0.542867,2.412742,0.007906
170|3.381714,-21.854453,-5.350970|3.381501,-21.854442,-5.346034,0.645558,2.869145,0.007906|3.381503,-21.854441,-5.346079,0.645559,2.869153,0.007906
171|3.401725,-21.743012,-5.787180|3.401513,-21.743000,-5.782245,0.757000,3.364446,0.007906|3.401515,-21.742998,-5.782289,0.757002,3.364454,0.007906
172|3.421735,-21.622864,-6.221073|3.421524,-21.622851,-6.216138,0.877149,3.898439,0.007906|3.421526,-21.622849,-6.216182,0.877151,3.898448,0.007906
173|3.441745,-21.494059,-6.652475|3.441535,-21.494045,-6.647540,1.005955,4.470911,0.007906|3.441537,-21.494043,-6.647584,1.005957,4.470919,0.007906
174|3.461755,-21.356648,-7.081214|3.461547,-21.356633,-7.076278,1.143367,5.081632,0.007906|3.461549,-21.356631,-7.076322,1.143369,5.081640,0.007906
175|3.481765,-21.210686,-7.507118|3.481559,-21.210670,-7.502181,1.289330,5.730357,0.007906|3.481560,-21.210668,-7.502225,1.289332,5.730366,0.007906
176|3.501775,-21.056231,-7.930015|3.501570,-21.056214,-7.925079,1.443786,6.416827,0.007906|3.501572,-21.056212,-7.925123,1.443788,6.416836,0.007906
177|3.521785,-20.893345,-8.349738|3.521582,-20.893327,-8.344801,1.606673,7.140767,0.007906|3.521584,-20.893325,-8.344845,1.606675,7.140776,0.007906
178|3.541796,-20.722094,-8.766117|3.541594,-20.722075,-8.761180,1.777925,7.901888,0.007906|3.541596,-20.722073,-8.761224,1.777927,7.901897,0.007906
179|3.561806,-20.542546,-9.178987|3.561606,-20.542526,-9.174050,1.957474,8.699883,0.007906|3.561607,-20.542524,-9.174093,1.957476,8.699893,0.007906
180|3.581816,-20.354773,-9.588181|3.581618,-20.354752,-9.583244,2.145248,9.534435,0.007906|3.581619,-20.354750,-9.583287,2.145250,9.534445,0.007906
181|3.601826,-20.158850,-9.993536|3.601630,-20.158828,-9.988599,2.341172,10.405208,0.007906|3.601632,-20.158826,-9.988641,2.341174,10.405218,0.007906
182|3.621836,-19.954856,-10.394890|3.621642,-19.954833,-10.389952,2.545167,11.311855,0.007906|3.621644,-19.954830,-10.389995,2.545170,11.311865,0.007906
183|3.641846,-19.742871,-10.792082|3.641654,-19.742847,-10.787144,2.757153,12.254011,0.007906|3.641656,-19.742845,-10.787186,2.757155,12.254021,0.007906
184|3.661856,-19.522982,-11.184953|3.661666,-19.522957,-11.180014,2.977043,13.231301,0.007906|3.661668,-19.522955,-11.180056,2.977045,13.231311,0.007906
185|3.681867,-19.295276,-11.573345|3.681679,-19.295250,-11.568406,3.204750,14.243331,0.007906|3.681681,-19.295248,-11.568448,3.204752,14.243342,0.007906
186|3.701877,-19.059844,-11.957104|3.701691,-19.059818,-11.952165,3.440182,15.289699,0.007906|3.701693,-19.059816,-11.952206,3.440184,15.289709,0.007906
187|3.721887,-18.816781,-12.336075|3.721704,-18.816754,-12.331135,3.683246,16.369983,0.007906|3.721705,-18.816751,-12.331177,3.683249,16.369993,0.007906
188|3.741897,-18.566184,-12.710106|3.741717,-18.566156,-12.705167,3.933844,17.483753,0.007906|3.741718,-18.566153,-12.705208,3.933847,17.483763,0.007906
189|3.761907,-18.308153,-13.079049|3.761729,-18.308124,-13.074109,4.191876,18.630561,0.007906|3.761731,-18.308121,-13.074150,4.191879,18.630571,0.007906
190|3.781917,-18.042792,-13.442755|3.781742,-18.042762,-13.437815,4.457238,19.809949,0.007906|3.781743,-18.042759,-13.437855,4.457241,19.809959,0.007906
191|3.801927,-17.770206,-13.801079|3.801755,-17.770175,-13.796138,4.729825,21.021444,0.007906|3.801756,-17.770173,-13.796178,4.729827,21.021455,0.007906
192|3.821938,-17.490505,-14.153876|3.821768,-17.490474,-14.148935,5.009526,22.264562,0.007906|3.821769,-17.490471,-14.148975,5.009529,22.264573,0.007906
193|3.841948,-17.203802,-14.501007|3.841781,-17.203769,-14.496065,5.296231,23.538805,0.007906|3.841782,-17.203766,-14.496105,5.296234,23.538816,0.007906
194|3.861958,-16.910210,-14.842332|3.861794,-16.910176,-14.837389,5.589824,24.843662,0.007906|3.861795,-16.910174,-14.837429,5.589826,24.843673,0.007906
195|3.881968,-16.609847,-15.177713|3.881807,-16.609813,-15.172771,5.890187,26.178611,0.007906|3.881808,-16.609810,-15.172810,5.890190,26.178622,0.007906
196|3.901978,-16.302834,-15.507018|3.901820,-16.302799,-15.502075,6.197201,27.543117,0.007906|3.901821,-16.302796,-15.502114,6.197204,27.543129,0.007906
197|3.921988,-15.989293,-15.830114|3.921833,-15.989257,-15.825170,6.510743,28.936635,0.007906|3.921835,-15.989255,-15.825209,6.510745,28.936647,0.007906
198|3.941998,-15.669350,-16.146872|3.941847,-15.669314,-16.141928,6.830686,30.358606,0.007906|3.941848,-15.669311,-16.141966,6.830689,30.358618,0.007906
199|3.962009,-15.343134,-16.457164|3.961860,-15.343096,-16.452220,7.156904,31.808461,0.007906|3.961861,-15.343094,-16.452257,7.156906,31.808473,0.007906
200|3.982019,-15.010774,-16.760867|3.981873,-15.010736,-16.755922,7.489264,33.285620,0.007906|3.981875,-15.010733,-16.755960,7.489267,33.285631,0.007906
201|4.002029,-14.672404,-17.057859|4.001887,-14.672365,-17.052914,7.827635,34.789490,0.007906|4.001888,-14.672362,-17.052951,7.827638,34.789501,0.007906
202|4.022039,-14.328159,-17.348022|4.021900,-14.328119,-17.343076,8.171881,36.319470,0.007906|4.021901,-14.328117,-17.343113,8.171883,36.319482,0.007906
203|4.042049,-13.978177,-17.631238|4.041914,-13.978137,-17.626292,8.521863,37.874947,0.007906|4.041915,-13.978134,-17.626328,8.521866,37.874959,0.007906
204|4.062059,-13.622599,-17.907395|4.061928,-13.622558,-17.902448,8.877442,39.455299,0.007906|4.061929,-13.622555,-17.902484,8.877445,39.455311,0.007906
205|4.082069,-13.261566,-18.176382|4.081941,-13.261524,-18.171435,9.238476,41.059892,0.007906|4.081942,-13.261522,-18.171470,9.238478,41.059904,0.007906
206|4.102080,-12.895223,-18.438091|4.101955,-12.895181,-18.433143,9.604819,42.688085,0.007906|4.101956,-12.895178,-18.433179,9.604822,42.688097,0.007906
207|4.122090,-12.523717,-18.692418|4.121969,-12.523675,-18.687470,9.976325,44.339224,0.007906|4.121970,-12.523672,-18.687505,9.976328,44.339236,0.007906
208|4.142100,-12.147197,-18.939261|4.141983,-12.147154,-18.934312,10.352846,46.012650,0.007906|4.141984,-12.147151,-18.934346,10.352849,46.012662,0.007906
209|4.162110,-11.765813,-19.178520|4.161997,-11.765769,-19.173571,10.734231,47.707692,0.007906|4.161998,-11.765767,-19.173605,10.734233,47.707704,0.007906
210|4.182120,-11.379718,-19.410101|4.182011,-11.379674,-19.405150,11.120326,49.423672,0.007906|4.182011,-11.379671,-19.405184,11.120329,49.423684,0.007906
211|4.202130,-10.989067,-19.633909|4.202025,-10.989022,-19.628959,11.510978,51.159901,0.007906|4.202025,-10.989019,-19.628992,11.510981,51.159914,0.007906
212|4.222140,-10.594016,-19.849857|4.222039,-10.593971,-19.844906,11.906029,52.915686,0.007906|4.222039,-10.593968,-19.844939,11.906032,52.915699,0.007906
213|4.242151,-10.194723,-20.057857|4.242053,-10.194677,-20.052905,12.305323,54.690324,0.007906|4.242053,-10.194674,-20.052937,12.305326,54.690336,0.007906
214|4.262161,-9.791349,-20.257825|4.262067,-9.791302,-20.252873,12.708698,56.483103,0.007906|4.262068,-9.791299,-20.252905,12.708701,56.483115,0.007906
215|4.282171,-9.384053,-20.449683|4.282081,-9.384006,-20.444730,13.115994,58.293305,0.007906|4.282082,-9.384003,-20.444762,13.115997,58.293318,0.007906
216|4.302181,-8.973001,-20.633353|4.302095,-8.972953,-20.628399,13.527047,60.120207,0.007906|4.302096,-8.972951,-20.628431,13.527049,60.120220,0.007906
217|4.322191,-8.558356,-20.808761|4.322109,-8.558308,-20.803807,13.941692,61.963076,0.007906|4.322110,-8.558305,-20.803838,13.941695,61.963089,0.007906
218|4.342201,-8.140284,-20.975838|4.342124,-8.140236,-20.970883,14.359764,63.821175,0.007906|4.342124,-8.140233,-20.970914,14.359767,63.821188,0.007906
219|4.362211,-7.718953,-21.134516|4.362138,-7.718904,-21.129561,14.781096,65.693760,0.007906|4.362138,-7.718901,-21.129591,14.781099,65.693773,0.007906
220|4.382222,-7.294531,-21.284732|4.382152,-7.294482,-21.279776,15.205518,67.580081,0.007906|4.382153,-7.294479,-21.279806,15.205521,67.580094,0.007906
221|4.402232,-6.867188,-21.426426|4.402167,-6.867139,-21.421469,15.632861,69.479382,0.007906|4.402167,-6.867136,-21.421498,15.632864,69.479395,0.007906
222|4.422242,-6.437096,-21.559541|4.422181,-6.437047,-21.554583,16.062953,71.390904,0.007906|4.422181,-6.437044,-21.554612,16.062956,71.390917,0.007906
223|4.442252,-6.004427,-21.684023|4.442195,-6.004377,-21.679065,16.495623,73.313880,0.007906|4.442196,-6.004374,-21.679093,16.495626,73.313893,0.007906
224|4.462262,-5.569353,-21.799823|4.462210,-5.569303,-21.794865,16.930697,75.247542,0.007906|4.462210,-5.569300,-21.794893,16.930700,75.247555,0.007906
225|4.482272,-5.132050,-21.906895|4.482224,-5.131999,-21.901936,17.368001,77.191114,0.007906|4.482225,-5.131996,-21.901964,17.368004,77.191127,0.007906
226|4.502282,-4.692692,-22.005196|4.502239,-4.692641,-22.000236,17.807359,79.143818,0.007906|4.502239,-4.692638,-22.000263,17.807362,79.143832,0.007906
227|4.522293,-4.251454,-22.094686|4.522253,-4.251403,-22.089725,18.248597,81.104874,0.007906|4.522254,-4.251400,-22.089752,18.248600,81.104887,0.007906
228|4.542303,-3.808515,-22.175329|4.542268,-3.808464,-22.170368,18.691536,83.073494,0.007906|4.542268,-3.808461,-22.170394,18.691539,83.073508,0.007906
229|4.562313,-3.364051,-22.247093|4.562282,-3.363999,-22.242132,19.136001,85.048892,0.007906|4.562282,-3.363996,-22.242157,19.136004,85.048906,0.007906
230|4.582323,-2.918239,-22.309950|4.582297,-2.918188,-22.304988,19.581812,87.030277,0.007906|4.582297,-2.918185,-22.305013,19.581815,87.030290,0.007906
231|4.602333,-2.471260,-22.363874|4.602311,-2.471208,-22.358911,20.028792,89.016854,0.007906|4.602311,-2.471205,-22.358936,20.028795,89.016867,0.007906
232|4.622343,-2.023290,-22.408844|4.622326,-2.023239,-22.403880,20.476761,91.007829,0.007906|4.622326,-2.023236,-22.403905,20.476764,91.007842,0.007906
233|4.642353,-1.574511,-22.444842|4.642340,-1.574459,-22.439877,20.925541,93.002404,0.007906|4.642341,-1.574456,-22.439901,20.925544,93.002417,0.007906
234|4.662364,-1.125101,-22.471852|4.662355,-1.125049,-22.466887,21.374951,94.999781,0.007906|4.662355,-1.125046,-22.466911,21.374954,94.999794,0.007906
235|4.682374,-0.675241,-22.489865|4.682369,-0.675189,-22.484900,21.824811,96.999160,0.007906|4.682370,-0.675186,-22.484923,21.824814,96.999173,0.007906
236|4.702384,-0.225110,-22.498874|4.702384,-0.225058,-22.493907,22.274942,98.999740,0.007906|4.702384,-0.225055,-22.493930,22.274945,98.999754,0.007906
237|4.722394,0.225110,-22.498874|4.722399,0.225162,-22.493907,22.274838,98.999279,0.007906|4.722399,0.225165,-22.493929,22.274835,98.999265,0.007906
238|4.742404,0.675241,-22.489865|4.742413,0.675293,-22.484898,21.824707,96.998698,0.007906|4.742413,0.675296,-22.484919,21.824704,96.998685,0.007906
239|4.762414,1.125101,-22.471852|4.762428,1.125153,-22.466884,21.374847,94.999320,0.007906|4.762428,1.125156,-22.466905,21.374844,94.999306,0.007906
240|4.782424,1.574511,-22.444842|4.782442,1.574563,-22.439873,20.925437,93.001943,0.007906|4.782442,1.574566,-22.439893,20.925434,93.001930,0.007906
241|4.802435,2.023290,-22.408844|4.802457,2.023342,-22.403874,20.476658,91.007369,0.007906|4.802457,2.023345,-22.403895,20.476655,91.007355,0.007906
242|4.822445,2.471260,-22.363874|4.822471,2.471311,-22.358904,20.028689,89.016395,0.007906|4.822471,2.471314,-22.358924,20.028686,89.016381,0.007906
243|4.842455,2.918239,-22.309950|4.842486,2.918291,-22.304979,19.581709,87.029819,0.007906|4.842486,2.918294,-22.304999,19.581706,87.029805,0.007906
244|4.862465,3.364051,-22.247093|4.862500,3.364102,-22.242122,19.135898,85.048436,0.007906|4.862500,3.364105,-22.242141,19.135895,85.048422,0.007906
245|4.882475,3.808515,-22.175329|4.882515,3.808566,-22.170357,18.691434,83.073040,0.007906|4.882515,3.808569,-22.170375,18.691431,83.073026,0.007906
246|4.902485,4.251454,-22.094686|4.902529,4.251505,-22.089713,18.248495,81.104421,0.007906|4.902529,4.251508,-22.089731,18.248492,81.104407,0.007906
247|4.922495,4.692692,-22.005196|4.922544,4.692742,-22.000222,17.807258,79.143367,0.007906|4.922544,4.692745,-22.000240,17.807255,79.143354,0.007906
248|4.942506,5.132050,-21.906895|4.942558,5.132100,-21.901921,17.367900,77.190665,0.007906|4.942558,5.132103,-21.901938,17.367897,77.190651,0.007906
249|4.962516,5.569353,-21.799823|4.962573,5.569404,-21.794849,16.930596,75.247095,0.007906|4.962573,5.569407,-21.794865,16.930593,75.247081,0.007906
250|4.982526,6.004427,-21.684023|4.982587,6.004477,-21.679048,16.495523,73.313436,0.007906|4.982587,6.004480,-21.679064,16.495520,73.313423,0.007906
251|5.002536,6.437096,-21.559541|5.002601,6.437146,-21.554564,16.062854,71.390462,0.007906|5.002601,6.437149,-21.554580,16.062851,71.390449,0.007906
252|5.022546,6.867188,-21.426426|5.022616,6.867238,-21.421449,15.632762,69.478944,0.007906|5.022616,6.867241,-21.421464,15.632759,69.478930,0.007906
253|5.042556,7.294531,-21.284732|5.042630,7.294580,-21.279755,15.205420,67.579645,0.007906|5.042630,7.294583,-21.279770,15.205417,67.579632,0.007906
254|5.062567,7.718953,-21.134516|5.062644,7.719001,-21.129538,14.780999,65.693328,0.007906|5.062644,7.719004,-21.129553,14.780996,65.693314,0.007906
255|5.082577,8.140284,-20.975838|5.082659,8.140332,-20.970859,14.359668,63.820746,0.007906|5.082659,8.140335,-20.970873,14.359665,63.820733,0.007906
256|5.102587,8.558356,-20.808761|5.102673,8.558404,-20.803782,13.941596,61.962651,0.007906|5.102673,8.558407,-20.803796,13.941593,61.962637,0.007906
257|5.122597,8.973001,-20.633353|5.122687,8.973048,-20.628373,13.526952,60.119786,0.007906|5.122687,8.973051,-20.628386,13.526949,60.119772,0.007906
258|5.142607,9.384053,-20.449683|5.142701,9.384100,-20.444703,13.115900,58.292888,0.007906|5.142701,9.384103,-20.444716,13.115897,58.292874,0.007906
259|5.162617,9.791349,-20.257825|5.162715,9.791395,-20.252844,12.708605,56.482689,0.007906|5.162715,9.791398,-20.252857,12.708602,56.482676,0.007906
260|5.182627,10.194723,-20.057857|5.182730,10.194769,-20.052875,12.305231,54.689915,0.007906|5.182729,10.194772,-20.052887,12.305228,54.689901,0.007906
261|5.202638,10.594016,-19.849857|5.202744,10.594062,-19.844875,11.905938,52.915282,0.007906|5.202743,10.594065,-19.844886,11.905935,52.915268,0.007906
262|5.222648,10.989067,-19.633909|5.222758,10.989112,-19.628927,11.510888,51.159502,0.007906|5.222757,10.989115,-19.628938,11.510885,51.159488,0.007906
263|5.242658,11.379718,-19.410101|5.242772,11.379763,-19.405117,11.120237,49.423277,0.007906|5.242771,11.379766,-19.405128,11.120234,49.423263,0.007906
264|5.262668,11.765813,-19.178520|5.262785,11.765857,-19.173536,10.734143,47.707302,0.007906|5.262785,11.765860,-19.173547,10.734140,47.707289,0.007906
265|5.282678,12.147197,-18.939261|5.282799,12.147240,-18.934276,10.352760,46.012265,0.007906|5.282799,12.147243,-18.934286,10.352757,46.012252,0.007906
266|5.302688,12.523717,-18.692418|5.302813,12.523760,-18.687433,9.976240,44.338845,0.007906|5.302813,12.523763,-18.687443,9.976237,44.338831,0.007906
267|5.322698,12.895223,-18.438091|5.322827,12.895265,-18.433106,9.604735,42.687711,0.007906|5.322827,12.895268,-18.433115,9.604732,42.687697,0.007906
268|5.342709,13.261566,-18.176382|5.342841,13.261607,-18.171396,9.238393,41.059524,0.007906|5.342841,13.261610,-18.171405,9.238390,41.059510,0.007906
269|5.362719,13.622599,-17.907395|5.362854,13.622639,-17.902408,8.877361,39.454936,0.007906|5.362854,13.622642,-17.902417,8.877358,39.454923,0.007906
270|5.382729,13.978177,-17.631238|5.382868,13.978217,-17.626251,8.521783,37.874591,0.007906|5.382868,13.978220,-17.626259,8.521780,37.874577,0.007906
271|5.402739,14.328159,-17.348022|5.402881,14.328198,-17.343034,8.171802,36.319119,0.007906|5.402881,14.328201,-17.343042,8.171799,36.319106,0.007906
272|5.422749,14.672404,-17.057859|5.422895,14.672442,-17.052871,7.827558,34.789146,0.007906|5.422895,14.672445,-17.052879,7.827555,34.789132,0.007906
273|5.442759,15.010774,-16.760867|5.442908,15.010812,-16.755878,7.489188,33.285282,0.007906|5.442908,15.010815,-16.755886,7.489185,33.285268,0.007906
274|5.462769,15.343134,-16.457164|5.462922,15.343171,-16.452175,7.156829,31.808130,0.007906|5.462922,15.343174,-16.452182,7.156826,31.808117,0.007906
275|5.482780,15.669350,-16.146872|5.482935,15.669387,-16.141882,6.830613,30.358282,0.007906|5.482935,15.669390,-16.141888,6.830610,30.358268,0.007906
276|5.502790,15.989293,-15.830114|5.502948,15.989329,-15.825124,6.510671,28.936318,0.007906|5.502948,15.989332,-15.825130,6.510668,28.936304,0.007906
277|5.522800,16.302834,-15.507018|5.522962,16.302868,-15.502027,6.197132,27.542807,0.007906|5.522962,16.302871,-15.502033,6.197129,27.542793,0.007906
278|5.542810,16.609847,-15.177713|5.542975,16.609881,-15.172722,5.890119,26.178307,0.007906|5.542975,16.609884,-15.172728,5.890116,26.178294,0.007906
279|5.562820,16.910210,-14.842332|5.562988,16.910243,-14.837340,5.589757,24.843366,0.007906|5.562988,16.910246,-14.837345,5.589754,24.843352,0.007906
280|5.582830,17.203802,-14.501007|5.583001,17.203834,-14.496015,5.296166,23.538516,0.007906|5.583001,17.203837,-14.496020,5.296163,23.538502,0.007906
281|5.602840,17.490505,-14.153876|5.603014,17.490537,-14.148884,5.009463,22.264281,0.007906|5.603014,17.490540,-14.148889,5.009460,22.264267,0.007906
282|5.622851,17.770206,-13.801079|5.623027,17.770237,-13.796086,4.729763,21.021171,0.007906|5.623027,17.770240,-13.796090,4.729760,21.021157,0.007906
283|5.642861,18.042792,-13.442755|5.643039,18.042821,-13.437762,4.457179,19.809683,0.007906|5.643039,18.042824,-13.437766,4.457176,19.809669,0.007906
284|5.662871,18.308153,-13.079049|5.663052,18.308182,-13.074055,4.191818,18.630303,0.007906|5.663052,18.308185,-13.074060,4.191815,18.630289,0.007906
285|5.682881,18.566184,-12.710106|5.683065,18.566212,-12.705112,3.933788,17.483503,0.007906|5.683065,18.566215,-12.705116,3.933785,17.483489,0.007906
286|5.702891,18.816781,-12.336075|5.703077,18.816808,-12.331080,3.683192,16.369741,0.007906|5.703077,18.816811,-12.331084,3.683189,16.369728,0.007906
287|5.722901,19.059844,-11.957104|5.723090,19.059870,-11.952109,3.440130,15.289465,0.007906|5.723090,19.059873,-11.952112,3.440127,15.289451,0.007906
288|5.742911,19.295276,-11.573345|5.743102,19.295301,-11.568350,3.204699,14.243106,0.007906|5.743102,19.295304,-11.568353,3.204696,14.243093,0.007906
289|5.762922,19.522982,-11.184953|5.763115,19.523006,-11.179957,2.976994,13.231084,0.007906|5.763115,19.523009,-11.179960,2.976991,13.231070,0.007906
290|5.782932,19.742871,-10.792082|5.783127,19.742894,-10.787086,2.757106,12.253803,0.007906|5.783127,19.742897,-10.787089,2.757103,12.253789,0.007906
291|5.802942,19.954856,-10.394890|5.803139,19.954878,-10.389894,2.545122,11.311655,0.007906|5.803139,19.954881,-10.389896,2.545119,11.311641,0.007906
292|5.822952,20.158850,-9.993536|5.823151,20.158871,-9.988540,2.341129,10.405017,0.007906|5.823151,20.158874,-9.988542,2.341126,10.405004,0.007906
293|5.842962,20.354773,-9.588181|5.843163,20.354793,-9.583184,2.145207,9.534253,0.007906|5.843163,20.354796,-9.583186,2.145204,9.534239,0.007906
294|5.862972,20.542546,-9.178987|5.863175,20.542565,-9.173990,1.957435,8.699710,0.007906|5.863175,20.542568,-9.173991,1.957432,8.699696,0.007906
295|5.882982,20.722094,-8.766117|5.883187,20.722112,-8.761120,1.777888,7.901723,0.007906|5.883187,20.722115,-8.761121,1.777885,7.901710,0.007906
296|5.902993,20.893345,-8.349738|5.903199,20.893362,-8.344740,1.606638,7.140612,0.007906|5.903199,20.893365,-8.344742,1.606635,7.140598,0.007906
297|5.923003,21.056231,-7.930015|5.923211,21.056247,-7.925017,1.443753,6.416681,0.007906|5.923211,21.056250,-7.925019,1.443750,6.416667,0.007906
298|5.943013,21.210686,-7.507118|5.943222,21.210701,-7.502119,1.289299,5.730220,0.007906|5.943222,21.210704,-7.502121,1.289296,5.730206,0.007906
299|5.963023,21.356648,-7.081214|5.963234,21.356662,-7.076216,1.143338,5.081503,0.007906|5.963234,21.356665,-7.076217,1.143335,5.081490,0.007906
300|5.983033,21.494059,-6.652475|5.983246,21.494072,-6.647477,1.005928,4.470792,0.007906|5.983246,21.494075,-6.647478,1.005925,4.470778,0.007906
301|6.003043,21.622864,-6.221073|6.003257,21.622876,-6.216074,0.877124,3.898330,0.007906|6.003257,21.622879,-6.216075,0.877121,3.898316,0.007906
302|6.023053,21.743012,-5.787180|6.023268,21.743022,-5.782181,0.756978,3.364346,0.007906|6.023268,21.743025,-5.782182,0.756975,3.364332,0.007906
303|6.043064,21.854453,-5.350970|6.043279,21.854463,-5.345970,0.645537,2.869054,0.007906|6.043279,21.854466,-5.345971,0.645534,2.869041,0.007906
304|6.063074,21.957145,-4.912617|6.063291,21.957153,-4.907618,0.542847,2.412653,0.007906|6.063291,21.957156,-4.907618,0.542844,2.412639,0.007906
305|6.083084,22.051044,-4.472297|6.083302,22.051052,-4.467298,0.448948,1.995325,0.007906|6.083302,22.051055,-4.467298,0.448945,1.995311,0.007906
306|6.103094,22.136115,-4.030186|6.103313,22.136122,-4.025187,0.363878,1.617237,0.007906|6.103313,22.136125,-4.025187,0.363875,1.617224,0.007906
307|6.123104,22.212323,-3.586462|6.123324,22.212328,-3.581463,0.287672,1.278542,0.007906|6.123324,22.212331,-3.581463,0.287669,1.278528,0.007906
308|6.143114,22.279637,-3.141302|6.143334,22.279641,-3.136303,0.220359,0.979373,0.007906|6.143334,22.279644,-3.136303,0.220356,0.979360,0.007906
309|6.163124,22.338030,-2.694884|6.163345,22.338033,-2.689885,0.161967,0.719852,0.007906|6.163345,22.338036,-2.689885,0.161964,0.719838,0.007906
310|6.183135,22.387480,-2.247387|6.183356,22.387482,-2.242388,0.112518,0.500081,0.007906|6.183356,22.387485,-2.242388,0.112515,0.500068,0.007906
311|6.203145,22.427965,-1.798991|6.203366,22.427966,-1.793991,0.072034,0.320150,0.007906|6.203366,22.427969,-1.793991,0.072031,0.320136,0.007906
312|6.223155,22.459471,-1.349874|6.223377,22.459471,-1.344874,0.040529,0.180130,0.007906|6.223377,22.459474,-1.344874,0.040526,0.180116,0.007906
313|6.243165,22.481984,-0.900216|6.243387,22.481983,-0.895216,0.018017,0.080077,0.007906|6.243387,22.481986,-0.895216,0.018014,0.080063,0.007906
314|6.263175,22.495496,-0.450198|6.263397,22.495493,-0.445198,0.004507,0.020031,0.007906|6.263397,22.495496,-0.445198,0.004504,0.020017,0.007906
