OneBody4_E-0.25_plotinterval0.005_ecc0.0_RK4.txt
initial value : [x, y, v_x, v_y] = [18.00,0.00,0.00,0.71] , numerical interval dt = 0.02000 , [M, m] = [ 9, 1]

num|given_position|geodesic|newtonian
num| degree1, x1, y1 | degree2, x2, y2, simple error, relative error, d(rho) | degree2, x2, y2, simple error, relative error, dt
  1|0.000000,18.000000,0.000000|0.000278,17.999999,0.005000,0.000001,0.000004,0.007071|0.000278,17.999999,0.005000,0.000001,0.000004,0.007071
  2|0.020010,17.996396,0.360159|0.020288,17.996394,0.365159,0.003606,0.020031,0.007071|0.020288,17.996394,0.365159,0.003606,0.020031,0.007071
  3|0.040020,17.985587,0.720173|0.040298,17.985584,0.725173,0.014416,0.080090,0.007071|0.040298,17.985584,0.725173,0.014416,0.080090,0.007071
  4|0.060030,17.967577,1.079899|0.060308,17.967572,1.084899,0.032428,0.180156,0.007071|0.060308,17.967572,1.084899,0.032428,0.180156,0.007071
  5|0.080041,17.942372,1.439193|0.080317,17.942366,1.444192,0.057634,0.320188,0.007071|0.080317,17.942366,1.444192,0.057634,0.320188,0.007071
  6|0.100051,17.909984,1.797910|0.100327,17.909976,1.802910,0.090024,0.500132,0.007071|0.100327,17.909976,1.802910,0.090024,0.500132,0.007071
  7|0.120061,17.870424,2.155907|0.120337,17.870415,2.160907,0.129585,0.719915,0.007071|0.120337,17.870415,2.160907,0.129585,0.719915,0.007071
  8|0.140071,17.823710,2.513042|0.140346,17.823699,2.518041,0.176301,0.979449,0.007071|0.140346,17.823699,2.518041,0.176301,0.979449,0.007071
  9|0.160081,17.769858,2.869170|0.160355,17.769847,2.874169,0.230153,1.278630,0.007071|0.160355,17.769847,2.874169,0.230153,1.278630,0.007071
 10|0.180091,17.708892,3.224149|0.180365,17.708879,3.229149,0.291121,1.617339,0.007071|0.180365,17.708879,3.229148,0.291121,1.617339,0.007071
 11|0.200101,17.640836,3.577838|0.200374,17.640821,3.582837,0.359179,1.995439,0.007071|0.200374,17.640821,3.582836,0.359179,1.995439,0.007071
 12|0.220112,17.565716,3.930093|0.220383,17.565700,3.935092,0.434300,2.412779,0.007071|0.220383,17.565700,3.935092,0.434300,2.412779,0.007071
 13|0.240122,17.483563,4.280776|0.240392,17.483545,4.285775,0.516455,2.869192,0.007071|0.240392,17.483545,4.285774,0.516455,2.869192,0.007071
 14|0.260132,17.394409,4.629744|0.260400,17.394391,4.634743,0.605609,3.364496,0.007071|0.260400,17.394391,4.634742,0.605609,3.364496,0.007071
 15|0.280142,17.298291,4.976858|0.280409,17.298271,4.981857,0.701729,3.898492,0.007071|0.280409,17.298271,4.981856,0.701729,3.898492,0.007071
 16|0.300152,17.195247,5.321980|0.300418,17.195226,5.326979,0.804774,4.470967,0.007071|0.300418,17.195226,5.326977,0.804774,4.470967,0.007071
 17|0.320162,17.085318,5.664971|0.320426,17.085296,5.669969,0.914704,5.081690,0.007071|0.320426,17.085296,5.669968,0.914704,5.081690,0.007071
 18|0.340172,16.968549,6.005694|0.340435,16.968525,6.010692,1.031475,5.730418,0.007071|0.340435,16.968525,6.010690,1.031475,5.730418,0.007071
 19|0.360183,16.844985,6.344012|0.360443,16.844960,6.349010,1.155040,6.416891,0.007071|0.360443,16.844960,6.349008,1.155040,6.416891,0.007071
 20|0.380193,16.714676,6.679790|0.380451,16.714650,6.684788,1.285350,7.140834,0.007071|0.380451,16.714650,6.684785,1.285350,7.140834,0.007071
 21|0.400203,16.577675,7.012894|0.400459,16.577648,7.017891,1.422352,7.901957,0.007071|0.400459,16.577648,7.017888,1.422352,7.901957,0.007071
 22|0.420213,16.434037,7.343189|0.420467,16.434008,7.348186,1.565992,8.699956,0.007071|0.420467,16.434008,7.348183,1.565992,8.699956,0.007071
 23|0.440223,16.283818,7.670545|0.440475,16.283788,7.675541,1.716212,9.534510,0.007071|0.440475,16.283788,7.675538,1.716212,9.534510,0.007071
 24|0.460233,16.127080,7.994829|0.460483,16.127049,7.999825,1.872951,10.405286,0.007071|0.460483,16.127049,7.999822,1.872951,10.405286,0.007071
 25|0.480243,15.963884,8.315912|0.480490,15.963852,8.320908,2.036148,11.311935,0.007071|0.480490,15.963852,8.320904,2.036148,11.311935,0.007071
 26|0.500254,15.794297,8.633666|0.500498,15.794263,8.638661,2.205737,12.254094,0.007071|0.500498,15.794263,8.638657,2.205737,12.254094,0.007071
 27|0.520264,15.618386,8.947962|0.520505,15.618351,8.952958,2.381649,13.231386,0.007071|0.520505,15.618351,8.952953,2.381649,13.231386,0.007071
 28|0.540274,15.436221,9.258676|0.540513,15.436185,9.263671,2.563815,14.243419,0.007071|0.540513,15.436185,9.263666,2.563815,14.243419,0.007071
 29|0.560284,15.247876,9.565683|0.560520,15.247838,9.570678,2.752162,15.289789,0.007071|0.560520,15.247838,9.570672,2.752162,15.289789,0.007071
 30|0.580294,15.053425,9.868860|0.580527,15.053386,9.873854,2.946614,16.370076,0.007071|0.580527,15.053386,9.873848,2.946614,16.370076,0.007071
 31|0.600304,14.852947,10.168085|0.600534,14.852907,10.173079,3.147093,17.483848,0.007071|0.600534,14.852907,10.173073,3.147093,17.483848,0.007071
 32|0.620314,14.646523,10.463239|0.620541,14.646481,10.468233,3.353519,18.630658,0.007071|0.620541,14.646482,10.468226,3.353518,18.630658,0.007071
 33|0.640325,14.434233,10.754204|0.640548,14.434191,10.759197,3.565809,19.810049,0.007071|0.640548,14.434191,10.759190,3.565809,19.810049,0.007071
 34|0.660335,14.216165,11.040863|0.660555,14.216122,11.045856,3.783878,21.021546,0.007071|0.660555,14.216122,11.045848,3.783878,21.021546,0.007071
 35|0.680345,13.992404,11.323101|0.680562,13.992360,11.328093,4.007640,22.264667,0.007071|0.680562,13.992360,11.328086,4.007640,22.264667,0.007071
 36|0.700355,13.763041,11.600806|0.700569,13.762996,11.605797,4.237004,23.538911,0.007071|0.700568,13.762996,11.605789,4.237004,23.538911,0.007071
 37|0.720365,13.528168,11.873865|0.720575,13.528121,11.878857,4.471879,24.843771,0.007071|0.720575,13.528121,11.878848,4.471879,24.843771,0.007071
 38|0.740375,13.287878,12.142171|0.740582,13.287830,12.147162,4.712170,26.178722,0.007071|0.740581,13.287830,12.147153,4.712170,26.178722,0.007071
 39|0.760385,13.042267,12.405615|0.760588,13.042218,12.410605,4.957782,27.543231,0.007071|0.760588,13.042218,12.410595,4.957782,27.543231,0.007071
 40|0.780396,12.791434,12.664091|0.780595,12.791385,12.669081,5.208615,28.936751,0.007071|0.780594,12.791385,12.669071,5.208615,28.936751,0.007071
 41|0.800406,12.535480,12.917497|0.800601,12.535430,12.922487,5.464570,30.358724,0.007071|0.800600,12.535430,12.922476,5.464570,30.358724,0.007071
 42|0.820416,12.274507,13.165731|0.820607,12.274455,13.170720,5.725545,31.808581,0.007071|0.820607,12.274456,13.170709,5.725544,31.808581,0.007071
 43|0.840426,12.008619,13.408694|0.840613,12.008567,13.413682,5.991433,33.285741,0.007071|0.840613,12.008567,13.413671,5.991433,33.285741,0.007071
 44|0.860436,11.737923,13.646288|0.860619,11.737870,13.651275,6.262130,34.789613,0.007071|0.860619,11.737870,13.651263,6.262130,34.789613,0.007071
 45|0.880446,11.462527,13.878417|0.880625,11.462473,13.883405,6.537527,36.319595,0.007071|0.880625,11.462473,13.883392,6.537527,36.319595,0.007071
 46|0.900456,11.182542,14.104991|0.900631,11.182487,14.109977,6.817513,37.875074,0.007071|0.900631,11.182487,14.109964,6.817513,37.875074,0.007071
 47|0.920467,10.898079,14.325916|0.920637,10.898023,14.330902,7.101977,39.455427,0.007071|0.920636,10.898023,14.330889,7.101977,39.455427,0.007071
 48|0.940477,10.609253,14.541106|0.940643,10.609196,14.546091,7.390804,41.060023,0.007071|0.940642,10.609196,14.546077,7.390804,41.060022,0.007071
 49|0.960487,10.316179,14.750473|0.960648,10.316121,14.755458,7.683879,42.688217,0.007071|0.960648,10.316121,14.755444,7.683879,42.688217,0.007071
 50|0.980497,10.018974,14.953935|0.980654,10.018916,14.958919,7.981084,44.339358,0.007071|0.980653,10.018916,14.958904,7.981084,44.339358,0.007071
 51|1.000507,9.717758,15.151409|1.000659,9.717699,15.156393,8.282301,46.012786,0.007071|1.000659,9.717699,15.156377,8.282301,46.012785,0.007071
 52|1.020517,9.412651,15.342816|1.020665,9.412591,15.347799,8.587409,47.707829,0.007071|1.020664,9.412591,15.347783,8.587409,47.707829,0.007071
 53|1.040528,9.103775,15.528081|1.040670,9.103714,15.533063,8.896286,49.423810,0.007071|1.040670,9.103714,15.533046,8.896286,49.423810,0.007071
 54|1.060538,8.791254,15.707128|1.060676,8.791193,15.712110,9.208807,51.160041,0.007071|1.060675,8.791193,15.712092,9.208807,51.160041,0.007071
 55|1.080548,8.475213,15.879886|1.080681,8.475151,15.884867,9.524849,52.915828,0.007071|1.080681,8.475151,15.884849,9.524849,52.915828,0.007071
 56|1.100558,8.155779,16.046285|1.100686,8.155716,16.051266,9.844284,54.690466,0.007071|1.100686,8.155716,16.051247,9.844284,54.690466,0.007071
 57|1.120568,7.833079,16.206260|1.120692,7.833016,16.211241,10.166984,56.483247,0.007071|1.120691,7.833016,16.211221,10.166984,56.483246,0.007071
 58|1.140578,7.507243,16.359747|1.140697,7.507179,16.364726,10.492821,58.293451,0.007071|1.140696,7.507179,16.364706,10.492821,58.293450,0.007071
 59|1.160588,7.178401,16.506682|1.160702,7.178336,16.511661,10.821664,60.120354,0.007071|1.160701,7.178336,16.511641,10.821664,60.120353,0.007071
 60|1.180599,6.846685,16.647009|1.180707,6.846620,16.651987,11.153380,61.963224,0.007071|1.180707,6.846620,16.651966,11.153380,61.963224,0.007071
 61|1.200609,6.512227,16.780670|1.200712,6.512162,16.785648,11.487838,63.821324,0.007071|1.200712,6.512162,16.785626,11.487838,63.821324,0.007071
 62|1.220619,6.175162,16.907613|1.220717,6.175096,16.912590,11.824904,65.693910,0.007071|1.220717,6.175096,16.912567,11.824904,65.693910,0.007071
 63|1.240629,5.835625,17.027786|1.240722,5.835558,17.032762,12.164442,67.580232,0.007071|1.240722,5.835558,17.032739,12.164442,67.580231,0.007071
 64|1.260639,5.493751,17.141141|1.260727,5.493684,17.146116,12.506316,69.479534,0.007071|1.260727,5.493684,17.146092,12.506316,69.479534,0.007071
 65|1.280649,5.149677,17.247632|1.280732,5.149610,17.252608,12.850390,71.391056,0.007071|1.280731,5.149610,17.252583,12.850390,71.391056,0.007071
 66|1.300659,4.803542,17.347218|1.300737,4.803474,17.352193,13.196526,73.314034,0.007071|1.300736,4.803474,17.352168,13.196526,73.314033,0.007071
 67|1.320670,4.455483,17.439859|1.320742,4.455415,17.444833,13.544585,75.247696,0.007071|1.320741,4.455415,17.444807,13.544585,75.247695,0.007071
 68|1.340680,4.105640,17.525516|1.340746,4.105572,17.530489,13.894428,77.191269,0.007071|1.340746,4.105572,17.530463,13.894428,77.191268,0.007071
 69|1.360690,3.754153,17.604157|1.360751,3.754085,17.609129,14.245915,79.143974,0.007071|1.360751,3.754085,17.609102,14.245915,79.143974,0.007071
 70|1.380700,3.401164,17.675749|1.380756,3.401095,17.680720,14.598905,81.105030,0.007071|1.380756,3.401095,17.680692,14.598905,81.105029,0.007071
 71|1.400710,3.046812,17.740263|1.400761,3.046743,17.745234,14.953257,83.073651,0.007071|1.400760,3.046743,17.745206,14.953257,83.073651,0.007071
 72|1.420720,2.691240,17.797675|1.420765,2.691171,17.802645,15.308829,85.049050,0.007071|1.420765,2.691171,17.802616,15.308829,85.049049,0.007071
 73|1.440730,2.334591,17.847960|1.440770,2.334522,17.852930,15.665478,87.030434,0.007071|1.440770,2.334522,17.852900,15.665478,87.030434,0.007071
 74|1.460741,1.977008,17.891099|1.460775,1.976938,17.896069,16.023062,89.017012,0.007071|1.460775,1.976938,17.896038,16.023062,89.017011,0.007071
 75|1.480751,1.618632,17.927075|1.480779,1.618562,17.932044,16.381438,91.007987,0.007071|1.480779,1.618562,17.932012,16.381438,91.007986,0.007071
 76|1.500761,1.259609,17.955873|1.500784,1.259539,17.960841,16.740461,93.002563,0.007071|1.500784,1.259539,17.960809,16.740461,93.002562,0.007071
 77|1.520771,0.900081,17.977482|1.520789,0.900011,17.982449,17.099989,94.999940,0.007071|1.520789,0.900011,17.982416,17.099989,94.999939,0.007071
 78|1.540781,0.540193,17.991892|1.540793,0.540123,17.996859,17.459877,96.999319,0.007071|1.540793,0.540123,17.996825,17.459877,96.999318,0.007071
 79|1.560791,0.180088,17.999099|1.560798,0.180018,18.004065,17.819982,98.999900,0.007071|1.560798,0.180018,18.004030,17.819982,98.999899,0.007071
 80|1.580801,-0.180088,17.999099|1.580803,-0.180159,18.004064,17.819841,98.999119,0.007071|1.580803,-0.180158,18.004029,17.819842,98.999120,0.007071
 81|1.600812,-0.540193,17.991892|1.600807,-0.540263,17.996857,17.459737,96.998539,0.007071|1.600807,-0.540263,17.996821,17.459737,96.998540,0.007071
 82|1.620822,-0.900081,17.977482|1.620812,-0.900151,17.982445,17.099849,94.999160,0.007071|1.620812,-0.900151,17.982409,17.099849,94.999161,0.007071
 83|1.640832,-1.259609,17.955873|1.640816,-1.259679,17.960836,16.740321,93.001784,0.007071|1.640817,-1.259679,17.960799,16.740321,93.001785,0.007071
 84|1.660842,-1.618632,17.927075|1.660821,-1.618702,17.932038,16.381298,91.007210,0.007071|1.660821,-1.618702,17.932000,16.381298,91.007211,0.007071
 85|1.680852,-1.977008,17.891099|1.680826,-1.977078,17.896061,16.022922,89.016236,0.007071|1.680826,-1.977077,17.896022,16.022923,89.016237,0.007071
 86|1.700862,-2.334591,17.847960|1.700830,-2.334661,17.852921,15.665339,87.029660,0.007071|1.700831,-2.334661,17.852882,15.665339,87.029662,0.007071
 87|1.720872,-2.691240,17.797675|1.720835,-2.691310,17.802635,15.308690,85.048277,0.007071|1.720835,-2.691310,17.802595,15.308690,85.048279,0.007071
 88|1.740883,-3.046812,17.740263|1.740840,-3.046881,17.745223,14.953119,83.072881,0.007071|1.740840,-3.046881,17.745182,14.953119,83.072883,0.007071
 89|1.760893,-3.401164,17.675749|1.760844,-3.401233,17.680707,14.598767,81.104263,0.007071|1.760845,-3.401232,17.680666,14.598768,81.104265,0.007071
 90|1.780903,-3.754153,17.604157|1.780849,-3.754222,17.609115,14.245778,79.143210,0.007071|1.780850,-3.754222,17.609073,14.245778,79.143212,0.007071
 91|1.800913,-4.105640,17.525516|1.800854,-4.105709,17.530474,13.894291,77.190508,0.007071|1.800854,-4.105708,17.530431,13.894292,77.190510,0.007071
 92|1.820923,-4.455483,17.439859|1.820859,-4.455551,17.444816,13.544449,75.246939,0.007071|1.820859,-4.455551,17.444772,13.544449,75.246941,0.007071
 93|1.840933,-4.803542,17.347218|1.840863,-4.803609,17.352175,13.196391,73.313281,0.007071|1.840864,-4.803609,17.352131,13.196391,73.313283,0.007071
 94|1.860943,-5.149677,17.247632|1.860868,-5.149745,17.252588,12.850255,71.390307,0.007071|1.860869,-5.149744,17.252543,12.850256,71.390310,0.007071
 95|1.880954,-5.493751,17.141141|1.880873,-5.493818,17.146096,12.506182,69.478789,0.007071|1.880874,-5.493818,17.146050,12.506182,69.478792,0.007071
 96|1.900964,-5.835625,17.027786|1.900878,-5.835691,17.032740,12.164309,67.579492,0.007071|1.900879,-5.835691,17.032694,12.164309,67.579494,0.007071
 97|1.920974,-6.175162,16.907613|1.920883,-6.175228,16.912566,11.824772,65.693175,0.007071|1.920884,-6.175228,16.912520,11.824772,65.693178,0.007071
 98|1.940984,-6.512227,16.780670|1.940888,-6.512293,16.785623,11.487707,63.820595,0.007071|1.940889,-6.512292,16.785576,11.487708,63.820597,0.007071
 99|1.960994,-6.846685,16.647009|1.960893,-6.846750,16.651961,11.153250,61.962500,0.007071|1.960894,-6.846749,16.651913,11.153251,61.962503,0.007071
100|1.981004,-7.178401,16.506682|1.980898,-7.178466,16.511634,10.821534,60.119636,0.007071|1.980899,-7.178465,16.511585,10.821535,60.119638,0.007071
101|2.001014,-7.507243,16.359747|2.000903,-7.507307,16.364698,10.492693,58.292739,0.007071|2.000904,-7.507306,16.364648,10.492694,58.292742,0.007071
102|2.021025,-7.833079,16.206260|2.020908,-7.833143,16.211211,10.166857,56.482542,0.007071|2.020909,-7.833142,16.211161,10.166858,56.482544,0.007071
103|2.041035,-8.155779,16.046285|2.040913,-8.155842,16.051235,9.844158,54.689768,0.007071|2.040915,-8.155841,16.051185,9.844159,54.689771,0.007071
104|2.061045,-8.475213,15.879886|2.060918,-8.475275,15.884835,9.524725,52.915137,0.007071|2.060920,-8.475275,15.884783,9.524725,52.915140,0.007071
105|2.081055,-8.791254,15.707128|2.080924,-8.791316,15.712076,9.208684,51.159357,0.007071|2.080925,-8.791315,15.712024,9.208685,51.159361,0.007071
106|2.101065,-9.103775,15.528081|2.100929,-9.103836,15.533029,8.896164,49.423134,0.007071|2.100931,-9.103835,15.532976,8.896165,49.423137,0.007071
107|2.121075,-9.412651,15.342816|2.120934,-9.412711,15.347764,8.587289,47.707161,0.007071|2.120936,-9.412710,15.347710,8.587290,47.707164,0.007071
108|2.141085,-9.717758,15.151409|2.140940,-9.717817,15.156356,8.282183,46.012125,0.007071|2.140941,-9.717817,15.156302,8.282183,46.012129,0.007071
109|2.161096,-10.018974,14.953935|2.160945,-10.019033,14.958881,7.980967,44.338706,0.007071|2.160947,-10.019032,14.958827,7.980968,44.338710,0.007071
110|2.181106,-10.316179,14.750473|2.180951,-10.316237,14.755419,7.683763,42.687573,0.007071|2.180953,-10.316236,14.755364,7.683764,42.687577,0.007071
111|2.201116,-10.609253,14.541106|2.200957,-10.609310,14.546051,7.390690,41.059388,0.007071|2.200958,-10.609309,14.545995,7.390691,41.059392,0.007071
112|2.221126,-10.898079,14.325916|2.220962,-10.898136,14.330861,7.101864,39.454802,0.007071|2.220964,-10.898135,14.330805,7.101865,39.454806,0.007071
113|2.241136,-11.182542,14.104991|2.240968,-11.182598,14.109935,6.817402,37.874458,0.007071|2.240970,-11.182597,14.109878,6.817403,37.874462,0.007071
114|2.261146,-11.462527,13.878417|2.260974,-11.462582,13.883361,6.537418,36.318988,0.007071|2.260976,-11.462581,13.883304,6.537419,36.318993,0.007071
115|2.281156,-11.737923,13.646288|2.280980,-11.737977,13.651231,6.262023,34.789016,0.007071|2.280982,-11.737976,13.651173,6.262024,34.789021,0.007071
116|2.301167,-12.008619,13.408694|2.300986,-12.008672,13.413636,5.991328,33.285154,0.007071|2.300988,-12.008671,13.413578,5.991329,33.285159,0.007071
117|2.321177,-12.274507,13.165731|2.320992,-12.274559,13.170673,5.725441,31.808004,0.007071|2.320994,-12.274558,13.170615,5.725442,31.808009,0.007071
118|2.341187,-12.535480,12.917497|2.340998,-12.535532,12.922439,5.464468,30.358158,0.007071|2.341000,-12.535531,12.922380,5.464469,30.358163,0.007071
119|2.361197,-12.791434,12.664091|2.361004,-12.791485,12.669032,5.208515,28.936195,0.007071|2.361006,-12.791484,12.668972,5.208516,28.936200,0.007071
120|2.381207,-13.042267,12.405615|2.381010,-13.042316,12.410555,4.957684,27.542686,0.007071|2.381013,-13.042316,12.410495,4.957684,27.542691,0.007071
121|2.401217,-13.287878,12.142171|2.401017,-13.287926,12.147111,4.712074,26.178189,0.007071|2.401019,-13.287925,12.147050,4.712075,26.178194,0.007071
122|2.421227,-13.528168,11.873865|2.421023,-13.528215,11.878805,4.471785,24.843249,0.007071|2.421026,-13.528214,11.878744,4.471786,24.843254,0.007071
123|2.441238,-13.763041,11.600806|2.441029,-13.763088,11.605745,4.236912,23.538401,0.007071|2.441032,-13.763087,11.605683,4.236913,23.538407,0.007071
124|2.461248,-13.992404,11.323101|2.461036,-13.992450,11.328040,4.007550,22.264168,0.007071|2.461039,-13.992449,11.327978,4.007551,22.264174,0.007071
125|2.481258,-14.216165,11.040863|2.481043,-14.216209,11.045802,3.783791,21.021060,0.007071|2.481045,-14.216208,11.045739,3.783792,21.021066,0.007071
126|2.501268,-14.434233,10.754204|2.501050,-14.434277,10.759142,3.565723,19.809574,0.007071|2.501052,-14.434276,10.759079,3.565724,19.809580,0.007071
127|2.521278,-14.646523,10.463239|2.521056,-14.646565,10.468177,3.353435,18.630196,0.007071|2.521059,-14.646564,10.468113,3.353436,18.630202,0.007071
128|2.541288,-14.852947,10.168085|2.541063,-14.852988,10.173023,3.147012,17.483398,0.007071|2.541066,-14.852987,10.172959,3.147013,17.483404,0.007071
129|2.561298,-15.053425,9.868860|2.561070,-15.053465,9.873797,2.946535,16.369639,0.007071|2.561073,-15.053464,9.873732,2.946536,16.369645,0.007071
130|2.581309,-15.247876,9.565683|2.581077,-15.247914,9.570620,2.752086,15.289364,0.007071|2.581080,-15.247913,9.570555,2.752087,15.289371,0.007071
131|2.601319,-15.436221,9.258676|2.601085,-15.436259,9.263612,2.563741,14.243008,0.007071|2.601088,-15.436257,9.263547,2.563743,14.243015,0.007071
132|2.621329,-15.618386,8.947962|2.621092,-15.618422,8.952898,2.381578,13.230988,0.007071|2.621095,-15.618421,8.952833,2.381579,13.230995,0.007071
133|2.641339,-15.794297,8.633666|2.641099,-15.794332,8.638601,2.205668,12.253709,0.007071|2.641103,-15.794331,8.638535,2.205669,12.253716,0.007071
134|2.661349,-15.963884,8.315912|2.661107,-15.963919,8.320847,2.036081,11.311563,0.007071|2.661110,-15.963917,8.320781,2.036083,11.311571,0.007071
135|2.681359,-16.127080,7.994829|2.681115,-16.127113,7.999764,1.872887,10.404928,0.007071|2.681118,-16.127112,7.999697,1.872888,10.404936,0.007071
136|2.701369,-16.283818,7.670545|2.701122,-16.283850,7.675479,1.716150,9.534166,0.007071|2.701126,-16.283849,7.675413,1.716151,9.534174,0.007071
137|2.721380,-16.434037,7.343189|2.721130,-16.434067,7.348124,1.565933,8.699625,0.007071|2.721133,-16.434066,7.348057,1.565934,8.699633,0.007071
138|2.741390,-16.577675,7.012894|2.741138,-16.577705,7.017828,1.422295,7.901641,0.007071|2.741141,-16.577703,7.017760,1.422297,7.901649,0.007071
139|2.761400,-16.714676,6.679790|2.761146,-16.714704,6.684724,1.285296,7.140532,0.007071|2.761149,-16.714703,6.684656,1.285297,7.140540,0.007071
140|2.781410,-16.844985,6.344012|2.781154,-16.845011,6.348946,1.154989,6.416603,0.007071|2.781158,-16.845010,6.348878,1.154990,6.416612,0.007071
141|2.801420,-16.968549,6.005694|2.801162,-16.968574,6.010627,1.031426,5.730144,0.007071|2.801166,-16.968572,6.010559,1.031428,5.730153,0.007071
142|2.821430,-17.085318,5.664971|2.821171,-17.085342,5.669904,0.914658,5.081431,0.007071|2.821174,-17.085341,5.669836,0.914659,5.081440,0.007071
143|2.841440,-17.195247,5.321980|2.841179,-17.195270,5.326913,0.804730,4.470722,0.007071|2.841183,-17.195268,5.326845,0.804732,4.470731,0.007071
144|2.861451,-17.298291,4.976858|2.861188,-17.298313,4.981791,0.701687,3.898262,0.007071|2.861191,-17.298311,4.981722,0.701689,3.898271,0.007071
145|2.881461,-17.394409,4.629744|2.881196,-17.394430,4.634677,0.605570,3.364280,0.007071|2.881200,-17.394428,4.634607,0.605572,3.364290,0.007071
146|2.901471,-17.483563,4.280776|2.901205,-17.483582,4.285708,0.516418,2.868991,0.007071|2.901209,-17.483580,4.285639,0.516420,2.869001,0.007071
147|2.921481,-17.565716,3.930093|2.921214,-17.565733,3.935026,0.434267,2.412593,0.007071|2.921218,-17.565731,3.934956,0.434269,2.412603,0.007071
148|2.941491,-17.640836,3.577838|2.941223,-17.640852,3.582770,0.359148,1.995267,0.007071|2.941227,-17.640850,3.582700,0.359150,1.995278,0.007071
149|2.961501,-17.708892,3.224149|2.961232,-17.708907,3.229081,0.291093,1.617182,0.007071|2.961236,-17.708905,3.229011,0.291095,1.617193,0.007071
150|2.981511,-17.769858,2.869170|2.981241,-17.769872,2.874102,0.230128,1.278489,0.007071|2.981245,-17.769870,2.874032,0.230130,1.278500,0.007071
151|3.001522,-17.823710,2.513042|3.001250,-17.823722,2.517974,0.176278,0.979323,0.007071|3.001254,-17.823720,2.517904,0.176280,0.979334,0.007071
152|3.021532,-17.870424,2.155907|3.021260,-17.870435,2.160839,0.129565,0.719804,0.007071|3.021264,-17.870433,2.160769,0.129567,0.719815,0.007071
153|3.041542,-17.909984,1.797910|3.041269,-17.909993,1.802842,0.090007,0.500036,0.007071|3.041273,-17.909991,1.802771,0.090009,0.500048,0.007071
154|3.061552,-17.942372,1.439193|3.061279,-17.942381,1.444124,0.057619,0.320107,0.007071|3.061283,-17.942379,1.444054,0.057621,0.320119,0.007071
155|3.081562,-17.967577,1.079899|3.081289,-17.967584,1.084830,0.032416,0.180090,0.007071|3.081293,-17.967582,1.084760,0.032418,0.180102,0.007071
156|3.101572,-17.985587,0.720173|3.101299,-17.985593,0.725104,0.014407,0.080039,0.007071|3.101303,-17.985591,0.725034,0.014409,0.080051,0.007071
157|3.121583,-17.996396,0.360159|3.121309,-17.996401,0.365090,0.003599,0.019996,0.007071|3.121312,-17.996399,0.365020,0.003601,0.020008,0.007071
158|3.141593,-18.000000,0.000000|3.141319,-18.000003,0.004932,0.000003,0.000016,0.007071|3.141323,-18.000001,0.004861,0.000001,0.000004,0.007071
159|3.161603,-17.996396,-0.360159|3.161329,-17.996398,-0.355227,0.003602,0.020011,0.007071|3.161333,-17.996396,-0.355297,0.003604,0.020023,0.007071
160|3.181613,-17.985587,-0.720173|3.181339,-17.985588,-0.715241,0.014412,0.080069,0.007071|3.181343,-17.985585,-0.715312,0.014415,0.080082,0.007071
161|3.201623,-17.967577,-1.079899|3.201350,-17.967576,-1.074967,0.032424,0.180135,0.007071|3.201354,-17.967573,-1.075038,0.032427,0.180148,0.007071
162|3.221633,-17.942372,-1.439193|3.221360,-17.942370,-1.434261,0.057630,0.320167,0.007071|3.221364,-17.942367,-1.434331,0.057633,0.320181,0.007071
163|3.241643,-17.909984,-1.797910|3.241371,-17.909980,-1.792978,0.090020,0.500111,0.007071|3.241375,-17.909978,-1.793048,0.090022,0.500125,0.007071
164|3.261654,-17.870424,-2.155907|3.261382,-17.870419,-2.150976,0.129581,0.719894,0.007071|3.261385,-17.870417,-2.151046,0.129583,0.719908,0.007071
165|3.281664,-17.823710,-2.513042|3.281392,-17.823703,-2.508110,0.176297,0.979428,0.007071|3.281396,-17.823701,-2.508180,0.176299,0.979442,0.007071
166|3.301674,-17.769858,-2.869170|3.301403,-17.769850,-2.864238,0.230150,1.278608,0.007071|3.301407,-17.769848,-2.864308,0.230152,1.278623,0.007071
167|3.321684,-17.708892,-3.224149|3.321414,-17.708883,-3.219217,0.291117,1.617316,0.007071|3.321418,-17.708880,-3.219287,0.291120,1.617331,0.007071
168|3.341694,-17.640836,-3.577838|3.341426,-17.640825,-3.572905,0.359175,1.995416,0.007071|3.341429,-17.640822,-3.572975,0.359178,1.995431,0.007071
169|3.361704,-17.565716,-3.930093|3.361437,-17.565704,-3.925161,0.434296,2.412756,0.007071|3.361441,-17.565701,-3.925230,0.434299,2.412771,0.007071
170|3.381714,-17.483563,-4.280776|3.381448,-17.483549,-4.275843,0.516451,2.869170,0.007071|3.381452,-17.483547,-4.275912,0.516453,2.869185,0.007071
171|3.401725,-17.394409,-4.629744|3.401460,-17.394395,-4.624811,0.605605,3.364473,0.007071|3.401464,-17.394392,-4.624880,0.605608,3.364489,0.007071
172|3.421735,-17.298291,-4.976858|3.421472,-17.298276,-4.971926,0.701724,3.898469,0.007071|3.421475,-17.298273,-4.971995,0.701727,3.898485,0.007071
173|3.441745,-17.195247,-5.321980|3.441483,-17.195230,-5.317047,0.804770,4.470944,0.007071|3.441487,-17.195227,-5.317116,0.804773,4.470959,0.007071
174|3.461755,-17.085318,-5.664971|3.461495,-17.085300,-5.660038,0.914700,5.081667,0.007071|3.461499,-17.085297,-5.660107,0.914703,5.081683,0.007071
175|3.481765,-16.968549,-6.005694|3.481507,-16.968529,-6.000761,1.031471,5.730395,0.007071|3.481511,-16.968526,-6.000829,1.031474,5.730411,0.007071
176|3.501775,-16.844985,-6.344012|3.501519,-16.844964,-6.339078,1.155036,6.416867,0.007071|3.501523,-16.844961,-6.339147,1.155039,6.416884,0.007071
177|3.521785,-16.714676,-6.679790|3.521531,-16.714654,-6.674856,1.285346,7.140810,0.007071|3.521535,-16.714651,-6.674924,1.285349,7.140827,0.007071
178|3.541796,-16.577675,-7.012894|3.541544,-16.577652,-7.007960,1.422348,7.901933,0.007071|3.541547,-16.577649,-7.008027,1.422351,7.901950,0.007071
179|3.561806,-16.434037,-7.343189|3.561556,-16.434012,-7.338255,1.565988,8.699931,0.007071|3.561559,-16.434009,-7.338322,1.565991,8.699948,0.007071
180|3.581816,-16.283818,-7.670545|3.581568,-16.283793,-7.665610,1.716207,9.534485,0.007071|3.581572,-16.283790,-7.665677,1.716210,9.534502,0.007071
181|3.601826,-16.127080,-7.994829|3.601581,-16.127053,-7.989894,1.872947,10.405261,0.007071|3.601584,-16.127050,-7.989960,1.872950,10.405278,0.007071
182|3.621836,-15.963884,-8.315912|3.621594,-15.963856,-8.310977,2.036144,11.311910,0.007071|3.621597,-15.963853,-8.311043,2.036147,11.311927,0.007071
183|3.641846,-15.794297,-8.633666|3.641606,-15.794268,-8.628730,2.205732,12.254069,0.007071|3.641610,-15.794264,-8.628796,2.205736,12.254086,0.007071
184|3.661856,-15.618386,-8.947962|3.661619,-15.618355,-8.943026,2.381645,13.231360,0.007071|3.661623,-15.618352,-8.943092,2.381648,13.231378,0.007071
185|3.681867,-15.436221,-9.258676|3.681632,-15.436189,-9.253740,2.563811,14.243394,0.007071|3.681635,-15.436186,-9.253805,2.563814,14.243412,0.007071
186|3.701877,-15.247876,-9.565683|3.701645,-15.247843,-9.560746,2.752157,15.289763,0.007071|3.701648,-15.247839,-9.560811,2.752161,15.289781,0.007071
187|3.721887,-15.053425,-9.868860|3.721658,-15.053391,-9.863923,2.946609,16.370050,0.007071|3.721662,-15.053388,-9.863987,2.946612,16.370068,0.007071
188|3.741897,-14.852947,-10.168085|3.741672,-14.852912,-10.163148,3.147088,17.483822,0.007071|3.741675,-14.852909,-10.163212,3.147091,17.483840,0.007071
189|3.761907,-14.646523,-10.463239|3.761685,-14.646486,-10.458302,3.353514,18.630632,0.007071|3.761688,-14.646483,-10.458365,3.353517,18.630651,0.007071
190|3.781917,-14.434233,-10.754204|3.781698,-14.434196,-10.749266,3.565804,19.810022,0.007071|3.781701,-14.434193,-10.749329,3.565807,19.810041,0.007071
191|3.801927,-14.216165,-11.040863|3.801712,-14.216126,-11.035924,3.783874,21.021520,0.007071|3.801715,-14.216123,-11.035987,3.783877,21.021539,0.007071
192|3.821938,-13.992404,-11.323101|3.821726,-13.992365,-11.318162,4.007635,22.264640,0.007071|3.821728,-13.992361,-11.318225,4.007639,22.264659,0.007071
193|3.841948,-13.763041,-11.600806|3.841739,-13.763001,-11.595866,4.236999,23.538884,0.007071|3.841742,-13.762997,-11.595928,4.237003,23.538904,0.007071
194|3.861958,-13.528168,-11.873865|3.861753,-13.528126,-11.868925,4.471874,24.843744,0.007071|3.861756,-13.528123,-11.868987,4.471877,24.843763,0.007071
195|3.881968,-13.287878,-12.142171|3.881767,-13.287835,-12.137230,4.712165,26.178695,0.007071|3.881770,-13.287831,-12.137291,4.712169,26.178714,0.007071
196|3.901978,-13.042267,-12.405615|3.901781,-13.042223,-12.400674,4.957777,27.543203,0.007071|3.901783,-13.042220,-12.400734,4.957780,27.543223,0.007071
197|3.921988,-12.791434,-12.664091|3.921795,-12.791390,-12.659150,5.208610,28.936723,0.007071|3.921797,-12.791386,-12.659210,5.208614,28.936743,0.007071
198|3.941998,-12.535480,-12.917497|3.941809,-12.535435,-12.912556,5.464565,30.358696,0.007071|3.941811,-12.535431,-12.912615,5.464569,30.358716,0.007071
199|3.962009,-12.274507,-13.165731|3.961823,-12.274461,-13.160789,5.725539,31.808553,0.007071|3.961826,-12.274457,-13.160848,5.725543,31.808573,0.007071
200|3.982019,-12.008619,-13.408694|3.981837,-12.008572,-13.403751,5.991428,33.285713,0.007071|3.981840,-12.008568,-13.403809,5.991432,33.285733,0.007071
201|4.002029,-11.737923,-13.646288|4.001852,-11.737875,-13.641344,6.262125,34.789585,0.007071|4.001854,-11.737871,-13.641402,6.262129,34.789605,0.007071
202|4.022039,-11.462527,-13.878417|4.021866,-11.462478,-13.873474,6.537522,36.319567,0.007071|4.021868,-11.462474,-13.873531,6.537526,36.319587,0.007071
203|4.042049,-11.182542,-14.104991|4.041881,-11.182492,-14.100046,6.817508,37.875046,0.007071|4.041883,-11.182488,-14.100103,6.817512,37.875066,0.007071
204|4.062059,-10.898079,-14.325916|4.061895,-10.898028,-14.320971,7.101972,39.455399,0.007071|4.061897,-10.898024,-14.321028,7.101976,39.455420,0.007071
205|4.082069,-10.609253,-14.541106|4.081910,-10.609201,-14.536160,7.390799,41.059994,0.007071|4.081912,-10.609197,-14.536216,7.390803,41.060015,0.007071
206|4.102080,-10.316179,-14.750473|4.101924,-10.316126,-14.745527,7.683874,42.688188,0.007071|4.101926,-10.316122,-14.745582,7.683878,42.688209,0.007071
207|4.122090,-10.018974,-14.953935|4.121939,-10.018921,-14.948988,7.981079,44.339329,0.007071|4.121941,-10.018917,-14.949043,7.981083,44.339350,0.007071
208|4.142100,-9.717758,-15.151409|4.141954,-9.717704,-15.146462,8.282296,46.012756,0.007071|4.141956,-9.717700,-15.146516,8.282300,46.012778,0.007071
209|4.162110,-9.412651,-15.342816|4.161969,-9.412596,-15.337869,8.587404,47.707800,0.007071|4.161971,-9.412592,-15.337922,8.587408,47.707821,0.007071
210|4.182120,-9.103775,-15.528081|4.181984,-9.103719,-15.523132,8.896281,49.423781,0.007071|4.181985,-9.103716,-15.523185,8.896284,49.423802,0.007071
211|4.202130,-8.791254,-15.707128|4.201999,-8.791198,-15.702179,9.208802,51.160012,0.007071|4.202000,-8.791194,-15.702231,9.208806,51.160034,0.007071
212|4.222140,-8.475213,-15.879886|4.222014,-8.475156,-15.874936,9.524844,52.915798,0.007071|4.222015,-8.475152,-15.874988,9.524848,52.915820,0.007071
213|4.242151,-8.155779,-16.046285|4.242029,-8.155721,-16.041336,9.844279,54.690437,0.007071|4.242030,-8.155717,-16.041386,9.844283,54.690459,0.007071
214|4.262161,-7.833079,-16.206260|4.262044,-7.833021,-16.201310,10.166979,56.483217,0.007071|4.262045,-7.833017,-16.201360,10.166983,56.483239,0.007071
215|4.282171,-7.507243,-16.359747|4.282059,-7.507184,-16.354795,10.492816,58.293420,0.007071|4.282060,-7.507180,-16.354845,10.492820,58.293443,0.007071
216|4.302181,-7.178401,-16.506682|4.302074,-7.178342,-16.501731,10.821658,60.120323,0.007071|4.302076,-7.178338,-16.501779,10.821662,60.120346,0.007071
217|4.322191,-6.846685,-16.647009|4.322090,-6.846625,-16.642057,11.153375,61.963194,0.007071|4.322091,-6.846621,-16.642105,11.153379,61.963216,0.007071
218|4.342201,-6.512227,-16.780670|4.342105,-6.512167,-16.775717,11.487833,63.821294,0.007071|4.342106,-6.512163,-16.775765,11.487837,63.821316,0.007071
219|4.362211,-6.175162,-16.907613|4.362120,-6.175102,-16.902659,11.824898,65.693879,0.007071|4.362121,-6.175098,-16.902706,11.824902,65.693902,0.007071
220|4.382222,-5.835625,-17.027786|4.382136,-5.835564,-17.022831,12.164436,67.580201,0.007071|4.382137,-5.835560,-17.022878,12.164440,67.580224,0.007071
221|4.402232,-5.493751,-17.141141|4.402151,-5.493689,-17.136186,12.506311,69.479503,0.007071|4.402152,-5.493685,-17.136231,12.506315,69.479526,0.007071
222|4.422242,-5.149677,-17.247632|4.422166,-5.149615,-17.242677,12.850385,71.391026,0.007071|4.422167,-5.149611,-17.242722,12.850389,71.391048,0.007071
223|4.442252,-4.803542,-17.347218|4.442182,-4.803479,-17.342262,13.196521,73.314003,0.007071|4.442183,-4.803475,-17.342306,13.196525,73.314026,0.007071
224|4.462262,-4.455483,-17.439859|4.462197,-4.455420,-17.434902,13.544580,75.247665,0.007071|4.462198,-4.455416,-17.434945,13.544584,75.247688,0.007071
225|4.482272,-4.105640,-17.525516|4.482213,-4.105577,-17.520559,13.894423,77.191238,0.007071|4.482214,-4.105573,-17.520601,13.894427,77.191261,0.007071
226|4.502282,-3.754153,-17.604157|4.502228,-3.754090,-17.599199,14.245910,79.143943,0.007071|4.502229,-3.754086,-17.599241,14.245914,79.143966,0.007071
227|4.522293,-3.401164,-17.675749|4.522244,-3.401100,-17.670790,14.598900,81.104999,0.007071|4.522245,-3.401096,-17.670831,14.598904,81.105022,0.007071
228|4.542303,-3.046812,-17.740263|4.542260,-3.046748,-17.735304,14.953252,83.073620,0.007071|4.542260,-3.046744,-17.735344,14.953256,83.073643,0.007071
229|4.562313,-2.691240,-17.797675|4.562275,-2.691177,-17.792715,15.308823,85.049018,0.007071|4.562276,-2.691173,-17.792754,15.308827,85.049041,0.007071
230|4.582323,-2.334591,-17.847960|4.582291,-2.334528,-17.842999,15.665472,87.030403,0.007071|4.582291,-2.334523,-17.843039,15.665477,87.030426,0.007071
231|4.602333,-1.977008,-17.891099|4.602306,-1.976944,-17.886138,16.023056,89.016980,0.007071|4.602307,-1.976939,-17.886176,16.023061,89.017004,0.007071
232|4.622343,-1.618632,-17.927075|4.622322,-1.618568,-17.922113,16.381432,91.007955,0.007071|4.622323,-1.618564,-17.922151,16.381436,91.007979,0.007071
233|4.642353,-1.259609,-17.955873|4.642338,-1.259544,-17.950910,16.740456,93.002531,0.007071|4.642338,-1.259540,-17.950948,16.740460,93.002554,0.007071
234|4.662364,-0.900081,-17.977482|4.662353,-0.900017,-17.972518,17.099983,94.999908,0.007071|4.662354,-0.900012,-17.972555,17.099988,94.999932,0.007071
235|4.682374,-0.540193,-17.991892|4.682369,-0.540128,-17.986928,17.459872,96.999287,0.007071|4.682369,-0.540124,-17.986964,17.459876,96.999311,0.007071
236|4.702384,-0.180088,-17.999099|4.702385,-0.180024,-17.994134,17.819976,98.999867,0.007071|4.702385,-0.180020,-17.994169,17.819980,98.999891,0.007071
237|4.722394,0.180088,-17.999099|4.722400,0.180153,-17.994133,17.819847,98.999152,0.007071|4.722401,0.180157,-17.994168,17.819843,98.999128,0.007071
238|4.742404,0.540193,-17.991892|4.742416,0.540257,-17.986926,17.459743,96.998571,0.007071|4.742416,0.540261,-17.986960,17.459739,96.998547,0.007071
239|4.762414,0.900081,-17.977482|4.762432,0.900145,-17.972515,17.099855,94.999193,0.007071|4.762432,0.900150,-17.972548,17.099850,94.999169,0.007071
240|4.782424,1.259609,-17.955873|4.782447,1.259673,-17.950906,16.740327,93.001817,0.007071|4.782447,1.259677,-17.950938,16.740323,93.001793,0.007071
241|4.802435,1.618632,-17.927075|4.802463,1.618696,-17.922107,16.381304,91.007242,0.007071|4.802463,1.618701,-17.922138,16.381299,91.007218,0.007071
242|4.822445,1.977008,-17.891099|4.822479,1.977072,-17.886130,16.022928,89.016269,0.007071|4.822479,1.977076,-17.886161,16.022924,89.016245,0.007071
243|4.842455,2.334591,-17.847960|4.842494,2.334655,-17.842990,15.665345,87.029693,0.007071|4.842494,2.334660,-17.843021,15.665340,87.029669,0.007071
244|4.862465,2.691240,-17.797675|4.862510,2.691304,-17.792704,15.308696,85.048311,0.007071|4.862510,2.691308,-17.792734,15.308692,85.048287,0.007071
245|4.882475,3.046812,-17.740263|4.882525,3.046875,-17.735292,14.953125,83.072915,0.007071|4.882525,3.046880,-17.735321,14.953120,83.072891,0.007071
246|4.902485,3.401164,-17.675749|4.902541,3.401227,-17.670777,14.598773,81.104296,0.007071|4.902541,3.401231,-17.670805,14.598769,81.104272,0.007071
247|4.922495,3.754153,-17.604157|4.922557,3.754216,-17.599184,14.245784,79.143244,0.007071|4.922556,3.754221,-17.599212,14.245779,79.143219,0.007071
248|4.942506,4.105640,-17.525516|4.942572,4.105702,-17.520543,13.894298,77.190542,0.007071|4.942572,4.105707,-17.520570,13.894293,77.190517,0.007071
249|4.962516,4.455483,-17.439859|4.962588,4.455545,-17.434885,13.544455,75.246973,0.007071|4.962587,4.455549,-17.434911,13.544451,75.246948,0.007071
250|4.982526,4.803542,-17.347218|4.982603,4.803603,-17.342244,13.196397,73.313314,0.007071|4.982603,4.803608,-17.342269,13.196392,73.313290,0.007071
251|5.002536,5.149677,-17.247632|5.002618,5.149739,-17.242657,12.850261,71.390341,0.007071|5.002618,5.149743,-17.242682,12.850257,71.390317,0.007071
252|5.022546,5.493751,-17.141141|5.022634,5.493812,-17.136165,12.506188,69.478824,0.007071|5.022634,5.493816,-17.136189,12.506184,69.478799,0.007071
253|5.042556,5.835625,-17.027786|5.042649,5.835685,-17.022809,12.164315,67.579526,0.007071|5.042649,5.835690,-17.022833,12.164310,67.579502,0.007071
254|5.062567,6.175162,-16.907613|5.062665,6.175222,-16.902636,11.824778,65.693210,0.007071|5.062664,6.175227,-16.902658,11.824773,65.693185,0.007071
255|5.082577,6.512227,-16.780670|5.082680,6.512287,-16.775693,11.487713,63.820629,0.007071|5.082680,6.512291,-16.775715,11.487709,63.820605,0.007071
256|5.102587,6.846685,-16.647009|5.102695,6.846744,-16.642031,11.153256,61.962535,0.007071|5.102695,6.846748,-16.642052,11.153252,61.962510,0.007071
257|5.122597,7.178401,-16.506682|5.122710,7.178459,-16.501703,10.821541,60.119670,0.007071|5.122710,7.178464,-16.501724,10.821536,60.119646,0.007071
258|5.142607,7.507243,-16.359747|5.142725,7.507301,-16.354767,10.492699,58.292774,0.007071|5.142725,7.507305,-16.354787,10.492695,58.292749,0.007071
259|5.162617,7.833079,-16.206260|5.162741,7.833136,-16.201280,10.166864,56.482576,0.007071|5.162740,7.833141,-16.201300,10.166859,56.482552,0.007071
260|5.182627,8.155779,-16.046285|5.182756,8.155835,-16.041304,9.844165,54.689803,0.007071|5.182755,8.155840,-16.041323,9.844160,54.689779,0.007071
261|5.202638,8.475213,-15.879886|5.202771,8.475269,-15.874904,9.524731,52.915172,0.007071|5.202770,8.475274,-15.874922,9.524726,52.915147,0.007071
262|5.222648,8.791254,-15.707128|5.222786,8.791309,-15.702145,9.208691,51.159393,0.007071|5.222785,8.791314,-15.702163,9.208686,51.159368,0.007071
263|5.242658,9.103775,-15.528081|5.242800,9.103830,-15.523098,8.896170,49.423169,0.007071|5.242800,9.103834,-15.523115,8.896166,49.423145,0.007071
264|5.262668,9.412651,-15.342816|5.262815,9.412705,-15.337833,8.587295,47.707196,0.007071|5.262815,9.412709,-15.337849,8.587291,47.707172,0.007071
265|5.282678,9.717758,-15.151409|5.282830,9.717811,-15.146425,8.282189,46.012161,0.007071|5.282830,9.717815,-15.146441,8.282185,46.012136,0.007071
266|5.302688,10.018974,-14.953935|5.302845,10.019026,-14.948950,7.980974,44.338742,0.007071|5.302845,10.019031,-14.948965,7.980969,44.338717,0.007071
267|5.322698,10.316179,-14.750473|5.322859,10.316230,-14.745488,7.683770,42.687609,0.007071|5.322859,10.316235,-14.745503,7.683765,42.687585,0.007071
268|5.342709,10.609253,-14.541106|5.342874,10.609304,-14.536120,7.390696,41.059424,0.007071|5.342874,10.609308,-14.536134,7.390692,41.059399,0.007071
269|5.362719,10.898079,-14.325916|5.362889,10.898129,-14.320930,7.101871,39.454838,0.007071|5.362888,10.898134,-14.320944,7.101866,39.454814,0.007071
270|5.382729,11.182542,-14.104991|5.382903,11.182591,-14.100004,6.817409,37.874494,0.007071|5.382903,11.182595,-14.100017,6.817405,37.874470,0.007071
271|5.402739,11.462527,-13.878417|5.402918,11.462576,-13.873430,6.537424,36.319025,0.007071|5.402917,11.462580,-13.873443,6.537420,36.319000,0.007071
272|5.422749,11.737923,-13.646288|5.422932,11.737970,-13.641300,6.262030,34.789053,0.007071|5.422932,11.737975,-13.641312,6.262025,34.789028,0.007071
273|5.442759,12.008619,-13.408694|5.442946,12.008666,-13.403705,5.991334,33.285191,0.007071|5.442946,12.008670,-13.403717,5.991330,33.285166,0.007071
274|5.462769,12.274507,-13.165731|5.462960,12.274553,-13.160742,5.725447,31.808041,0.007071|5.462960,12.274557,-13.160753,5.725443,31.808016,0.007071
275|5.482780,12.535480,-12.917497|5.482974,12.535525,-12.912508,5.464475,30.358195,0.007071|5.482974,12.535529,-12.912518,5.464471,30.358170,0.007071
276|5.502790,12.791434,-12.664091|5.502988,12.791478,-12.659101,5.208522,28.936233,0.007071|5.502988,12.791483,-12.659111,5.208517,28.936208,0.007071
277|5.522800,13.042267,-12.405615|5.523002,13.042310,-12.400624,4.957690,27.542724,0.007071|5.523002,13.042314,-12.400634,4.957686,27.542699,0.007071
278|5.542810,13.287878,-12.142171|5.543016,13.287919,-12.137180,4.712081,26.178226,0.007071|5.543016,13.287924,-12.137189,4.712076,26.178202,0.007071
279|5.562820,13.528168,-11.873865|5.563030,13.528208,-11.868874,4.471792,24.843287,0.007071|5.563030,13.528213,-11.868883,4.471787,24.843262,0.007071
280|5.582830,13.763041,-11.600806|5.583044,13.763081,-11.595814,4.236919,23.538439,0.007071|5.583044,13.763085,-11.595822,4.236915,23.538414,0.007071
281|5.602840,13.992404,-11.323101|5.603057,13.992443,-11.318109,4.007557,22.264206,0.007071|5.603057,13.992447,-11.318117,4.007553,22.264181,0.007071
282|5.622851,14.216165,-11.040863|5.623071,14.216202,-11.035870,3.783798,21.021098,0.007071|5.623071,14.216207,-11.035878,3.783793,21.021073,0.007071
283|5.642861,14.434233,-10.754204|5.643084,14.434270,-10.749211,3.565730,19.809612,0.007071|5.643084,14.434274,-10.749218,3.565726,19.809588,0.007071
284|5.662871,14.646523,-10.463239|5.663098,14.646558,-10.458246,3.353442,18.630235,0.007071|5.663098,14.646562,-10.458252,3.353438,18.630210,0.007071
285|5.682881,14.852947,-10.168085|5.683111,14.852981,-10.163091,3.147019,17.483437,0.007071|5.683111,14.852986,-10.163097,3.147014,17.483412,0.007071
286|5.702891,15.053425,-9.868860|5.703124,15.053458,-9.863866,2.946542,16.369678,0.007071|5.703124,15.053462,-9.863871,2.946538,16.369653,0.007071
287|5.722901,15.247876,-9.565683|5.723137,15.247907,-9.560688,2.752093,15.289404,0.007071|5.723137,15.247912,-9.560694,2.752088,15.289379,0.007071
288|5.742911,15.436221,-9.258676|5.743150,15.436252,-9.253681,2.563748,14.243047,0.007071|5.743150,15.436256,-9.253686,2.563744,14.243023,0.007071
289|5.762922,15.618386,-8.947962|5.763163,15.618415,-8.942967,2.381585,13.231027,0.007071|5.763163,15.618420,-8.942971,2.381580,13.231002,0.007071
290|5.782932,15.794297,-8.633666|5.783176,15.794325,-8.628670,2.205675,12.253749,0.007071|5.783176,15.794330,-8.628674,2.205670,12.253724,0.007071
291|5.802942,15.963884,-8.315912|5.803189,15.963911,-8.310916,2.036089,11.311603,0.007071|5.803189,15.963916,-8.310920,2.036084,11.311579,0.007071
292|5.822952,16.127080,-7.994829|5.823201,16.127106,-7.989833,1.872894,10.404968,0.007071|5.823201,16.127110,-7.989836,1.872890,10.404943,0.007071
293|5.842962,16.283818,-7.670545|5.843214,16.283843,-7.665548,1.716157,9.534206,0.007071|5.843214,16.283847,-7.665551,1.716153,9.534181,0.007071
294|5.862972,16.434037,-7.343189|5.863226,16.434060,-7.338192,1.565940,8.699666,0.007071|5.863226,16.434065,-7.338195,1.565935,8.699641,0.007071
295|5.882982,16.577675,-7.012894|5.883239,16.577697,-7.007896,1.422303,7.901681,0.007071|5.883239,16.577702,-7.007899,1.422298,7.901657,0.007071
296|5.902993,16.714676,-6.679790|5.903251,16.714697,-6.674793,1.285303,7.140573,0.007071|5.903251,16.714701,-6.674795,1.285299,7.140548,0.007071
297|5.923003,16.844985,-6.344012|5.923263,16.845004,-6.339014,1.154996,6.416644,0.007071|5.923263,16.845008,-6.339017,1.154992,6.416620,0.007071
298|5.943013,16.968549,-6.005694|5.943275,16.968567,-6.000696,1.031433,5.730186,0.007071|5.943275,16.968571,-6.000698,1.031429,5.730161,0.007071
299|5.963023,17.085318,-5.664971|5.963287,17.085335,-5.659973,0.914665,5.081472,0.007071|5.963287,17.085339,-5.659975,0.914661,5.081448,0.007071
300|5.983033,17.195247,-5.321980|5.983299,17.195263,-5.316982,0.804737,4.470763,0.007071|5.983299,17.195267,-5.316983,0.804733,4.470739,0.007071
301|6.003043,17.298291,-4.976858|6.003310,17.298305,-4.971860,0.701695,3.898304,0.007071|6.003310,17.298310,-4.971861,0.701690,3.898279,0.007071
302|6.023053,17.394409,-4.629744|6.023322,17.394422,-4.624745,0.605578,3.364323,0.007071|6.023322,17.394426,-4.624746,0.605574,3.364298,0.007071
303|6.043064,17.483563,-4.280776|6.043333,17.483574,-4.275777,0.516426,2.869034,0.007071|6.043334,17.483578,-4.275778,0.516422,2.869009,0.007071
304|6.063074,17.565716,-3.930093|6.063345,17.565726,-3.925094,0.434274,2.412635,0.007071|6.063345,17.565730,-3.925095,0.434270,2.412611,0.007071
305|6.083084,17.640836,-3.577838|6.083356,17.640844,-3.572838,0.359156,1.995310,0.007071|6.083356,17.640849,-3.572839,0.359151,1.995285,0.007071
306|6.103094,17.708892,-3.224149|6.103367,17.708900,-3.219150,0.291100,1.617225,0.007071|6.103367,17.708904,-3.219150,0.291096,1.617200,0.007071
307|6.123104,17.769858,-2.869170|6.123378,17.769864,-2.864170,0.230136,1.278532,0.007071|6.123378,17.769869,-2.864171,0.230131,1.278507,0.007071
308|6.143114,17.823710,-2.513042|6.143389,17.823714,-2.508042,0.176286,0.979366,0.007071|6.143389,17.823719,-2.508042,0.176281,0.979342,0.007071
309|6.163124,17.870424,-2.155907|6.163400,17.870427,-2.150908,0.129573,0.719847,0.007071|6.163400,17.870432,-2.150908,0.129568,0.719823,0.007071
310|6.183135,17.909984,-1.797910|6.183411,17.909986,-1.792910,0.090014,0.500080,0.007071|6.183411,17.909990,-1.792910,0.090010,0.500055,0.007071
311|6.203145,17.942372,-1.439193|6.203422,17.942373,-1.434193,0.057627,0.320151,0.007071|6.203422,17.942377,-1.434193,0.057623,0.320127,0.007071
312|6.223155,17.967577,-1.079899|6.223432,17.967576,-1.074899,0.032424,0.180134,0.007071|6.223432,17.967580,-1.074899,0.032420,0.180109,0.007071
313|6.243165,17.985587,-0.720173|6.243443,17.985585,-0.715173,0.014415,0.080083,0.007071|6.243443,17.985589,-0.715173,0.014411,0.080059,0.007071
314|6.263175,17.996396,-0.360159|6.263453,17.996393,-0.355159,0.003607,0.020040,0.007071|6.263453,17.996397,-0.355159,0.003603,0.020016,0.007071
