OneBody4_E-0.25_plotinterval0.010_ecc0.0_RK4.txt
initial value : [x, y, v_x, v_y] = [18.00,0.00,0.00,0.71] , numerical interval dt = 0.02000 , [M, m] = [ 9, 1]

num|given_position|geodesic|newtonian
num| degree1, x1, y1 | degree2, x2, y2, simple error, relative error, d(rho) | degree2, x2, y2, simple error, relative error, dt
  1|0.000000,18.000000,0.000000|0.000556,17.999997,0.010000,0.000003,0.000015,0.014142|0.000556,17.999997,0.010000,0.000003,0.000015,0.014142
  2|0.020010,17.996396,0.360159|0.020566,17.996388,0.370159,0.003612,0.020066,0.014142|0.020566,17.996388,0.370159,0.003612,0.020066,0.014142
  3|0.040020,17.985587,0.720173|0.040575,17.985573,0.730173,0.014427,0.080148,0.014142|0.040575,17.985573,0.730173,0.014427,0.080148,0.014142
  4|0.060030,17.967577,1.079899|0.060585,17.967557,1.089899,0.032443,0.180237,0.014142|0.060585,17.967557,1.089898,0.032443,0.180237,0.014142
  5|0.080041,17.942372,1.439193|0.080594,17.942347,1.449192,0.057653,0.320292,0.014142|0.080594,17.942347,1.449192,0.057653,0.320292,0.014142
  6|0.100051,17.909984,1.797910|0.100604,17.909953,1.807909,0.090047,0.500259,0.014142|0.100604,17.909953,1.807909,0.090047,0.500259,0.014142
  7|0.120061,17.870424,2.155907|0.120613,17.870388,2.165906,0.129612,0.720065,0.014142|0.120613,17.870388,2.165905,0.129612,0.720065,0.014142
  8|0.140071,17.823710,2.513042|0.140621,17.823668,2.523040,0.176332,0.979622,0.014142|0.140621,17.823668,2.523039,0.176332,0.979622,0.014142
  9|0.160081,17.769858,2.869170|0.160630,17.769811,2.879168,0.230189,1.278826,0.014142|0.160630,17.769811,2.879166,0.230189,1.278826,0.014142
 10|0.180091,17.708892,3.224149|0.180638,17.708840,3.234147,0.291160,1.617557,0.014142|0.180638,17.708840,3.234145,0.291160,1.617557,0.014142
 11|0.200101,17.640836,3.577838|0.200646,17.640778,3.587835,0.359222,1.995680,0.014142|0.200646,17.640778,3.587832,0.359222,1.995680,0.014142
 12|0.220112,17.565716,3.930093|0.220654,17.565652,3.940090,0.434348,2.413043,0.014142|0.220654,17.565652,3.940087,0.434348,2.413043,0.014142
 13|0.240122,17.483563,4.280776|0.240662,17.483494,4.290771,0.516506,2.869479,0.014142|0.240662,17.483494,4.290768,0.516506,2.869479,0.014142
 14|0.260132,17.394409,4.629744|0.260669,17.394335,4.639739,0.605665,3.364805,0.014142|0.260669,17.394335,4.639735,0.605665,3.364805,0.014142
 15|0.280142,17.298291,4.976858|0.280677,17.298212,4.986853,0.701788,3.898824,0.014142|0.280676,17.298212,4.986848,0.701788,3.898824,0.014142
 16|0.300152,17.195247,5.321980|0.300684,17.195162,5.331974,0.804838,4.471320,0.014142|0.300684,17.195162,5.331968,0.804838,4.471320,0.014142
 17|0.320162,17.085318,5.664971|0.320691,17.085228,5.674964,0.914772,5.082066,0.014142|0.320690,17.085228,5.674957,0.914772,5.082066,0.014142
 18|0.340172,16.968549,6.005694|0.340697,16.968453,6.015686,1.031547,5.730816,0.014142|0.340697,16.968453,6.015678,1.031547,5.730816,0.014142
 19|0.360183,16.844985,6.344012|0.360704,16.844884,6.354003,1.155116,6.417311,0.014142|0.360703,16.844884,6.353994,1.155116,6.417311,0.014142
 20|0.380193,16.714676,6.679790|0.380710,16.714570,6.689780,1.285430,7.141275,0.014142|0.380710,16.714570,6.689770,1.285430,7.141275,0.014142
 21|0.400203,16.577675,7.012894|0.400716,16.577564,7.022882,1.422436,7.902420,0.014142|0.400716,16.577564,7.022872,1.422436,7.902419,0.014142
 22|0.420213,16.434037,7.343189|0.420722,16.433921,7.353177,1.566079,8.700439,0.014142|0.420722,16.433921,7.353165,1.566079,8.700439,0.014142
 23|0.440223,16.283818,7.670545|0.440728,16.283697,7.680531,1.716303,9.535015,0.014142|0.440727,16.283697,7.680518,1.716303,9.535014,0.014142
 24|0.460233,16.127080,7.994829|0.460733,16.126954,8.004814,1.873046,10.405811,0.014142|0.460733,16.126954,8.004800,1.873046,10.405811,0.014142
 25|0.480243,15.963884,8.315912|0.480739,15.963753,8.325896,2.036247,11.312481,0.014142|0.480738,15.963753,8.325881,2.036247,11.312481,0.014142
 26|0.500254,15.794297,8.633666|0.500744,15.794161,8.643648,2.205839,12.254660,0.014142|0.500743,15.794161,8.643631,2.205839,12.254660,0.014142
 27|0.520264,15.618386,8.947962|0.520749,15.618245,8.957943,2.381755,13.231973,0.014142|0.520748,15.618245,8.957925,2.381755,13.231972,0.014142
 28|0.540274,15.436221,9.258676|0.540753,15.436075,9.268656,2.563925,14.244026,0.014142|0.540752,15.436075,9.268637,2.563925,14.244026,0.014142
 29|0.560284,15.247876,9.565683|0.560758,15.247725,9.575661,2.752275,15.290415,0.014142|0.560757,15.247725,9.575640,2.752275,15.290415,0.014142
 30|0.580294,15.053425,9.868860|0.580762,15.053270,9.878836,2.946730,16.370722,0.014142|0.580761,15.053270,9.878814,2.946730,16.370722,0.014142
 31|0.600304,14.852947,10.168085|0.600766,14.852788,10.178060,3.147212,17.484513,0.014142|0.600765,14.852788,10.178037,3.147212,17.484513,0.014142
 32|0.620314,14.646523,10.463239|0.620770,14.646358,10.473213,3.353642,18.631342,0.014142|0.620769,14.646358,10.473188,3.353642,18.631342,0.014142
 33|0.640325,14.434233,10.754204|0.640774,14.434065,10.764176,3.565935,19.810751,0.014142|0.640773,14.434065,10.764149,3.565935,19.810751,0.014142
 34|0.660335,14.216165,11.040863|0.660778,14.215992,11.050833,3.784008,21.022268,0.014142|0.660777,14.215992,11.050805,3.784008,21.022267,0.014142
 35|0.680345,13.992404,11.323101|0.680781,13.992227,11.333070,4.007773,22.265406,0.014142|0.680780,13.992227,11.333039,4.007773,22.265406,0.014142
 36|0.700355,13.763041,11.600806|0.700785,13.762860,11.610772,4.237140,23.539669,0.014142|0.700783,13.762860,11.610740,4.237140,23.539668,0.014142
 37|0.720365,13.528168,11.873865|0.720788,13.527982,11.883830,4.472018,24.844545,0.014142|0.720787,13.527982,11.883796,4.472018,24.844545,0.014142
 38|0.740375,13.287878,12.142171|0.740791,13.287687,12.152134,4.712313,26.179514,0.014142|0.740789,13.287688,12.152098,4.712312,26.179514,0.014142
 39|0.760385,13.042267,12.405615|0.760794,13.042073,12.415575,4.957927,27.544040,0.014142|0.760792,13.042073,12.415538,4.957927,27.544039,0.014142
 40|0.780396,12.791434,12.664091|0.780796,12.791236,12.674050,5.208764,28.937576,0.014142|0.780795,12.791236,12.674011,5.208764,28.937576,0.014142
 41|0.800406,12.535480,12.917497|0.800799,12.535278,12.927454,5.464722,30.359566,0.014142|0.800797,12.535278,12.927413,5.464722,30.359565,0.014142
 42|0.820416,12.274507,13.165731|0.820801,12.274301,13.175686,5.725699,31.809439,0.014142|0.820800,12.274301,13.175643,5.725699,31.809438,0.014142
 43|0.840426,12.008619,13.408694|0.840803,12.008409,13.418647,5.991591,33.286615,0.014142|0.840802,12.008410,13.418601,5.991590,33.286614,0.014142
 44|0.860436,11.737923,13.646288|0.860806,11.737710,13.656238,6.262290,34.790502,0.014142|0.860804,11.737710,13.656191,6.262290,34.790501,0.014142
 45|0.880446,11.462527,13.878417|0.880807,11.462310,13.888366,6.537690,36.320499,0.014142|0.880806,11.462310,13.888317,6.537690,36.320498,0.014142
 46|0.900456,11.182542,14.104991|0.900809,11.182321,14.114937,6.817679,37.875993,0.014142|0.900807,11.182322,14.114885,6.817678,37.875992,0.014142
 47|0.920467,10.898079,14.325916|0.920811,10.897855,14.335860,7.102145,39.456360,0.014142|0.920809,10.897855,14.335807,7.102145,39.456359,0.014142
 48|0.940477,10.609253,14.541106|0.940812,10.609026,14.551048,7.390974,41.060969,0.014142|0.940811,10.609026,14.550992,7.390974,41.060968,0.014142
 49|0.960487,10.316179,14.750473|0.960814,10.315948,14.760413,7.684052,42.689177,0.014142|0.960812,10.315948,14.760355,7.684052,42.689176,0.014142
 50|0.980497,10.018974,14.953935|0.980815,10.018740,14.963872,7.981260,44.340331,0.014142|0.980813,10.018741,14.963812,7.981259,44.340330,0.014142
 51|1.000507,9.717758,15.151409|1.000816,9.717521,15.161344,8.282479,46.013772,0.014142|1.000814,9.717521,15.161281,8.282479,46.013770,0.014142
 52|1.020517,9.412651,15.342816|1.020817,9.412411,15.352749,8.587589,47.708828,0.014142|1.020815,9.412411,15.352684,8.587589,47.708826,0.014142
 53|1.040528,9.103775,15.528081|1.040818,9.103532,15.538011,8.896468,49.424820,0.014142|1.040816,9.103533,15.537943,8.896467,49.424819,0.014142
 54|1.060538,8.791254,15.707128|1.060819,8.791009,15.717055,9.208991,51.161063,0.014142|1.060817,8.791009,15.716986,9.208991,51.161062,0.014142
 55|1.080548,8.475213,15.879886|1.080819,8.474965,15.889811,9.525035,52.916861,0.014142|1.080818,8.474965,15.889739,9.525035,52.916859,0.014142
 56|1.100558,8.155779,16.046285|1.100820,8.155528,16.056208,9.844472,54.691510,0.014142|1.100818,8.155528,16.056134,9.844472,54.691508,0.014142
 57|1.120568,7.833079,16.206260|1.120820,7.832826,16.216181,10.167174,56.484301,0.014142|1.120819,7.832826,16.216104,10.167174,56.484299,0.014142
 58|1.140578,7.507243,16.359747|1.140821,7.506987,16.369665,10.493013,58.294515,0.014142|1.140819,7.506988,16.369585,10.493012,58.294513,0.014142
 59|1.160588,7.178401,16.506682|1.160821,7.178143,16.516598,10.821857,60.121428,0.014142|1.160819,7.178143,16.516515,10.821857,60.121425,0.014142
 60|1.180599,6.846685,16.647009|1.180821,6.846425,16.656922,11.153575,61.964307,0.014142|1.180819,6.846425,16.656837,11.153575,61.964305,0.014142
 61|1.200609,6.512227,16.780670|1.200821,6.511965,16.790581,11.488035,63.822416,0.014142|1.200820,6.511966,16.790493,11.488034,63.822413,0.014142
 62|1.220619,6.175162,16.907613|1.220821,6.174898,16.917521,11.825102,65.695010,0.014142|1.220820,6.174899,16.917430,11.825101,65.695007,0.014142
 63|1.240629,5.835625,17.027786|1.240821,5.835359,17.037691,12.164641,67.581340,0.014142|1.240820,5.835359,17.037598,12.164641,67.581337,0.014142
 64|1.260639,5.493751,17.141141|1.260821,5.493483,17.151043,12.506517,69.480650,0.014142|1.260819,5.493484,17.150948,12.506516,69.480646,0.014142
 65|1.280649,5.149677,17.247632|1.280821,5.149408,17.257532,12.850592,71.392179,0.014142|1.280819,5.149408,17.257434,12.850592,71.392176,0.014142
 66|1.300659,4.803542,17.347218|1.300821,4.803271,17.357116,13.196729,73.315163,0.014142|1.300819,4.803271,17.357015,13.196729,73.315159,0.014142
 67|1.320670,4.455483,17.439859|1.320820,4.455210,17.449753,13.544790,75.248831,0.014142|1.320819,4.455211,17.449650,13.544789,75.248827,0.014142
 68|1.340680,4.105640,17.525516|1.340820,4.105366,17.535408,13.894634,77.192410,0.014142|1.340818,4.105367,17.535302,13.894633,77.192406,0.014142
 69|1.360690,3.754153,17.604157|1.360819,3.753878,17.614046,14.246122,79.145120,0.014142|1.360818,3.753879,17.613937,14.246121,79.145116,0.014142
 70|1.380700,3.401164,17.675749|1.380819,3.400887,17.685635,14.599113,81.106181,0.014142|1.380818,3.400888,17.685523,14.599112,81.106176,0.014142
 71|1.400710,3.046812,17.740263|1.400818,3.046535,17.750147,14.953465,83.074807,0.014142|1.400817,3.046536,17.750033,14.953464,83.074802,0.014142
 72|1.420720,2.691240,17.797675|1.420818,2.690962,17.807556,15.309038,85.050209,0.014142|1.420817,2.690963,17.807439,15.309037,85.050204,0.014142
 73|1.440730,2.334591,17.847960|1.440817,2.334312,17.857839,15.665688,87.031598,0.014142|1.440816,2.334313,17.857719,15.665687,87.031592,0.014142
 74|1.460741,1.977008,17.891099|1.460816,1.976728,17.900975,16.023272,89.018178,0.014142|1.460815,1.976729,17.900852,16.023271,89.018172,0.014142
 75|1.480751,1.618632,17.927075|1.480815,1.618352,17.936948,16.381648,91.009156,0.014142|1.480815,1.618353,17.936823,16.381647,91.009150,0.014142
 76|1.500761,1.259609,17.955873|1.500815,1.259328,17.965744,16.740672,93.003734,0.014142|1.500814,1.259329,17.965615,16.740671,93.003727,0.014142
 77|1.520771,0.900081,17.977482|1.520814,0.899800,17.987350,17.100200,95.001113,0.014142|1.520814,0.899801,17.987218,17.100199,95.001105,0.014142
 78|1.540781,0.540193,17.991892|1.540813,0.539911,18.001757,17.460089,97.000493,0.014142|1.540813,0.539913,18.001623,17.460087,97.000485,0.014142
 79|1.560791,0.180088,17.999099|1.560812,0.179807,18.008961,17.820193,99.001075,0.014142|1.560812,0.179808,18.008824,17.820192,99.001067,0.014142
 80|1.580801,-0.180088,17.999099|1.580812,-0.180370,18.008959,17.819630,98.997944,0.014142|1.580812,-0.180369,18.008819,17.819631,98.997952,0.014142
 81|1.600812,-0.540193,17.991892|1.600811,-0.540475,18.001749,17.459525,96.997364,0.014142|1.600811,-0.540473,18.001606,17.459527,96.997373,0.014142
 82|1.620822,-0.900081,17.977482|1.620810,-0.900363,17.987336,17.099637,94.997986,0.014142|1.620810,-0.900361,17.987190,17.099639,94.997995,0.014142
 83|1.640832,-1.259609,17.955873|1.640809,-1.259890,17.965725,16.740110,93.000610,0.014142|1.640810,-1.259888,17.965576,16.740112,93.000620,0.014142
 84|1.660842,-1.618632,17.927075|1.660808,-1.618913,17.936924,16.381087,91.006037,0.014142|1.660809,-1.618911,17.936773,16.381089,91.006048,0.014142
 85|1.680852,-1.977008,17.891099|1.680808,-1.977288,17.900946,16.022712,89.015066,0.014142|1.680808,-1.977286,17.900791,16.022714,89.015076,0.014142
 86|1.700862,-2.334591,17.847960|1.700807,-2.334871,17.857804,15.665129,87.028492,0.014142|1.700808,-2.334869,17.857647,15.665131,87.028503,0.014142
 87|1.720872,-2.691240,17.797675|1.720806,-2.691520,17.807515,15.308480,85.047112,0.014142|1.720807,-2.691518,17.807356,15.308482,85.047124,0.014142
 88|1.740883,-3.046812,17.740263|1.740805,-3.047091,17.750101,14.952909,83.071719,0.014142|1.740807,-3.047088,17.749939,14.952912,83.071732,0.014142
 89|1.760893,-3.401164,17.675749|1.760805,-3.401441,17.685584,14.598559,81.103104,0.014142|1.760806,-3.401439,17.685419,14.598561,81.103118,0.014142
 90|1.780903,-3.754153,17.604157|1.780804,-3.754430,17.613990,14.245570,79.142056,0.014142|1.780806,-3.754428,17.613821,14.245572,79.142069,0.014142
 91|1.800913,-4.105640,17.525516|1.800803,-4.105916,17.535347,13.894084,77.189358,0.014142|1.800805,-4.105913,17.535175,13.894087,77.189373,0.014142
 92|1.820923,-4.455483,17.439859|1.820803,-4.455757,17.449686,13.544243,75.245794,0.014142|1.820805,-4.455754,17.449513,13.544246,75.245809,0.014142
 93|1.840933,-4.803542,17.347218|1.840802,-4.803815,17.357044,13.196185,73.312141,0.014142|1.840805,-4.803812,17.356867,13.196188,73.312157,0.014142
 94|1.860943,-5.149677,17.247632|1.860802,-5.149949,17.257455,12.850051,71.389174,0.014142|1.860805,-5.149946,17.257276,12.850054,71.389190,0.014142
 95|1.880954,-5.493751,17.141141|1.880801,-5.494021,17.150961,12.505979,69.477662,0.014142|1.880804,-5.494018,17.150778,12.505982,69.477679,0.014142
 96|1.900964,-5.835625,17.027786|1.900801,-5.835893,17.037603,12.164107,67.578371,0.014142|1.900804,-5.835890,17.037418,12.164110,67.578389,0.014142
 97|1.920974,-6.175162,16.907613|1.920801,-6.175429,16.917428,11.824571,65.692061,0.014142|1.920804,-6.175426,16.917240,11.824574,65.692080,0.014142
 98|1.940984,-6.512227,16.780670|1.940801,-6.512492,16.790483,11.487508,63.819488,0.014142|1.940804,-6.512489,16.790292,11.487511,63.819508,0.014142
 99|1.960994,-6.846685,16.647009|1.960800,-6.846948,16.656819,11.153052,61.961402,0.014142|1.960804,-6.846944,16.656626,11.153056,61.961422,0.014142
100|1.981004,-7.178401,16.506682|1.980800,-7.178662,16.516490,10.821338,60.118546,0.014142|1.980805,-7.178658,16.516294,10.821342,60.118567,0.014142
101|2.001014,-7.507243,16.359747|2.000800,-7.507502,16.369552,10.492498,58.291658,0.014142|2.000805,-7.507498,16.369353,10.492502,58.291679,0.014142
102|2.021025,-7.833079,16.206260|2.020801,-7.833336,16.216063,10.166664,56.481469,0.014142|2.020805,-7.833331,16.215862,10.166669,56.481492,0.014142
103|2.041035,-8.155779,16.046285|2.040801,-8.156033,16.056086,9.843967,54.688705,0.014142|2.040806,-8.156029,16.055882,9.843971,54.688729,0.014142
104|2.061045,-8.475213,15.879886|2.060801,-8.475465,15.889684,9.524535,52.914084,0.014142|2.060806,-8.475461,15.889477,9.524539,52.914108,0.014142
105|2.081055,-8.791254,15.707128|2.080801,-8.791503,15.716923,9.208497,51.158315,0.014142|2.080807,-8.791499,15.716714,9.208501,51.158340,0.014142
106|2.101065,-9.103775,15.528081|2.100802,-9.104022,15.537874,8.895978,49.422102,0.014142|2.100808,-9.104017,15.537663,8.895983,49.422128,0.014142
107|2.121075,-9.412651,15.342816|2.120803,-9.412895,15.352607,8.587105,47.706140,0.014142|2.120809,-9.412890,15.352393,8.587110,47.706167,0.014142
108|2.141085,-9.717758,15.151409|2.140803,-9.717999,15.161198,8.282001,46.011116,0.014142|2.140810,-9.717994,15.160981,8.282006,46.011144,0.014142
109|2.161096,-10.018974,14.953935|2.160804,-10.019213,14.963721,7.980787,44.337708,0.014142|2.160811,-10.019207,14.963503,7.980793,44.337737,0.014142
110|2.181106,-10.316179,14.750473|2.180805,-10.316414,14.760258,7.683586,42.686588,0.014142|2.180812,-10.316409,14.760037,7.683591,42.686618,0.014142
111|2.201116,-10.609253,14.541106|2.200806,-10.609485,14.550888,7.390515,41.058415,0.014142|2.200813,-10.609480,14.550665,7.390520,41.058446,0.014142
112|2.221126,-10.898079,14.325916|2.220807,-10.898308,14.335697,7.101692,39.453842,0.014142|2.220815,-10.898303,14.335471,7.101697,39.453874,0.014142
113|2.241136,-11.182542,14.104991|2.240809,-11.182768,14.114769,6.817232,37.873511,0.014142|2.240816,-11.182762,14.114541,6.817238,37.873544,0.014142
114|2.261146,-11.462527,13.878417|2.260810,-11.462750,13.888194,6.537250,36.318055,0.014142|2.260818,-11.462744,13.887963,6.537256,36.318090,0.014142
115|2.281156,-11.737923,13.646288|2.280812,-11.738143,13.656062,6.261857,34.788097,0.014142|2.280820,-11.738136,13.655829,6.261864,34.788132,0.014142
116|2.301167,-12.008619,13.408694|2.300813,-12.008835,13.418466,5.991165,33.284249,0.014142|2.300822,-12.008829,13.418231,5.991171,33.284286,0.014142
117|2.321177,-12.274507,13.165731|2.320815,-12.274720,13.175502,5.725280,31.807114,0.014142|2.320824,-12.274713,13.175264,5.725287,31.807151,0.014142
118|2.341187,-12.535480,12.917497|2.340817,-12.535689,12.927266,5.464311,30.357282,0.014142|2.340826,-12.535682,12.927026,5.464318,30.357321,0.014142
119|2.361197,-12.791434,12.664091|2.360820,-12.791640,12.673858,5.208360,28.935335,0.014142|2.360829,-12.791632,12.673616,5.208368,28.935375,0.014142
120|2.381207,-13.042267,12.405615|2.380822,-13.042469,12.415379,4.957531,27.541841,0.014142|2.380831,-13.042461,12.415136,4.957539,27.541883,0.014142
121|2.401217,-13.287878,12.142171|2.400824,-13.288075,12.151934,4.711925,26.177360,0.014142|2.400834,-13.288068,12.151688,4.711932,26.177402,0.014142
122|2.421227,-13.528168,11.873865|2.420827,-13.528362,11.883627,4.471638,24.842436,0.014142|2.420837,-13.528354,11.883379,4.471646,24.842480,0.014142
123|2.441238,-13.763041,11.600806|2.440830,-13.763231,11.610565,4.236769,23.537605,0.014142|2.440840,-13.763223,11.610316,4.236777,23.537650,0.014142
124|2.461248,-13.992404,11.323101|2.460833,-13.992590,11.332859,4.007410,22.263388,0.014142|2.460844,-13.992582,11.332608,4.007418,22.263435,0.014142
125|2.481258,-14.216165,11.040863|2.480836,-14.216347,11.050619,3.783653,21.020297,0.014142|2.480847,-14.216338,11.050366,3.783662,21.020345,0.014142
126|2.501268,-14.434233,10.754204|2.500839,-14.434411,10.763959,3.565589,19.808829,0.014142|2.500851,-14.434402,10.763704,3.565598,19.808878,0.014142
127|2.521278,-14.646523,10.463239|2.520843,-14.646696,10.472993,3.353304,18.629468,0.014142|2.520854,-14.646687,10.472736,3.353313,18.629519,0.014142
128|2.541288,-14.852947,10.168085|2.540847,-14.853116,10.177837,3.146884,17.482688,0.014142|2.540858,-14.853107,10.177579,3.146893,17.482740,0.014142
129|2.561298,-15.053425,9.868860|2.560851,-15.053590,9.878610,2.946410,16.368946,0.014142|2.560862,-15.053580,9.878350,2.946420,16.369000,0.014142
130|2.581309,-15.247876,9.565683|2.580855,-15.248036,9.575432,2.751964,15.288690,0.014142|2.580867,-15.248026,9.575170,2.751974,15.288745,0.014142
131|2.601319,-15.436221,9.258676|2.600859,-15.436377,9.268424,2.563623,14.242352,0.014142|2.600871,-15.436366,9.268161,2.563634,14.242408,0.014142
132|2.621329,-15.618386,8.947962|2.620863,-15.618537,8.957709,2.381463,13.230351,0.014142|2.620876,-15.618526,8.957444,2.381474,13.230408,0.014142
133|2.641339,-15.794297,8.633666|2.640868,-15.794444,8.643411,2.205556,12.253091,0.014142|2.640881,-15.794433,8.643144,2.205567,12.253150,0.014142
134|2.661349,-15.963884,8.315912|2.660873,-15.964026,8.325656,2.035974,11.310965,0.014142|2.660886,-15.964015,8.325388,2.035985,11.311025,0.014142
135|2.681359,-16.127080,7.994829|2.680878,-16.127217,8.004572,1.872783,10.404348,0.014142|2.680891,-16.127206,8.004303,1.872794,10.404410,0.014142
136|2.701369,-16.283818,7.670545|2.700883,-16.283951,7.680286,1.716049,9.533606,0.014142|2.700896,-16.283940,7.680016,1.716060,9.533669,0.014142
137|2.721380,-16.434037,7.343189|2.720889,-16.434165,7.352930,1.565835,8.699085,0.014142|2.720902,-16.434153,7.352658,1.565847,8.699150,0.014142
138|2.741390,-16.577675,7.012894|2.740894,-16.577798,7.022633,1.422202,7.901120,0.014142|2.740908,-16.577786,7.022361,1.422214,7.901187,0.014142
139|2.761400,-16.714676,6.679790|2.760900,-16.714794,6.689529,1.285206,7.140032,0.014142|2.760914,-16.714782,6.689255,1.285218,7.140100,0.014142
140|2.781410,-16.844985,6.344012|2.780906,-16.845098,6.353750,1.154902,6.416123,0.014142|2.780920,-16.845085,6.353475,1.154915,6.416193,0.014142
141|2.801420,-16.968549,6.005694|2.800912,-16.968657,6.015431,1.031343,5.729685,0.014142|2.800927,-16.968644,6.015155,1.031356,5.729756,0.014142
142|2.821430,-17.085318,5.664971|2.820919,-17.085422,5.674707,0.914578,5.080992,0.014142|2.820933,-17.085408,5.674430,0.914592,5.081064,0.014142
143|2.841440,-17.195247,5.321980|2.840926,-17.195345,5.331716,0.804655,4.470303,0.014142|2.840940,-17.195332,5.331438,0.804668,4.470378,0.014142
144|2.861451,-17.298291,4.976858|2.860932,-17.298384,4.986593,0.701616,3.897864,0.014142|2.860947,-17.298371,4.986314,0.701629,3.897940,0.014142
145|2.881461,-17.394409,4.629744|2.880940,-17.394497,4.639478,0.605503,3.363904,0.014142|2.880954,-17.394483,4.639198,0.605517,3.363981,0.014142
146|2.901471,-17.483563,4.280776|2.900947,-17.483646,4.290509,0.516354,2.868636,0.014142|2.900962,-17.483631,4.290228,0.516369,2.868715,0.014142
147|2.921481,-17.565716,3.930093|2.920954,-17.565794,3.939826,0.434206,2.412258,0.014142|2.920969,-17.565779,3.939545,0.434221,2.412339,0.014142
148|2.941491,-17.640836,3.577838|2.940962,-17.640908,3.587570,0.359092,1.994954,0.014142|2.940977,-17.640893,3.587288,0.359107,1.995036,0.014142
149|2.961501,-17.708892,3.224149|2.960970,-17.708960,3.233881,0.291040,1.616890,0.014142|2.960985,-17.708945,3.233598,0.291055,1.616974,0.014142
150|2.981511,-17.769858,2.869170|2.980978,-17.769921,2.878901,0.230079,1.278218,0.014142|2.980994,-17.769905,2.878618,0.230095,1.278304,0.014142
151|3.001522,-17.823710,2.513042|3.000987,-17.823767,2.522773,0.176233,0.979074,0.014142|3.001002,-17.823751,2.522489,0.176249,0.979161,0.014142
152|3.021532,-17.870424,2.155907|3.020995,-17.870476,2.165638,0.129524,0.719576,0.014142|3.021011,-17.870460,2.165354,0.129540,0.719665,0.014142
153|3.041542,-17.909984,1.797910|3.041004,-17.910031,1.807640,0.089969,0.499830,0.014142|3.041020,-17.910014,1.807356,0.089986,0.499921,0.014142
154|3.061552,-17.942372,1.439193|3.061013,-17.942414,1.448923,0.057586,0.319923,0.014142|3.061029,-17.942397,1.448638,0.057603,0.320015,0.014142
155|3.081562,-17.967577,1.079899|3.081023,-17.967613,1.089629,0.032387,0.179927,0.014142|3.081039,-17.967596,1.089344,0.032404,0.180021,0.014142
156|3.101572,-17.985587,0.720173|3.101032,-17.985618,0.729903,0.014382,0.079898,0.014142|3.101048,-17.985601,0.729618,0.014399,0.079993,0.014142
157|3.121583,-17.996396,0.360159|3.121042,-17.996422,0.369888,0.003578,0.019876,0.014142|3.121058,-17.996405,0.369603,0.003595,0.019973,0.014142
158|3.141593,-18.000000,0.000000|3.141052,-18.000021,0.009730,0.000021,0.000114,0.014142|3.141068,-18.000003,0.009445,0.000003,0.000015,0.014142
159|3.161603,-17.996396,-0.360159|3.161062,-17.996412,-0.350429,0.003588,0.019935,0.014142|3.161078,-17.996394,-0.350714,0.003606,0.020035,0.014142
160|3.181613,-17.985587,-0.720173|3.181073,-17.985597,-0.710443,0.014403,0.080015,0.014142|3.181089,-17.985579,-0.710728,0.014421,0.080117,0.014142
161|3.201623,-17.967577,-1.079899|3.201083,-17.967582,-1.070169,0.032418,0.180102,0.014142|3.201099,-17.967563,-1.070454,0.032437,0.180206,0.014142
162|3.221633,-17.942372,-1.439193|3.221094,-17.942372,-1.429463,0.057628,0.320156,0.014142|3.221110,-17.942353,-1.429747,0.057647,0.320262,0.014142
163|3.241643,-17.909984,-1.797910|3.241106,-17.909978,-1.788180,0.090022,0.500122,0.014142|3.241121,-17.909959,-1.788464,0.090041,0.500229,0.014142
164|3.261654,-17.870424,-2.155907|3.261117,-17.870413,-2.146177,0.129587,0.719926,0.014142|3.261133,-17.870394,-2.146461,0.129606,0.720035,0.014142
165|3.281664,-17.823710,-2.513042|3.281128,-17.823693,-2.503311,0.176307,0.979481,0.014142|3.281144,-17.823674,-2.503594,0.176326,0.979591,0.014142
166|3.301674,-17.769858,-2.869170|3.301140,-17.769837,-2.859439,0.230163,1.278684,0.014142|3.301156,-17.769817,-2.859721,0.230183,1.278795,0.014142
167|3.321684,-17.708892,-3.224149|3.321152,-17.708866,-3.214417,0.291134,1.617413,0.014142|3.321168,-17.708845,-3.214700,0.291155,1.617527,0.014142
168|3.341694,-17.640836,-3.577838|3.341165,-17.640804,-3.568105,0.359196,1.995534,0.014142|3.341180,-17.640783,-3.568387,0.359217,1.995649,0.014142
169|3.361704,-17.565716,-3.930093|3.361177,-17.565679,-3.920361,0.434321,2.412896,0.014142|3.361192,-17.565658,-3.920642,0.434342,2.413012,0.014142
170|3.381714,-17.483563,-4.280776|3.381190,-17.483521,-4.271042,0.516479,2.869330,0.014142|3.381205,-17.483499,-4.271323,0.516501,2.869448,0.014142
171|3.401725,-17.394409,-4.629744|3.401203,-17.394362,-4.620010,0.605638,3.364655,0.014142|3.401218,-17.394341,-4.620290,0.605659,3.364775,0.014142
172|3.421735,-17.298291,-4.976858|3.421216,-17.298239,-4.967124,0.701761,3.898672,0.014142|3.421231,-17.298217,-4.967403,0.701783,3.898793,0.014142
173|3.441745,-17.195247,-5.321980|3.441229,-17.195190,-5.312245,0.804810,4.471167,0.014142|3.441244,-17.195168,-5.312523,0.804832,4.471290,0.014142
174|3.461755,-17.085318,-5.664971|3.461243,-17.085256,-5.655235,0.914744,5.081911,0.014142|3.461258,-17.085234,-5.655512,0.914766,5.082035,0.014142
175|3.481765,-16.968549,-6.005694|3.481256,-16.968481,-5.995957,1.031519,5.730659,0.014142|3.481271,-16.968459,-5.996233,1.031541,5.730785,0.014142
176|3.501775,-16.844985,-6.344012|3.501270,-16.844913,-6.334274,1.155087,6.417152,0.014142|3.501285,-16.844890,-6.334549,1.155110,6.417280,0.014142
177|3.521785,-16.714676,-6.679790|3.521284,-16.714599,-6.670051,1.285401,7.141115,0.014142|3.521299,-16.714576,-6.670326,1.285424,7.141244,0.014142
178|3.541796,-16.577675,-7.012894|3.541299,-16.577594,-7.003154,1.422406,7.902258,0.014142|3.541313,-16.577570,-7.003427,1.422430,7.902389,0.014142
179|3.561806,-16.434037,-7.343189|3.561313,-16.433950,-7.333448,1.566050,8.700276,0.014142|3.561328,-16.433926,-7.333720,1.566074,8.700408,0.014142
180|3.581816,-16.283818,-7.670545|3.581328,-16.283727,-7.660803,1.716273,9.534850,0.014142|3.581342,-16.283703,-7.661073,1.716297,9.534984,0.014142
181|3.601826,-16.127080,-7.994829|3.601343,-16.126984,-7.985086,1.873016,10.405645,0.014142|3.601357,-16.126959,-7.985355,1.873041,10.405781,0.014142
182|3.621836,-15.963884,-8.315912|3.621358,-15.963784,-8.306168,2.036216,11.312314,0.014142|3.621372,-15.963759,-8.306436,2.036241,11.312450,0.014142
183|3.641846,-15.794297,-8.633666|3.641374,-15.794191,-8.623920,2.205809,12.254492,0.014142|3.641388,-15.794167,-8.624187,2.205833,12.254630,0.014142
184|3.661856,-15.618386,-8.947962|3.661389,-15.618276,-8.938215,2.381724,13.231802,0.014142|3.661403,-15.618250,-8.938481,2.381750,13.231942,0.014142
185|3.681867,-15.436221,-9.258676|3.681405,-15.436106,-9.248928,2.563894,14.243854,0.014142|3.681419,-15.436081,-9.249192,2.563919,14.243995,0.014142
186|3.701877,-15.247876,-9.565683|3.701421,-15.247756,-9.555934,2.752244,15.290242,0.014142|3.701434,-15.247731,-9.556196,2.752269,15.290385,0.014142
187|3.721887,-15.053425,-9.868860|3.721437,-15.053301,-9.859109,2.946699,16.370547,0.014142|3.721450,-15.053276,-9.859369,2.946724,16.370691,0.014142
188|3.741897,-14.852947,-10.168085|3.741454,-14.852819,-10.158333,3.147181,17.484337,0.014142|3.741466,-14.852793,-10.158592,3.147207,17.484482,0.014142
189|3.761907,-14.646523,-10.463239|3.761470,-14.646390,-10.453486,3.353610,18.631165,0.014142|3.761483,-14.646364,-10.453743,3.353636,18.631312,0.014142
190|3.781917,-14.434233,-10.754204|3.781487,-14.434097,-10.744449,3.565903,19.810573,0.014142|3.781499,-14.434070,-10.744704,3.565930,19.810721,0.014142
191|3.801927,-14.216165,-11.040863|3.801504,-14.216024,-11.031106,3.783976,21.022088,0.014142|3.801516,-14.215997,-11.031360,3.784003,21.022237,0.014142
192|3.821938,-13.992404,-11.323101|3.821521,-13.992260,-11.313343,4.007740,22.265225,0.014142|3.821533,-13.992232,-11.313595,4.007768,22.265375,0.014142
193|3.841948,-13.763041,-11.600806|3.841538,-13.762892,-11.591046,4.237108,23.539486,0.014142|3.841550,-13.762865,-11.591295,4.237135,23.539638,0.014142
194|3.861958,-13.528168,-11.873865|3.861556,-13.528015,-11.864104,4.471985,24.844362,0.014142|3.861567,-13.527987,-11.864351,4.472013,24.844515,0.014142
195|3.881968,-13.287878,-12.142171|3.881573,-13.287721,-12.132407,4.712279,26.179329,0.014142|3.881584,-13.287693,-12.132653,4.712307,26.179483,0.014142
196|3.901978,-13.042267,-12.405615|3.901591,-13.042106,-12.395849,4.957894,27.543854,0.014142|3.901602,-13.042078,-12.396093,4.957922,27.544009,0.014142
197|3.921988,-12.791434,-12.664091|3.921609,-12.791270,-12.654324,5.208730,28.937389,0.014142|3.921620,-12.791242,-12.654566,5.208758,28.937545,0.014142
198|3.941998,-12.535480,-12.917497|3.941627,-12.535312,-12.907728,5.464688,30.359377,0.014142|3.941637,-12.535284,-12.907968,5.464716,30.359535,0.014142
199|3.962009,-12.274507,-13.165731|3.961645,-12.274335,-13.155960,5.725665,31.809249,0.014142|3.961655,-12.274307,-13.156198,5.725693,31.809408,0.014142
200|3.982019,-12.008619,-13.408694|3.981664,-12.008444,-13.398921,5.991556,33.286424,0.014142|3.981674,-12.008415,-13.399157,5.991585,33.286584,0.014142
201|4.002029,-11.737923,-13.646288|4.001682,-11.737744,-13.636513,6.262256,34.790310,0.014142|4.001692,-11.737715,-13.636746,6.262285,34.790471,0.014142
202|4.022039,-11.462527,-13.878417|4.021701,-11.462345,-13.868641,6.537655,36.320306,0.014142|4.021710,-11.462316,-13.868872,6.537684,36.320468,0.014142
203|4.042049,-11.182542,-14.104991|4.041720,-11.182356,-14.095212,6.817644,37.875798,0.014142|4.041729,-11.182327,-14.095441,6.817673,37.875962,0.014142
204|4.062059,-10.898079,-14.325916|4.061739,-10.897890,-14.316135,7.102110,39.456165,0.014142|4.061747,-10.897861,-14.316362,7.102139,39.456329,0.014142
205|4.082069,-10.609253,-14.541106|4.081758,-10.609061,-14.531323,7.390939,41.060773,0.014142|4.081766,-10.609031,-14.531547,7.390969,41.060938,0.014142
206|4.102080,-10.316179,-14.750473|4.101777,-10.315984,-14.740688,7.684016,42.688979,0.014142|4.101785,-10.315954,-14.740910,7.684046,42.689146,0.014142
207|4.122090,-10.018974,-14.953935|4.121796,-10.018776,-14.944147,7.981224,44.340133,0.014142|4.121804,-10.018746,-14.944367,7.981254,44.340300,0.014142
208|4.142100,-9.717758,-15.151409|4.141816,-9.717557,-15.141619,8.282443,46.013572,0.014142|4.141823,-9.717527,-15.141836,8.282473,46.013740,0.014142
209|4.162110,-9.412651,-15.342816|4.161835,-9.412447,-15.333025,8.587553,47.708627,0.014142|4.161843,-9.412417,-15.333239,8.587583,47.708796,0.014142
210|4.182120,-9.103775,-15.528081|4.181855,-9.103569,-15.518287,8.896431,49.424619,0.014142|4.181862,-9.103538,-15.518498,8.896462,49.424789,0.014142
211|4.202130,-8.791254,-15.707128|4.201874,-8.791045,-15.697331,9.208955,51.160861,0.014142|4.201882,-8.791014,-15.697541,9.208986,51.161032,0.014142
212|4.222140,-8.475213,-15.879886|4.221894,-8.475002,-15.870087,9.524998,52.916657,0.014142|4.221901,-8.474971,-15.870294,9.525029,52.916829,0.014142
213|4.242151,-8.155779,-16.046285|4.241914,-8.155565,-16.036485,9.844435,54.691306,0.014142|4.241921,-8.155534,-16.036689,9.844466,54.691479,0.014142
214|4.262161,-7.833079,-16.206260|4.261934,-7.832863,-16.196457,10.167137,56.484095,0.014142|4.261941,-7.832832,-16.196659,10.167168,56.484269,0.014142
215|4.282171,-7.507243,-16.359747|4.281955,-7.507024,-16.349941,10.492976,58.294308,0.014142|4.281961,-7.506993,-16.350140,10.493007,58.294483,0.014142
216|4.302181,-7.178401,-16.506682|4.301975,-7.178180,-16.496874,10.821820,60.121220,0.014142|4.301981,-7.178149,-16.497071,10.821851,60.121395,0.014142
217|4.322191,-6.846685,-16.647009|4.321995,-6.846462,-16.637199,11.153538,61.964099,0.014142|4.322001,-6.846431,-16.637392,11.153569,61.964275,0.014142
218|4.342201,-6.512227,-16.780670|4.342016,-6.512003,-16.770858,11.487997,63.822207,0.014142|4.342021,-6.511971,-16.771048,11.488029,63.822384,0.014142
219|4.362211,-6.175162,-16.907613|4.362036,-6.174936,-16.897798,11.825064,65.694800,0.014142|4.362041,-6.174904,-16.897986,11.825096,65.694977,0.014142
220|4.382222,-5.835625,-17.027786|4.382057,-5.835397,-17.017968,12.164603,67.581129,0.014142|4.382062,-5.835365,-17.018153,12.164635,67.581307,0.014142
221|4.402232,-5.493751,-17.141141|4.402077,-5.493521,-17.131320,12.506479,69.480438,0.014142|4.402082,-5.493489,-17.131503,12.506511,69.480617,0.014142
222|4.422242,-5.149677,-17.247632|4.422098,-5.149446,-17.237810,12.850554,71.391966,0.014142|4.422103,-5.149414,-17.237989,12.850586,71.392146,0.014142
223|4.442252,-4.803542,-17.347218|4.442119,-4.803309,-17.337393,13.196691,73.314949,0.014142|4.442123,-4.803277,-17.337570,13.196723,73.315130,0.014142
224|4.462262,-4.455483,-17.439859|4.462140,-4.455249,-17.430031,13.544751,75.248617,0.014142|4.462144,-4.455216,-17.430205,13.544784,75.248798,0.014142
225|4.482272,-4.105640,-17.525516|4.482160,-4.105405,-17.515686,13.894595,77.192195,0.014142|4.482164,-4.105372,-17.515857,13.894628,77.192376,0.014142
226|4.502282,-3.754153,-17.604157|4.502181,-3.753917,-17.594323,14.246083,79.144904,0.014142|4.502185,-3.753884,-17.594492,14.246116,79.145086,0.014142
227|4.522293,-3.401164,-17.675749|4.522202,-3.400926,-17.665913,14.599074,81.105964,0.014142|4.522206,-3.400894,-17.666078,14.599106,81.106147,0.014142
228|4.542303,-3.046812,-17.740263|4.542223,-3.046574,-17.730425,14.953426,83.074589,0.014142|4.542227,-3.046541,-17.730588,14.953459,83.074772,0.014142
229|4.562313,-2.691240,-17.797675|4.562244,-2.691002,-17.787834,15.308998,85.049991,0.014142|4.562247,-2.690969,-17.787994,15.309031,85.050174,0.014142
230|4.582323,-2.334591,-17.847960|4.582265,-2.334352,-17.838116,15.665648,87.031378,0.014142|4.582268,-2.334319,-17.838274,15.665681,87.031562,0.014142
231|4.602333,-1.977008,-17.891099|4.602286,-1.976768,-17.881253,16.023232,89.017958,0.014142|4.602289,-1.976734,-17.881407,16.023266,89.018143,0.014142
232|4.622343,-1.618632,-17.927075|4.622307,-1.618392,-17.917226,16.381608,91.008935,0.014142|4.622310,-1.618358,-17.917378,16.381642,91.009120,0.014142
233|4.642353,-1.259609,-17.955873|4.642329,-1.259368,-17.946021,16.740632,93.003512,0.014142|4.642331,-1.259334,-17.946170,16.740666,93.003697,0.014142
234|4.662364,-0.900081,-17.977482|4.662350,-0.899840,-17.967627,17.100160,95.000890,0.014142|4.662352,-0.899806,-17.967773,17.100194,95.001076,0.014142
235|4.682374,-0.540193,-17.991892|4.682371,-0.539951,-17.982035,17.460049,97.000270,0.014142|4.682373,-0.539918,-17.982178,17.460082,97.000456,0.014142
236|4.702384,-0.180088,-17.999099|4.702392,-0.179847,-17.989239,17.820153,99.000850,0.014142|4.702394,-0.179813,-17.989379,17.820187,99.001037,0.014142
237|4.722394,0.180088,-17.999099|4.722413,0.180330,-17.989236,17.819670,98.998169,0.014142|4.722415,0.180363,-17.989374,17.819637,98.997982,0.014142
238|4.742404,0.540193,-17.991892|4.742434,0.540434,-17.982027,17.459566,96.997590,0.014142|4.742436,0.540468,-17.982162,17.459532,96.997402,0.014142
239|4.762414,0.900081,-17.977482|4.762455,0.900322,-17.967614,17.099678,94.998212,0.014142|4.762457,0.900356,-17.967745,17.099644,94.998025,0.014142
240|4.782424,1.259609,-17.955873|4.782476,1.259849,-17.946003,16.740151,93.000838,0.014142|4.782478,1.259883,-17.946131,16.740117,93.000650,0.014142
241|4.802435,1.618632,-17.927075|4.802497,1.618872,-17.917202,16.381128,91.006266,0.014142|4.802499,1.618906,-17.917328,16.381094,91.006077,0.014142
242|4.822445,1.977008,-17.891099|4.822518,1.977247,-17.881223,16.022753,89.015295,0.014142|4.822519,1.977281,-17.881346,16.022719,89.015106,0.014142
243|4.842455,2.334591,-17.847960|4.842539,2.334830,-17.838081,15.665170,87.028722,0.014142|4.842540,2.334864,-17.838202,15.665136,87.028533,0.014142
244|4.862465,2.691240,-17.797675|4.862560,2.691478,-17.787793,15.308522,85.047343,0.014142|4.862561,2.691512,-17.787911,15.308488,85.047154,0.014142
245|4.882475,3.046812,-17.740263|4.882581,3.047049,-17.730379,14.952951,83.071951,0.014142|4.882582,3.047083,-17.730494,14.952917,83.071762,0.014142
246|4.902485,3.401164,-17.675749|4.902602,3.401399,-17.665862,14.598601,81.103337,0.014142|4.902603,3.401434,-17.665974,14.598566,81.103147,0.014142
247|4.922495,3.754153,-17.604157|4.922623,3.754388,-17.594267,14.245612,79.142289,0.014142|4.922623,3.754422,-17.594376,14.245578,79.142099,0.014142
248|4.942506,4.105640,-17.525516|4.942644,4.105873,-17.515624,13.894127,77.189592,0.014142|4.942644,4.105908,-17.515730,13.894092,77.189402,0.014142
249|4.962516,4.455483,-17.439859|4.962664,4.455715,-17.429964,13.544285,75.246029,0.014142|4.962665,4.455749,-17.430067,13.544251,75.245839,0.014142
250|4.982526,4.803542,-17.347218|4.982685,4.803772,-17.337321,13.196228,73.312377,0.014142|4.982685,4.803806,-17.337422,13.196194,73.312186,0.014142
251|5.002536,5.149677,-17.247632|5.002706,5.149906,-17.237732,12.850094,71.389410,0.014142|5.002706,5.149940,-17.237830,12.850060,71.389220,0.014142
252|5.022546,5.493751,-17.141141|5.022726,5.493978,-17.131238,12.506022,69.477899,0.014142|5.022726,5.494012,-17.131333,12.505988,69.477709,0.014142
253|5.042556,5.835625,-17.027786|5.042747,5.835850,-17.017880,12.164150,67.578609,0.014142|5.042747,5.835885,-17.017973,12.164115,67.578418,0.014142
254|5.062567,6.175162,-16.907613|5.062767,6.175386,-16.897705,11.824614,65.692301,0.014142|5.062767,6.175420,-16.897795,11.824580,65.692110,0.014142
255|5.082577,6.512227,-16.780670|5.082787,6.512449,-16.770760,11.487551,63.819729,0.014142|5.082787,6.512483,-16.770847,11.487517,63.819537,0.014142
256|5.102587,6.846685,-16.647009|5.102808,6.846904,-16.637096,11.153096,61.961643,0.014142|5.102808,6.846939,-16.637181,11.153061,61.961452,0.014142
257|5.122597,7.178401,-16.506682|5.122828,7.178618,-16.496767,10.821382,60.118788,0.014142|5.122828,7.178653,-16.496849,10.821347,60.118596,0.014142
258|5.142607,7.507243,-16.359747|5.142848,7.507458,-16.349828,10.492542,58.291901,0.014142|5.142848,7.507492,-16.349908,10.492508,58.291709,0.014142
259|5.162617,7.833079,-16.206260|5.162868,7.833292,-16.196340,10.166708,56.481713,0.014142|5.162868,7.833326,-16.196417,10.166674,56.481522,0.014142
260|5.182627,8.155779,-16.046285|5.182888,8.155989,-16.036362,9.844011,54.688950,0.014142|5.182888,8.156023,-16.036437,9.843977,54.688759,0.014142
261|5.202638,8.475213,-15.879886|5.202907,8.475421,-15.869960,9.524579,52.914329,0.014142|5.202907,8.475455,-15.870032,9.524545,52.914138,0.014142
262|5.222648,8.791254,-15.707128|5.222927,8.791459,-15.697199,9.208541,51.158562,0.014142|5.222927,8.791493,-15.697269,9.208507,51.158370,0.014142
263|5.242658,9.103775,-15.528081|5.242947,9.103977,-15.518150,8.896023,49.422350,0.014142|5.242946,9.104012,-15.518217,8.895988,49.422158,0.014142
264|5.262668,9.412651,-15.342816|5.262966,9.412850,-15.332883,8.587150,47.706389,0.014142|5.262966,9.412885,-15.332948,8.587115,47.706197,0.014142
265|5.282678,9.717758,-15.151409|5.282985,9.717954,-15.141473,8.282046,46.011366,0.014142|5.282985,9.717989,-15.141536,8.282011,46.011174,0.014142
266|5.302688,10.018974,-14.953935|5.303005,10.019167,-14.943997,7.980833,44.337959,0.014142|5.303004,10.019202,-14.944057,7.980798,44.337767,0.014142
267|5.322698,10.316179,-14.750473|5.323024,10.316369,-14.740533,7.683631,42.686840,0.014142|5.323023,10.316403,-14.740591,7.683597,42.686648,0.014142
268|5.342709,10.609253,-14.541106|5.343043,10.609440,-14.531164,7.390560,41.058668,0.014142|5.343042,10.609474,-14.531219,7.390526,41.058476,0.014142
269|5.362719,10.898079,-14.325916|5.363061,10.898263,-14.315972,7.101737,39.454096,0.014142|5.363061,10.898297,-14.316025,7.101703,39.453904,0.014142
270|5.382729,11.182542,-14.104991|5.383080,11.182722,-14.095044,6.817278,37.873766,0.014142|5.383080,11.182757,-14.095095,6.817243,37.873574,0.014142
271|5.402739,11.462527,-13.878417|5.403099,11.462704,-13.868469,6.537296,36.318312,0.014142|5.403098,11.462738,-13.868518,6.537262,36.318120,0.014142
272|5.422749,11.737923,-13.646288|5.423117,11.738096,-13.636337,6.261904,34.788355,0.014142|5.423117,11.738131,-13.636384,6.261869,34.788163,0.014142
273|5.442759,12.008619,-13.408694|5.443135,12.008789,-13.398741,5.991211,33.284508,0.014142|5.443135,12.008823,-13.398786,5.991177,33.284316,0.014142
274|5.462769,12.274507,-13.165731|5.463153,12.274673,-13.155776,5.725327,31.807374,0.014142|5.463153,12.274707,-13.155819,5.725293,31.807182,0.014142
275|5.482780,12.535480,-12.917497|5.483171,12.535642,-12.907540,5.464358,30.357543,0.014142|5.483171,12.535677,-12.907581,5.464323,30.357351,0.014142
276|5.502790,12.791434,-12.664091|5.503189,12.791592,-12.654132,5.208408,28.935597,0.014142|5.503189,12.791627,-12.654171,5.208373,28.935405,0.014142
277|5.522800,13.042267,-12.405615|5.523207,13.042421,-12.395654,4.957579,27.542105,0.014142|5.523207,13.042456,-12.395691,4.957544,27.541913,0.014142
278|5.542810,13.287878,-12.142171|5.543224,13.288028,-12.132208,4.711972,26.177625,0.014142|5.543224,13.288062,-12.132243,4.711938,26.177433,0.014142
279|5.562820,13.528168,-11.873865|5.563242,13.528314,-11.863901,4.471686,24.842702,0.014142|5.563242,13.528348,-11.863934,4.471652,24.842510,0.014142
280|5.582830,13.763041,-11.600806|5.583259,13.763183,-11.590839,4.236817,23.537872,0.014142|5.583259,13.763218,-11.590871,4.236782,23.537680,0.014142
281|5.602840,13.992404,-11.323101|5.603276,13.992542,-11.313133,4.007458,22.263657,0.014142|5.603276,13.992576,-11.313163,4.007424,22.263465,0.014142
282|5.622851,14.216165,-11.040863|5.623293,14.216298,-11.030893,3.783702,21.020567,0.014142|5.623293,14.216332,-11.030921,3.783668,21.020375,0.014142
283|5.642861,14.434233,-10.754204|5.643309,14.434362,-10.744232,3.565638,19.809100,0.014142|5.643309,14.434397,-10.744259,3.565603,19.808908,0.014142
284|5.662871,14.646523,-10.463239|5.663326,14.646647,-10.453266,3.353353,18.629741,0.014142|5.663326,14.646681,-10.453291,3.353319,18.629549,0.014142
285|5.682881,14.852947,-10.168085|5.683342,14.853067,-10.158110,3.146933,17.482962,0.014142|5.683342,14.853101,-10.158133,3.146899,17.482770,0.014142
286|5.702891,15.053425,-9.868860|5.703358,15.053540,-9.858883,2.946460,16.369222,0.014142|5.703358,15.053575,-9.858905,2.946425,16.369030,0.014142
287|5.722901,15.247876,-9.565683|5.723374,15.247986,-9.555705,2.752014,15.288967,0.014142|5.723374,15.248020,-9.555725,2.751980,15.288776,0.014142
288|5.742911,15.436221,-9.258676|5.743390,15.436326,-9.248696,2.563674,14.242631,0.014142|5.743390,15.436361,-9.248715,2.563639,14.242439,0.014142
289|5.762922,15.618386,-8.947962|5.763406,15.618487,-8.937981,2.381513,13.230630,0.014142|5.763406,15.618521,-8.937999,2.381479,13.230439,0.014142
290|5.782932,15.794297,-8.633666|5.783421,15.794393,-8.623683,2.205607,12.253372,0.014142|5.783421,15.794427,-8.623699,2.205573,12.253181,0.014142
291|5.802942,15.963884,-8.315912|5.803436,15.963976,-8.305928,2.036024,11.311247,0.014142|5.803436,15.964010,-8.305943,2.035990,11.311056,0.014142
292|5.822952,16.127080,-7.994829|5.823451,16.127166,-7.984844,1.872834,10.404633,0.014142|5.823451,16.127201,-7.984858,1.872799,10.404441,0.014142
293|5.842962,16.283818,-7.670545|5.843466,16.283900,-7.660558,1.716100,9.533891,0.014142|5.843466,16.283934,-7.660571,1.716066,9.533700,0.014142
294|5.862972,16.434037,-7.343189|5.863481,16.434113,-7.333202,1.565887,8.699372,0.014142|5.863481,16.434147,-7.333213,1.565853,8.699181,0.014142
295|5.882982,16.577675,-7.012894|5.883495,16.577746,-7.002905,1.422254,7.901409,0.014142|5.883495,16.577781,-7.002915,1.422219,7.901218,0.014142
296|5.902993,16.714676,-6.679790|5.903509,16.714742,-6.669801,1.285258,7.140322,0.014142|5.903510,16.714777,-6.669810,1.285223,7.140130,0.014142
297|5.923003,16.844985,-6.344012|5.923523,16.845045,-6.334022,1.154955,6.416415,0.014142|5.923524,16.845080,-6.334030,1.154920,6.416223,0.014142
298|5.943013,16.968549,-6.005694|5.943537,16.968604,-5.995702,1.031396,5.729978,0.014142|5.943538,16.968638,-5.995710,1.031362,5.729787,0.014142
299|5.963023,17.085318,-5.664971|5.963551,17.085368,-5.654979,0.914632,5.081286,0.014142|5.963551,17.085403,-5.654985,0.914597,5.081095,0.014142
300|5.983033,17.195247,-5.321980|5.983564,17.195292,-5.311987,0.804708,4.470600,0.014142|5.983565,17.195327,-5.311992,0.804673,4.470408,0.014142
301|6.003043,17.298291,-4.976858|6.003578,17.298331,-4.966864,0.701669,3.898162,0.014142|6.003578,17.298365,-4.966869,0.701635,3.897971,0.014142
302|6.023053,17.394409,-4.629744|6.023591,17.394443,-4.619749,0.605557,3.364203,0.014142|6.023591,17.394478,-4.619753,0.605522,3.364012,0.014142
303|6.043064,17.483563,-4.280776|6.043603,17.483591,-4.270780,0.516409,2.868937,0.014142|6.043604,17.483626,-4.270783,0.516374,2.868745,0.014142
304|6.063074,17.565716,-3.930093|6.063616,17.565739,-3.920097,0.434261,2.412561,0.014142|6.063616,17.565773,-3.920100,0.434227,2.412369,0.014142
305|6.083084,17.640836,-3.577838|6.083628,17.640854,-3.567841,0.359146,1.995258,0.014142|6.083629,17.640888,-3.567843,0.359112,1.995067,0.014142
306|6.103094,17.708892,-3.224149|6.103641,17.708905,-3.214152,0.291095,1.617196,0.014142|6.103641,17.708939,-3.214153,0.291061,1.617005,0.014142
307|6.123104,17.769858,-2.869170|6.123653,17.769865,-2.859172,0.230135,1.278526,0.014142|6.123653,17.769900,-2.859173,0.230100,1.278334,0.014142
308|6.143114,17.823710,-2.513042|6.143664,17.823711,-2.503043,0.176289,0.979383,0.014142|6.143665,17.823746,-2.503044,0.176254,0.979192,0.014142
309|6.163124,17.870424,-2.155907|6.163676,17.870420,-2.145909,0.129580,0.719887,0.014142|6.163676,17.870455,-2.145909,0.129545,0.719696,0.014142
310|6.183135,17.909984,-1.797910|6.183687,17.909974,-1.787911,0.090026,0.500142,0.014142|6.183687,17.910009,-1.787911,0.089991,0.499951,0.014142
311|6.203145,17.942372,-1.439193|6.203698,17.942357,-1.429193,0.057643,0.320237,0.014142|6.203699,17.942392,-1.429193,0.057608,0.320046,0.014142
312|6.223155,17.967577,-1.079899|6.223709,17.967556,-1.069900,0.032444,0.180243,0.014142|6.223709,17.967591,-1.069899,0.032409,0.180051,0.014142
313|6.243165,17.985587,-0.720173|6.243720,17.985561,-0.710173,0.014439,0.080215,0.014142|6.243720,17.985596,-0.710173,0.014404,0.080024,0.014142
314|6.263175,17.996396,-0.360159|6.263731,17.996365,-0.350159,0.003635,0.020195,0.014142|6.263731,17.996399,-0.350158,0.003601,0.020004,0.014142
