OneBody4_E-0.25_plotinterval0.100_ecc0.0_RK4.txt
initial value : [x, y, v_x, v_y] = [18.00,0.00,0.00,0.71] , numerical interval dt = 0.02000 , [M, m] = [ 9, 1]

num|given_position|geodesic|newtonian
num| degree1, x1, y1 | degree2, x2, y2, simple error, relative error, d(rho) | degree2, x2, y2, simple error, relative error, dt
  1|0.000000,18.000000,0.000000|0.005556,17.999722,0.099999,0.000278,0.001543,0.141421|0.005556,17.999722,0.099999,0.000278,0.001543,0.141421
  2|0.020010,17.996396,0.360159|0.025565,17.995563,0.460153,0.004437,0.024649,0.141421|0.025565,17.995563,0.460151,0.004437,0.024649,0.141421
  3|0.040020,17.985587,0.720173|0.045573,17.984199,0.820155,0.015801,0.087785,0.141421|0.045572,17.984199,0.820147,0.015801,0.087784,0.141421
  4|0.060030,17.967577,1.079899|0.065579,17.965634,1.179862,0.034366,0.190925,0.141421|0.065578,17.965634,1.179844,0.034366,0.190923,0.141421
  5|0.080041,17.942372,1.439193|0.085584,17.939875,1.539129,0.060125,0.334028,0.141421|0.085582,17.939875,1.539097,0.060125,0.334026,0.141421
  6|0.100051,17.909984,1.797910|0.105588,17.906933,1.897813,0.093067,0.517038,0.141421|0.105585,17.906934,1.897763,0.093066,0.517034,0.141421
  7|0.120061,17.870424,2.155907|0.125590,17.866822,2.255770,0.133178,0.739880,0.141421|0.125586,17.866823,2.255698,0.133177,0.739875,0.141421
  8|0.140071,17.823710,2.513042|0.145591,17.819556,2.612857,0.180444,1.002466,0.141421|0.145586,17.819557,2.612759,0.180443,1.002459,0.141421
  9|0.160081,17.769858,2.869170|0.165591,17.765156,2.968931,0.234844,1.304690,0.141421|0.165584,17.765158,2.968802,0.234842,1.304680,0.141421
 10|0.180091,17.708892,3.224149|0.185589,17.703642,3.323849,0.296358,1.646432,0.141421|0.185580,17.703644,3.323686,0.296356,1.646419,0.141421
 11|0.200101,17.640836,3.577838|0.205586,17.635040,3.677469,0.364960,2.027554,0.141421|0.205575,17.635043,3.677268,0.364957,2.027539,0.141421
 12|0.220112,17.565716,3.930093|0.225581,17.559377,4.029650,0.440623,2.447904,0.141421|0.225568,17.559381,4.029407,0.440619,2.447886,0.141421
 13|0.240122,17.483563,4.280776|0.245575,17.476683,4.380250,0.523317,2.907314,0.141421|0.245560,17.476687,4.379961,0.523313,2.907292,0.141421
 14|0.260132,17.394409,4.629744|0.265568,17.386992,4.729130,0.613008,3.405600,0.141421|0.265550,17.386997,4.728790,0.613003,3.405574,0.141421
 15|0.280142,17.298291,4.976858|0.285559,17.290339,5.076149,0.709661,3.942562,0.141421|0.285538,17.290344,5.075755,0.709656,3.942531,0.141421
 16|0.300152,17.195247,5.321980|0.305549,17.186763,5.421169,0.813237,4.517986,0.141421|0.305525,17.186769,5.420717,0.813231,4.517950,0.141421
 17|0.320162,17.085318,5.664971|0.325538,17.076305,5.764052,0.923695,5.131640,0.141421|0.325511,17.076312,5.763537,0.923688,5.131599,0.141421
 18|0.340172,16.968549,6.005694|0.345525,16.959010,6.104660,1.040990,5.783280,0.141421|0.345495,16.959018,6.104079,1.040982,5.783233,0.141421
 19|0.360183,16.844985,6.344012|0.365511,16.834924,6.442857,1.165076,6.472644,0.141421|0.365477,16.834934,6.442205,1.165066,6.472591,0.141421
 20|0.380193,16.714676,6.679790|0.385496,16.704098,6.778507,1.295902,7.199457,0.141421|0.385458,16.704109,6.777781,1.295891,7.199397,0.141421
 21|0.400203,16.577675,7.012894|0.405479,16.566583,7.111477,1.433417,7.963428,0.141421|0.405437,16.566595,7.110672,1.433405,7.963359,0.141421
 22|0.420213,16.434037,7.343189|0.425461,16.422435,7.441633,1.577565,8.764250,0.141421|0.425415,16.422449,7.440745,1.577551,8.764173,0.141421
 23|0.440223,16.283818,7.670545|0.445441,16.271711,7.768843,1.728289,9.601604,0.141421|0.445392,16.271727,7.767868,1.728273,9.601518,0.141421
 24|0.460233,16.127080,7.994829|0.465420,16.114472,8.092976,1.885528,10.475153,0.141421|0.465367,16.114490,8.091910,1.885510,10.475057,0.141421
 25|0.480243,15.963884,8.315912|0.485398,15.950781,8.413902,2.049219,11.384549,0.141421|0.485341,15.950800,8.412740,2.049200,11.384442,0.141421
 26|0.500254,15.794297,8.633666|0.505375,15.780703,8.731493,2.219297,12.329428,0.141421|0.505313,15.780725,8.730231,2.219275,12.329308,0.141421
 27|0.520264,15.618386,8.947962|0.525350,15.604306,9.045621,2.395694,13.309410,0.141421|0.525284,15.604330,9.044256,2.395670,13.309277,0.141421
 28|0.540274,15.436221,9.258676|0.545324,15.421661,9.356161,2.578339,14.324104,0.141421|0.545253,15.421688,9.354688,2.578312,14.323957,0.141421
 29|0.560284,15.247876,9.565683|0.565296,15.232841,9.662989,2.767159,15.373104,0.141421|0.565221,15.232871,9.661404,2.767129,15.372942,0.141421
 30|0.580294,15.053425,9.868860|0.585268,15.037922,9.965982,2.962078,16.455990,0.141421|0.585188,15.037954,9.964281,2.962046,16.455810,0.141421
 31|0.600304,14.852947,10.168085|0.605238,14.836981,10.265018,3.163019,17.572329,0.141421|0.605153,14.837017,10.263196,3.162983,17.572130,0.141421
 32|0.620314,14.646523,10.463239|0.625206,14.630099,10.559978,3.369901,18.721673,0.141421|0.625118,14.630138,10.558032,3.369862,18.721453,0.141421
 33|0.640325,14.434233,10.754204|0.645174,14.417359,10.850744,3.582641,19.903562,0.141421|0.645080,14.417402,10.848669,3.582598,19.903320,0.141421
 34|0.660335,14.216165,11.040863|0.665140,14.198846,11.137199,3.801154,21.117524,0.141421|0.665042,14.198894,11.134991,3.801106,21.117258,0.141421
 35|0.680345,13.992404,11.323101|0.685105,13.974647,11.419229,4.025353,22.363073,0.141421|0.685002,13.974700,11.416884,4.025300,22.362780,0.141421
 36|0.700355,13.763041,11.600806|0.705068,13.744852,11.696722,4.255148,23.639710,0.141421|0.704961,13.744910,11.694235,4.255090,23.639388,0.141421
 37|0.720365,13.528168,11.873865|0.725030,13.509554,11.969565,4.490446,24.946924,0.141421|0.724919,13.509617,11.966932,4.490383,24.946570,0.141421
 38|0.740375,13.287878,12.142171|0.744991,13.268846,12.237650,4.731154,26.284191,0.141421|0.744875,13.268915,12.234867,4.731085,26.283804,0.141421
 39|0.760385,13.042267,12.405615|0.764951,13.022824,12.500869,4.977176,27.650978,0.141421|0.764831,13.022900,12.497932,4.977100,27.650554,0.141421
 40|0.780396,12.791434,12.664091|0.784910,12.771587,12.759118,5.228413,29.046736,0.141421|0.784785,12.771671,12.756022,5.228329,29.046272,0.141421
 41|0.800406,12.535480,12.917497|0.804867,12.515237,13.012292,5.484763,30.470908,0.141421|0.804738,12.515328,13.009033,5.484672,30.470400,0.141421
 42|0.820416,12.274507,13.165731|0.824823,12.253874,13.260291,5.746126,31.922922,0.141421|0.824690,12.253974,13.256865,5.746026,31.922368,0.141421
 43|0.840426,12.008619,13.408694|0.844778,11.987604,13.503016,6.012396,33.402199,0.141421|0.844641,11.987713,13.499418,6.012287,33.401594,0.141421
 44|0.860436,11.737923,13.646288|0.864732,11.716534,13.740368,6.283466,34.908145,0.141421|0.864591,11.716653,13.736595,6.283347,34.907486,0.141421
 45|0.880446,11.462527,13.878417|0.884684,11.440771,13.972254,6.559229,36.440159,0.141421|0.884540,11.440901,13.968300,6.559099,36.439441,0.141421
 46|0.900456,11.182542,14.104991|0.904636,11.160427,14.198580,6.839573,37.997627,0.141421|0.904488,11.160568,14.194442,6.839432,37.996845,0.141421
 47|0.920467,10.898079,14.325916|0.924586,10.875613,14.419256,7.124387,39.579925,0.141421|0.924435,10.875766,14.414930,7.124234,39.579076,0.141421
 48|0.940477,10.609253,14.541106|0.944535,10.586444,14.634193,7.413556,41.186421,0.141421|0.944380,10.586610,14.629675,7.413390,41.185500,0.141421
 49|0.960487,10.316179,14.750473|0.964482,10.293035,14.843306,7.706965,42.816472,0.141421|0.964325,10.293215,14.838591,7.706785,42.815473,0.141421
 50|0.980497,10.018974,14.953935|0.984429,9.995504,15.046511,8.004496,44.469425,0.141421|0.984269,9.995698,15.041595,8.004302,44.468343,0.141421
 51|1.000507,9.717758,15.151409|1.004375,9.693969,15.243726,8.306031,46.144619,0.141421|1.004213,9.694179,15.238605,8.305821,46.143447,0.141421
 52|1.020517,9.412651,15.342816|1.024319,9.388551,15.434874,8.611449,47.841383,0.141421|1.024155,9.388779,15.429543,8.611221,47.840117,0.141421
 53|1.040528,9.103775,15.528081|1.044262,9.079373,15.619876,8.920627,49.559038,0.141421|1.044096,9.079619,15.614332,8.920381,49.557671,0.141421
 54|1.060538,8.791254,15.707128|1.064205,8.766559,15.798660,9.233441,51.296897,0.141421|1.064037,8.766824,15.792899,9.233176,51.295422,0.141421
 55|1.080548,8.475213,15.879886|1.084146,8.450232,15.971153,9.549768,53.054265,0.141421|1.083977,8.450518,15.965170,9.549482,53.052676,0.141421
 56|1.100558,8.155779,16.046285|1.104086,8.130521,16.137287,9.869479,54.830437,0.141421|1.103916,8.130829,16.131079,9.869171,54.828727,0.141421
 57|1.120568,7.833079,16.206260|1.124025,7.807553,16.296995,10.192447,56.624704,0.141421|1.123854,7.807884,16.290557,10.192116,56.622865,0.141421
 58|1.140578,7.507243,16.359747|1.143963,7.481457,16.450214,10.518543,58.436347,0.141421|1.143792,7.481813,16.443542,10.518187,58.434371,0.141421
 59|1.160588,7.178401,16.506682|1.163900,7.152365,16.596881,10.847635,60.264642,0.141421|1.163729,7.152746,16.589973,10.847254,60.262521,0.141421
 60|1.180599,6.846685,16.647009|1.183836,6.820406,16.736939,11.179594,62.108856,0.141421|1.183666,6.820815,16.729789,11.179185,62.106582,0.141421
 61|1.200609,6.512227,16.780670|1.203771,6.485715,16.870331,11.514285,63.968251,0.141421|1.203601,6.486153,16.862936,11.513847,63.965816,0.141421
 62|1.220619,6.175162,16.907613|1.223705,6.148425,16.997004,11.851575,65.842084,0.141421|1.223537,6.148894,16.989361,11.851106,65.839478,0.141421
 63|1.240629,5.835625,17.027786|1.243638,5.808671,17.116908,12.191329,67.729604,0.141421|1.243471,5.809173,17.109011,12.190827,67.726819,0.141421
 64|1.260639,5.493751,17.141141|1.263570,5.466590,17.229993,12.533410,69.630057,0.141421|1.263405,5.467125,17.221841,12.532875,69.627083,0.141421
 65|1.280649,5.149677,17.247632|1.283501,5.122317,17.336216,12.877683,71.542681,0.141421|1.283339,5.122889,17.327804,12.877111,71.539508,0.141421
 66|1.300659,4.803542,17.347218|1.303432,4.775992,17.435534,13.224008,73.466711,0.141421|1.303272,4.776601,17.426858,13.223399,73.463329,0.141421
 67|1.320670,4.455483,17.439859|1.323361,4.427752,17.527906,13.572248,75.401378,0.141421|1.323205,4.428400,17.518963,13.571600,75.397776,0.141421
 68|1.340680,4.105640,17.525516|1.343290,4.077737,17.613296,13.922263,77.345907,0.141421|1.343138,4.078427,17.604083,13.921573,77.342074,0.141421
 69|1.360690,3.754153,17.604157|1.363218,3.726087,17.691670,14.273913,79.299519,0.141421|1.363070,3.726820,17.682183,14.273180,79.295445,0.141421
 70|1.380700,3.401164,17.675749|1.383145,3.372942,17.762997,14.627058,81.261434,0.141421|1.383001,3.373721,17.753233,14.626279,81.257107,0.141421
 71|1.400710,3.046812,17.740263|1.403071,3.018444,17.827247,14.981556,83.230865,0.141421|1.402933,3.019271,17.817203,14.980729,83.226274,0.141421
 72|1.420720,2.691240,17.797675|1.422996,2.662735,17.884396,15.337265,85.207025,0.141421|1.422864,2.663612,17.874068,15.336388,85.202158,0.141421
 73|1.440730,2.334591,17.847960|1.442921,2.305958,17.934420,15.694042,87.189123,0.141421|1.442795,2.306886,17.923805,15.693114,87.183968,0.141421
 74|1.460741,1.977008,17.891099|1.462845,1.948254,17.977299,16.051746,89.176366,0.141421|1.462726,1.949236,17.966395,16.050764,89.170909,0.141421
 75|1.480751,1.618632,17.927075|1.482768,1.589768,18.013016,16.410232,91.167958,0.141421|1.482656,1.590806,18.001820,16.409194,91.162188,0.141421
 76|1.500761,1.259609,17.955873|1.502690,1.230642,18.041558,16.769358,93.163103,0.141421|1.502586,1.231739,18.030067,16.768261,93.157005,0.141421
 77|1.520771,0.900081,17.977482|1.522612,0.871020,18.062912,17.128980,95.161001,0.141421|1.522517,0.872179,18.051123,17.127821,95.154564,0.141421
 78|1.540781,0.540193,17.991892|1.542533,0.511046,18.077070,17.488954,97.160854,0.141421|1.542447,0.512269,18.064981,17.487731,97.154063,0.141421
 79|1.560791,0.180088,17.999099|1.562454,0.150865,18.084026,17.849135,99.161861,0.141421|1.562377,0.152154,18.071634,17.847846,99.154702,0.141421
 80|1.580801,-0.180088,17.999099|1.582374,-0.209380,18.083778,17.790620,98.836779,0.141421|1.582307,-0.208023,18.071081,17.791977,98.844319,0.141421
 81|1.600812,-0.540193,17.991892|1.602294,-0.569544,18.076325,17.430456,96.835866,0.141421|1.602237,-0.568116,18.063321,17.431884,96.843803,0.141421
 82|1.620822,-0.900081,17.977482|1.622213,-0.929484,18.061671,17.070516,94.836202,0.141421|1.622167,-0.927981,18.048358,17.072019,94.844549,0.141421
 83|1.640832,-1.259609,17.955873|1.642131,-1.289054,18.039822,16.710946,92.838587,0.141421|1.642098,-1.287475,18.026197,16.712525,92.847359,0.141421
 84|1.660842,-1.618632,17.927075|1.662049,-1.648113,18.010786,16.351887,90.843819,0.141421|1.662028,-1.646454,17.996847,16.353546,90.853032,0.141421
 85|1.680852,-1.977008,17.891099|1.681967,-2.006514,17.974575,15.993486,88.852698,0.141421|1.681959,-2.004774,17.960321,15.995226,88.862366,0.141421
 86|1.700862,-2.334591,17.847960|1.701884,-2.364116,17.931203,15.635884,86.866021,0.141421|1.701889,-2.362291,17.916632,15.637709,86.876159,0.141421
 87|1.720872,-2.691240,17.797675|1.721801,-2.720775,17.880688,15.279225,84.884582,0.141421|1.721820,-2.718863,17.865799,15.281137,84.895206,0.141421
 88|1.740883,-3.046812,17.740263|1.741717,-3.076349,17.823050,14.923651,82.909174,0.141421|1.741751,-3.074346,17.807841,14.925654,82.920301,0.141421
 89|1.760893,-3.401164,17.675749|1.761633,-3.430694,17.758312,14.569306,80.940588,0.141421|1.761683,-3.428598,17.742782,14.571402,80.952233,0.141421
 90|1.780903,-3.754153,17.604157|1.781549,-3.783670,17.686501,14.216330,78.979612,0.141421|1.781614,-3.781478,17.670648,14.218522,78.991791,0.141421
 91|1.800913,-4.105640,17.525516|1.801465,-4.135134,17.607643,13.864866,77.027031,0.141421|1.801546,-4.132843,17.591468,13.867157,77.039759,0.141421
 92|1.820923,-4.455483,17.439859|1.821380,-4.484947,17.521773,13.515053,75.083625,0.141421|1.821479,-4.482554,17.505273,13.517446,75.096921,0.141421
 93|1.840933,-4.803542,17.347218|1.841296,-4.832969,17.428922,13.167031,73.150174,0.141421|1.841411,-4.830471,17.412098,13.169529,73.164052,0.141421
 94|1.860943,-5.149677,17.247632|1.861211,-5.179059,17.329130,12.820941,71.227450,0.141421|1.861345,-5.176453,17.311980,12.823547,71.241927,0.141421
 95|1.880954,-5.493751,17.141141|1.881126,-5.523080,17.222435,12.476920,69.316224,0.141421|1.881278,-5.520363,17.204960,12.479637,69.331317,0.141421
 96|1.900964,-5.835625,17.027786|1.901041,-5.864893,17.108881,12.135107,67.417259,0.141421|1.901212,-5.862063,17.091079,12.137937,67.432985,0.141421
 97|1.920974,-6.175162,16.907613|1.920956,-6.204363,16.988513,11.795637,65.531317,0.141421|1.921147,-6.201415,16.970385,11.798585,65.547692,0.141421
 98|1.940984,-6.512227,16.780670|1.940871,-6.541353,16.861379,11.458647,63.659152,0.141421|1.941082,-6.538285,16.842924,11.461715,63.676193,0.141421
 99|1.960994,-6.846685,16.647009|1.960786,-6.875728,16.727529,11.124272,61.801513,0.141421|1.961018,-6.872537,16.708749,11.127463,61.819237,0.141421
100|1.981004,-7.178401,16.506682|1.980701,-7.207354,16.587018,10.792646,59.959144,0.141421|1.980954,-7.204038,16.567913,10.795962,59.977567,0.141421
101|2.001014,-7.507243,16.359747|2.000616,-7.536099,16.439902,10.463901,58.132782,0.141421|2.000891,-7.532654,16.420472,10.467346,58.151922,0.141421
102|2.021025,-7.833079,16.206260|2.020531,-7.861831,16.286240,10.138169,56.323159,0.141421|2.020829,-7.858254,16.266485,10.141746,56.343032,0.141421
103|2.041035,-8.155779,16.046285|2.040447,-8.184420,16.126092,9.815580,54.530998,0.141421|2.040767,-8.180708,16.106014,9.819292,54.551620,0.141421
104|2.061045,-8.475213,15.879886|2.060363,-8.503737,15.959524,9.496263,52.757016,0.141421|2.060706,-8.499887,15.939123,9.500113,52.778406,0.141421
105|2.081055,-8.791254,15.707128|2.080279,-8.819654,15.786601,9.180346,51.001925,0.141421|2.080646,-8.815662,15.765879,9.184338,51.024098,0.141421
106|2.101065,-9.103775,15.528081|2.100195,-9.132043,15.607394,8.867957,49.266426,0.141421|2.100586,-9.127908,15.586352,8.872092,49.289399,0.141421
107|2.121075,-9.412651,15.342816|2.120112,-9.440782,15.421973,8.559218,47.551213,0.141421|2.120527,-9.436499,15.400613,8.563501,47.575003,0.141421
108|2.141085,-9.717758,15.151409|2.140029,-9.745745,15.230413,8.254255,45.856975,0.141421|2.140470,-9.741312,15.208736,8.258688,45.881597,0.141421
109|2.161096,-10.018974,14.953935|2.159947,-10.046810,15.032791,7.953190,44.184388,0.141421|2.160413,-10.042225,15.010799,7.957775,44.209860,0.141421
110|2.181106,-10.316179,14.750473|2.179865,-10.343858,14.829185,7.656142,42.534122,0.141421|2.180357,-10.339117,14.806880,7.660883,42.560460,0.141421
111|2.201116,-10.609253,14.541106|2.199784,-10.636769,14.619678,7.363231,40.906838,0.141421|2.200301,-10.631870,14.597062,7.368130,40.934057,0.141421
112|2.221126,-10.898079,14.325916|2.219703,-10.925426,14.404352,7.074574,39.303187,0.141421|2.220247,-10.920365,14.381429,7.079635,39.331304,0.141421
113|2.241136,-11.182542,14.104991|2.239623,-11.209714,14.183295,6.790286,37.723811,0.141421|2.240194,-11.204489,14.160065,6.795511,37.752841,0.141421
114|2.261146,-11.462527,13.878417|2.259544,-11.489518,13.956594,6.510482,36.169343,0.141421|2.260141,-11.484126,13.933062,6.515874,36.199301,0.141421
115|2.281156,-11.737923,13.646288|2.279465,-11.764727,13.724341,6.235273,34.640403,0.141421|2.280090,-11.759165,13.700508,6.240835,34.671306,0.141421
116|2.301167,-12.008619,13.408694|2.299387,-12.035231,13.486627,5.964769,33.137605,0.141421|2.300040,-12.029496,13.462498,5.970504,33.169467,0.141421
117|2.321177,-12.274507,13.165731|2.319310,-12.300921,13.243549,5.699079,31.661551,0.141421|2.319991,-12.295010,13.219126,5.704990,31.694386,0.141421
118|2.341187,-12.535480,12.917497|2.339233,-12.561691,12.995204,5.438309,30.212830,0.141421|2.339942,-12.555602,12.970491,5.444398,30.246654,0.141421
119|2.361197,-12.791434,12.664091|2.359158,-12.817436,12.741691,5.182564,28.792023,0.141421|2.359895,-12.811167,12.716691,5.188833,28.826850,0.141421
120|2.381207,-13.042267,12.405615|2.379084,-13.068054,12.483111,4.931946,27.399698,0.141421|2.379849,-13.061602,12.457828,4.938398,27.435543,0.141421
121|2.401217,-13.287878,12.142171|2.399010,-13.313446,12.219568,4.686554,26.036414,0.141421|2.399805,-13.306808,12.194006,4.693192,26.073290,0.141421
122|2.421227,-13.528168,11.873865|2.418937,-13.553511,11.951168,4.446489,24.702715,0.141421|2.419761,-13.546686,11.925331,4.453314,24.740636,0.141421
123|2.441238,-13.763041,11.600806|2.438866,-13.788156,11.678017,4.211844,23.399136,0.141421|2.439719,-13.781139,11.651910,4.218861,23.438114,0.141421
124|2.461248,-13.992404,11.323101|2.458796,-14.017284,11.400226,3.982716,22.126198,0.141421|2.459678,-14.010075,11.373852,3.989925,22.166248,0.141421
125|2.481258,-14.216165,11.040863|2.478727,-14.240806,11.117905,3.759194,20.884411,0.141421|2.479638,-14.233402,11.091269,3.766598,20.925544,0.141421
126|2.501268,-14.434233,10.754204|2.498659,-14.458631,10.831167,3.541369,19.674272,0.141421|2.499599,-14.451030,10.804274,3.548970,19.716501,0.141421
127|2.521278,-14.646523,10.463239|2.518592,-14.670672,10.540127,3.329328,18.496266,0.141421|2.519562,-14.662871,10.512983,3.337129,18.539603,0.141421
128|2.541288,-14.852947,10.168085|2.538527,-14.876844,10.244902,3.123156,17.350865,0.141421|2.539525,-14.868842,10.217510,3.131158,17.395320,0.141421
129|2.561298,-15.053425,9.868860|2.558462,-15.077065,9.945609,2.922935,16.238525,0.141421|2.559491,-15.068860,9.917976,2.931140,16.284112,0.141421
130|2.581309,-15.247876,9.565683|2.578400,-15.271255,9.642369,2.728745,15.159694,0.141421|2.579457,-15.262844,9.614500,2.737156,15.206422,0.141421
131|2.601319,-15.436221,9.258676|2.598338,-15.459335,9.335303,2.540665,14.114803,0.141421|2.599425,-15.450717,9.307202,2.549283,14.162682,0.141421
132|2.621329,-15.618386,8.947962|2.618279,-15.641231,9.024533,2.358769,13.104271,0.141421|2.619394,-15.632404,8.996208,2.367596,13.153311,0.141421
133|2.641339,-15.794297,8.633666|2.638220,-15.816870,8.710184,2.183130,12.128501,0.141421|2.639365,-15.807832,8.681640,2.192168,12.178712,0.141421
134|2.661349,-15.963884,8.315912|2.658163,-15.986181,8.392383,2.013819,11.187884,0.141421|2.659337,-15.976930,8.363625,2.023070,11.239276,0.141421
135|2.681359,-16.127080,7.994829|2.678108,-16.149096,8.071255,1.850904,10.282798,0.141421|2.679310,-16.139632,8.042290,1.860368,10.335379,0.141421
136|2.701369,-16.283818,7.670545|2.698055,-16.305551,7.746930,1.694449,9.413604,0.141421|2.699285,-16.295871,7.717764,1.704129,9.467382,0.141421
137|2.721380,-16.434037,7.343189|2.718003,-16.455483,7.419537,1.544517,8.580651,0.141421|2.719262,-16.445586,7.390177,1.554414,8.635634,0.141421
138|2.741390,-16.577675,7.012894|2.737952,-16.598831,7.089207,1.401169,7.784271,0.141421|2.739239,-16.588716,7.059659,1.411284,7.840467,0.141421
139|2.761400,-16.714676,6.679790|2.757904,-16.735539,6.756074,1.264461,7.024785,0.141421|2.759219,-16.725204,6.726344,1.274796,7.082200,0.141421
140|2.781410,-16.844985,6.344012|2.777857,-16.865551,6.420269,1.134449,6.302495,0.141421|2.779199,-16.854996,6.390365,1.145004,6.361135,0.141421
141|2.801420,-16.968549,6.005694|2.797812,-16.988816,6.081927,1.011184,5.617691,0.141421|2.799182,-16.978039,6.051856,1.021961,5.677564,0.141421
142|2.821430,-17.085318,5.664971|2.817769,-17.105283,5.741185,0.894717,4.970648,0.141421|2.819165,-17.094284,5.710953,0.905716,5.031757,0.141421
143|2.841440,-17.195247,5.321980|2.837728,-17.214908,5.398177,0.785092,4.361624,0.141421|2.839151,-17.203684,5.367792,0.796316,4.423975,0.141421
144|2.861451,-17.298291,4.976858|2.857689,-17.317645,5.053042,0.682355,3.790863,0.141421|2.859137,-17.306197,5.022511,0.693803,3.854461,0.141421
145|2.881461,-17.394409,4.629744|2.877651,-17.413453,4.705918,0.586547,3.258594,0.141421|2.879126,-17.401780,4.675247,0.598220,3.323443,0.141421
146|2.901471,-17.483563,4.280776|2.897616,-17.502295,4.356943,0.497705,2.765030,0.141421|2.899115,-17.490396,4.326141,0.509604,2.831132,0.141421
147|2.921481,-17.565716,3.930093|2.917583,-17.584134,4.006257,0.415866,2.310368,0.141421|2.919107,-17.572009,3.975332,0.427991,2.377728,0.141421
148|2.941491,-17.640836,3.577838|2.937551,-17.658938,3.654001,0.341062,1.894791,0.141421|2.939100,-17.646586,3.622959,0.353414,1.963410,0.141421
149|2.961501,-17.708892,3.224149|2.957522,-17.726676,3.300316,0.273324,1.518464,0.141421|2.959094,-17.714098,3.269165,0.285902,1.588345,0.141421
150|2.981511,-17.769858,2.869170|2.977495,-17.787323,2.945343,0.212677,1.181540,0.141421|2.979091,-17.774517,2.914092,0.225483,1.252683,0.141421
151|3.001522,-17.823710,2.513042|2.997470,-17.840853,2.589224,0.159147,0.884152,0.141421|2.999088,-17.827819,2.557880,0.172181,0.956559,0.141421
152|3.021532,-17.870424,2.155907|3.017447,-17.887245,2.232102,0.112755,0.626419,0.141421|3.019088,-17.873984,2.200673,0.126016,0.700090,0.141421
153|3.041542,-17.909984,1.797910|3.037426,-17.926480,1.874119,0.073520,0.408445,0.141421|3.039089,-17.912991,1.842614,0.087009,0.483381,0.141421
154|3.061552,-17.942372,1.439193|3.057408,-17.958543,1.515420,0.041457,0.230318,0.141421|3.059091,-17.944827,1.483846,0.055173,0.306517,0.141421
155|3.081562,-17.967577,1.079899|3.077391,-17.983421,1.156148,0.016579,0.092108,0.141421|3.079095,-17.969478,1.124512,0.030522,0.169569,0.141421
156|3.101572,-17.985587,0.720173|3.097377,-18.001103,0.796446,0.001103,0.006130,0.141421|3.099101,-17.986933,0.764758,0.013067,0.072593,0.141421
157|3.121583,-17.996396,0.360159|3.117365,-18.011584,0.436458,0.011584,0.064355,0.141421|3.119108,-17.997187,0.404726,0.002813,0.015626,0.141421
158|3.141593,-18.000000,0.000000|3.137356,-18.014858,0.076329,0.014858,0.082545,0.141421|3.139117,-18.000235,0.044561,0.000235,0.001308,0.141421
159|3.161603,-17.996396,-0.360159|3.157348,-18.010924,-0.283797,0.010924,0.060692,0.141421|3.159128,-17.996076,-0.315592,0.003924,0.021798,0.141421
160|3.181613,-17.985587,-0.720173|3.177343,-17.999785,-0.643776,0.000215,0.001196,0.141421|3.179140,-17.984712,-0.675591,0.015288,0.084934,0.141421
161|3.201623,-17.967577,-1.079899|3.197340,-17.981443,-1.003464,0.018557,0.103092,0.141421|3.199153,-17.966146,-1.035289,0.033854,0.188075,0.141421
162|3.221633,-17.942372,-1.439193|3.217340,-17.955908,-1.362717,0.044092,0.244957,0.141421|3.219169,-17.940388,-1.394545,0.059612,0.331180,0.141421
163|3.241643,-17.909984,-1.797910|3.237342,-17.923188,-1.721391,0.076812,0.426734,0.141421|3.239186,-17.907446,-1.753213,0.092554,0.514191,0.141421
164|3.261654,-17.870424,-2.155907|3.257346,-17.883297,-2.079342,0.116703,0.648349,0.141421|3.259204,-17.867334,-2.111150,0.132666,0.737036,0.141421
165|3.281664,-17.823710,-2.513042|3.277352,-17.836251,-2.436428,0.163749,0.909715,0.141421|3.279224,-17.820068,-2.468213,0.179932,0.999624,0.141421
166|3.301674,-17.769858,-2.869170|3.297361,-17.782069,-2.792504,0.217931,1.210726,0.141421|3.299246,-17.765667,-2.824259,0.234333,1.301852,0.141421
167|3.321684,-17.708892,-3.224149|3.317372,-17.720773,-3.147430,0.279227,1.551262,0.141421|3.319270,-17.704153,-3.179145,0.295847,1.643597,0.141421
168|3.341694,-17.640836,-3.577838|3.337385,-17.652386,-3.501062,0.347614,1.931187,0.141421|3.339295,-17.635550,-3.532729,0.364450,2.024723,0.141421
169|3.361704,-17.565716,-3.930093|3.357401,-17.576937,-3.853258,0.423063,2.350349,0.141421|3.359321,-17.559886,-3.884869,0.440114,2.445077,0.141421
170|3.381714,-17.483563,-4.280776|3.377419,-17.494456,-4.203879,0.505544,2.808579,0.141421|3.379349,-17.477192,-4.235425,0.522808,2.904491,0.141421
171|3.401725,-17.394409,-4.629744|3.397440,-17.404975,-4.552783,0.595025,3.305695,0.141421|3.399379,-17.387499,-4.584256,0.612501,3.402782,0.141421
172|3.421735,-17.298291,-4.976858|3.417462,-17.308531,-4.899831,0.691469,3.841496,0.141421|3.419410,-17.290845,-4.931223,0.709155,3.939749,0.141421
173|3.441745,-17.195247,-5.321980|3.437487,-17.205161,-5.244884,0.794839,4.415770,0.141421|3.439443,-17.187268,-5.276187,0.812732,4.515177,0.141421
174|3.461755,-17.085318,-5.664971|3.457514,-17.094909,-5.587803,0.905091,5.028285,0.141421|3.459477,-17.076809,-5.619008,0.923191,5.128837,0.141421
175|3.481765,-16.968549,-6.005694|3.477544,-16.977817,-5.928452,1.022183,5.678796,0.141421|3.479513,-16.959513,-5.959551,1.040487,5.780482,0.141421
176|3.501775,-16.844985,-6.344012|3.497576,-16.853932,-6.266694,1.146068,6.367044,0.141421|3.499550,-16.835427,-6.297679,1.164573,6.469852,0.141421
177|3.521785,-16.714676,-6.679790|3.517610,-16.723305,-6.602393,1.276695,7.092752,0.141421|3.519589,-16.704599,-6.633257,1.295401,7.196670,0.141421
178|3.541796,-16.577675,-7.012894|3.537646,-16.585987,-6.935415,1.414013,7.855629,0.141421|3.539630,-16.567084,-6.966149,1.432916,7.960646,0.141421
179|3.561806,-16.434037,-7.343189|3.557685,-16.442033,-7.265627,1.557967,8.655371,0.141421|3.559672,-16.422935,-7.296223,1.577065,8.761474,0.141421
180|3.581816,-16.283818,-7.670545|3.577725,-16.291502,-7.592896,1.708498,9.491657,0.141421|3.579715,-16.272210,-7.623347,1.727790,9.598832,0.141421
181|3.601826,-16.127080,-7.994829|3.597768,-16.134453,-7.917092,1.865547,10.364152,0.141421|3.599760,-16.114971,-7.947390,1.885029,10.472386,0.141421
182|3.621836,-15.963884,-8.315912|3.617813,-15.970949,-8.238084,2.029051,11.272506,0.141421|3.619806,-15.951279,-8.268221,2.048721,11.381785,0.141421
183|3.641846,-15.794297,-8.633666|3.637861,-15.801056,-8.555744,2.198944,12.216357,0.141421|3.639854,-15.781200,-8.585713,2.218800,12.326667,0.141421
184|3.661856,-15.618386,-8.947962|3.657910,-15.624841,-8.869945,2.375159,13.195326,0.141421|3.659903,-15.604803,-8.899738,2.395197,13.306652,0.141421
185|3.681867,-15.436221,-9.258676|3.677961,-15.442376,-9.180561,2.557624,14.209021,0.141421|3.679954,-15.422157,-9.210171,2.577843,14.321348,0.141421
186|3.701877,-15.247876,-9.565683|3.698015,-15.253734,-9.487467,2.746266,15.257035,0.141421|3.700006,-15.233337,-9.516888,2.766663,15.370349,0.141421
187|3.721887,-15.053425,-9.868860|3.718070,-15.058989,-9.790541,2.941011,16.338951,0.141421|3.720059,-15.038418,-9.819764,2.961582,16.453234,0.141421
188|3.741897,-14.852947,-10.168085|3.738128,-14.858220,-10.089661,3.141780,17.454333,0.141421|3.740114,-14.837477,-10.118680,3.162523,17.569571,0.141421
189|3.761907,-14.646523,-10.463239|3.758188,-14.651508,-10.384708,3.348492,18.602736,0.141421|3.760170,-14.630596,-10.413516,3.369404,18.718912,0.141421
190|3.781917,-14.434233,-10.754204|3.778249,-14.438934,-10.675562,3.561066,19.783699,0.141421|3.780227,-14.417857,-10.704153,3.582143,19.900796,0.141421
191|3.801927,-14.216165,-11.040863|3.798312,-14.220585,-10.962109,3.779415,20.996750,0.141421|3.800286,-14.199345,-10.990475,3.800655,21.114752,0.141421
192|3.821938,-13.992404,-11.323101|3.818378,-13.996547,-11.244233,4.003453,22.241403,0.141421|3.820346,-13.975147,-11.272367,4.024853,22.360292,0.141421
193|3.841948,-13.763041,-11.600806|3.838445,-13.766911,-11.521820,4.233089,23.517160,0.141421|3.840407,-13.745355,-11.549717,4.254645,23.636918,0.141421
194|3.861958,-13.528168,-11.873865|3.858514,-13.531768,-11.794760,4.468232,24.823509,0.141421|3.860469,-13.510059,-11.822414,4.489941,24.944119,0.141421
195|3.881968,-13.287878,-12.142171|3.878584,-13.291213,-12.062944,4.708787,26.159927,0.141421|3.880533,-13.269353,-12.090348,4.730647,26.281371,0.141421
196|3.901978,-13.042267,-12.405615|3.898657,-13.045342,-12.326264,4.954658,27.525879,0.141421|3.900598,-13.023335,-12.353413,4.976665,27.648139,0.141421
197|3.921988,-12.791434,-12.664091|3.918731,-12.794253,-12.584614,5.205747,28.920819,0.141421|3.920664,-12.772102,-12.611502,5.227898,29.043876,0.141421
198|3.941998,-12.535480,-12.917497|3.938806,-12.538046,-12.837891,5.461954,30.344187,0.141421|3.940731,-12.515756,-12.864512,5.484244,30.468023,0.141421
199|3.962009,-12.274507,-13.165731|3.958884,-12.276826,-13.085994,5.723174,31.795413,0.141421|3.960800,-12.254398,-13.112343,5.745602,31.920009,0.141421
200|3.982019,-12.008619,-13.408694|3.978963,-12.010695,-13.328823,5.989305,33.273917,0.141421|3.980869,-11.988134,-13.354894,6.011866,33.399253,0.141421
201|4.002029,-11.737923,-13.646288|3.999043,-11.739761,-13.566281,6.260239,34.779106,0.141421|4.000940,-11.717071,-13.592069,6.282929,34.905164,0.141421
202|4.022039,-11.462527,-13.878417|4.019125,-11.464132,-13.798273,6.535868,36.310377,0.141421|4.021011,-11.441315,-13.823773,6.558685,36.437137,0.141421
203|4.042049,-11.182542,-14.104991|4.039208,-11.183919,-14.024705,6.816081,37.867117,0.141421|4.041084,-11.160979,-14.049913,6.839021,37.994560,0.141421
204|4.062059,-10.898079,-14.325916|4.059293,-10.899234,-14.245488,7.100766,39.448703,0.141421|4.061158,-10.876174,-14.270399,7.123826,39.576809,0.141421
205|4.082069,-10.609253,-14.541106|4.079379,-10.610190,-14.460532,7.389810,41.054501,0.141421|4.081232,-10.587015,-14.485142,7.412985,41.183250,0.141421
206|4.102080,-10.316179,-14.750473|4.099467,-10.316904,-14.669752,7.683096,42.683868,0.141421|4.101308,-10.293617,-14.694056,7.706383,42.813241,0.141421
207|4.122090,-10.018974,-14.953935|4.119556,-10.019493,-14.873064,7.980507,44.336152,0.141421|4.121384,-9.996097,-14.897058,8.003903,44.466128,0.141421
208|4.142100,-9.717758,-15.151409|4.139646,-9.718076,-15.070386,8.281924,46.010690,0.141421|4.141462,-9.694575,-15.094066,8.305425,46.141250,0.141421
209|4.162110,-9.412651,-15.342816|4.159737,-9.412774,-15.261639,8.587226,47.706813,0.141421|4.161540,-9.389172,-15.285001,8.610828,47.837936,0.141421
210|4.182120,-9.103775,-15.528081|4.179829,-9.103709,-15.446747,8.896291,49.423840,0.141421|4.181620,-9.080009,-15.469787,8.919991,49.555507,0.141421
211|4.202130,-8.791254,-15.707128|4.199922,-8.791005,-15.625635,9.208995,51.161085,0.141421|4.201700,-8.767211,-15.648351,9.232789,51.293274,0.141421
212|4.222140,-8.475213,-15.879886|4.220017,-8.474787,-15.798232,9.525213,52.917850,0.141421|4.221780,-8.450902,-15.820620,9.549098,53.050543,0.141421
213|4.242151,-8.155779,-16.046285|4.240112,-8.155182,-15.964469,9.844818,54.693434,0.141421|4.241862,-8.131210,-15.986525,9.868790,54.826610,0.141421
214|4.262161,-7.833079,-16.206260|4.260209,-7.832318,-16.124278,10.167682,56.487125,0.141421|4.261944,-7.808263,-16.146001,10.191737,56.620762,0.141421
215|4.282171,-7.507243,-16.359747|4.280306,-7.506323,-16.277597,10.493677,58.298203,0.141421|4.282027,-7.482189,-16.298982,10.517811,58.432283,0.141421
216|4.302181,-7.178401,-16.506682|4.300404,-7.177330,-16.424363,10.822670,60.125945,0.141421|4.302111,-7.153120,-16.445409,10.846880,60.260447,0.141421
217|4.322191,-6.846685,-16.647009|4.320503,-6.845469,-16.564517,11.154531,61.969617,0.141421|4.322196,-6.821186,-16.585222,11.178814,62.104521,0.141421
218|4.342201,-6.512227,-16.780670|4.340603,-6.510873,-16.698005,11.489127,63.828482,0.141421|4.342281,-6.486522,-16.718366,11.513478,63.963768,0.141421
219|4.362211,-6.175162,-16.907613|4.360703,-6.173677,-16.824771,11.826323,65.701794,0.141421|4.362366,-6.149260,-16.844786,11.850740,65.837443,0.141421
220|4.382222,-5.835625,-17.027786|4.380805,-5.834015,-16.944766,12.165985,67.588804,0.141421|4.382452,-5.809537,-16.964434,12.190463,67.724796,0.141421
221|4.402232,-5.493751,-17.141141|4.400906,-5.492024,-17.057940,12.507976,69.488756,0.141421|4.402539,-5.467487,-17.077259,12.532513,69.625070,0.141421
222|4.422242,-5.149677,-17.247632|4.421009,-5.147840,-17.164250,12.852160,71.400889,0.141421|4.422626,-5.123249,-17.183218,12.876751,71.537506,0.141421
223|4.442252,-4.803542,-17.347218|4.441112,-4.801601,-17.263652,13.198399,73.324436,0.141421|4.442714,-4.776959,-17.282268,13.223041,73.461337,0.141421
224|4.462262,-4.455483,-17.439859|4.461215,-4.453447,-17.356106,13.546553,75.258629,0.141421|4.462802,-4.428757,-17.374370,13.571243,75.395793,0.141421
225|4.482272,-4.105640,-17.525516|4.481319,-4.103516,-17.441576,13.896484,77.202690,0.141421|4.482891,-4.078782,-17.459485,13.921218,77.340100,0.141421
226|4.502282,-3.754153,-17.604157|4.501424,-3.751948,-17.520027,14.248052,79.155843,0.141421|4.502980,-3.727174,-17.537582,14.272826,79.293480,0.141421
227|4.522293,-3.401164,-17.675749|4.521528,-3.398885,-17.591427,14.601115,81.117305,0.141421|4.523069,-3.374073,-17.608627,14.625927,81.255149,0.141421
228|4.542303,-3.046812,-17.740263|4.541633,-3.044468,-17.655749,14.955532,83.086290,0.141421|4.543159,-3.019622,-17.672593,14.980378,83.224322,0.141421
229|4.562313,-2.691240,-17.797675|4.561739,-2.688838,-17.712965,15.311162,85.062010,0.141421|4.563248,-2.663962,-17.729454,15.336038,85.200212,0.141421
230|4.582323,-2.334591,-17.847960|4.581844,-2.332139,-17.763054,15.667861,87.043672,0.141421|4.583338,-2.307235,-17.779187,15.692765,87.182027,0.141421
231|4.602333,-1.977008,-17.891099|4.601950,-1.974513,-17.805996,16.025487,89.030484,0.141421|4.603429,-1.949585,-17.821772,16.050415,89.168973,0.141421
232|4.622343,-1.618632,-17.927075|4.622056,-1.616103,-17.841772,16.383897,91.021650,0.141421|4.623519,-1.591154,-17.857193,16.408846,91.160255,0.141421
233|4.642353,-1.259609,-17.955873|4.642162,-1.257053,-17.870369,16.742947,93.016371,0.141421|4.643610,-1.232086,-17.885435,16.767914,93.155076,0.141421
234|4.662364,-0.900081,-17.977482|4.662268,-0.897507,-17.891776,17.102493,95.013850,0.141421|4.663701,-0.872525,-17.906487,17.127475,95.152637,0.141421
235|4.682374,-0.540193,-17.991892|4.682374,-0.537609,-17.905983,17.462391,97.013286,0.141421|4.683792,-0.512615,-17.920340,17.487385,97.152138,0.141421
236|4.702384,-0.180088,-17.999099|4.702480,-0.177502,-17.912985,17.822498,99.013877,0.141421|4.703882,-0.152500,-17.926989,17.847500,99.152778,0.141421
237|4.722394,0.180088,-17.999099|4.722586,0.182668,-17.912779,17.817332,98.985177,0.141421|4.723973,0.207676,-17.926431,17.792324,98.846243,0.141421
238|4.742404,0.540193,-17.991892|4.742692,0.542758,-17.905365,17.457242,96.984677,0.141421|4.744064,0.567769,-17.918667,17.432231,96.845727,0.141421
239|4.762414,0.900081,-17.977482|4.762798,0.902623,-17.890747,17.097377,94.985426,0.141421|4.764155,0.927634,-17.903699,17.072366,94.846475,0.141421
240|4.782424,1.259609,-17.955873|4.782904,1.262120,-17.868929,16.737880,92.988223,0.141421|4.784246,1.287128,-17.881534,16.712872,92.849287,0.141421
241|4.802435,1.618632,-17.927075|4.803010,1.621104,-17.839922,16.378896,90.993869,0.141421|4.804337,1.646107,-17.852180,16.353893,90.854963,0.141421
242|4.822445,1.977008,-17.891099|4.823115,1.979431,-17.803736,16.020569,89.003164,0.141421|4.824427,2.004426,-17.815649,15.995574,88.864301,0.141421
243|4.842455,2.334591,-17.847960|4.843220,2.336957,-17.760385,15.663043,87.016903,0.141421|4.844517,2.361942,-17.771956,15.638058,86.878098,0.141421
244|4.862465,2.691240,-17.797675|4.863325,2.693541,-17.709888,15.306459,85.035883,0.141421|4.864608,2.718513,-17.721119,15.281487,84.897151,0.141421
245|4.882475,3.046812,-17.740263|4.883429,3.049038,-17.652265,14.950962,83.060898,0.141421|4.884697,3.073995,-17.663156,14.926005,82.922250,0.141421
246|4.902485,3.401164,-17.675749|4.903533,3.403307,-17.587538,14.596693,81.092738,0.141421|4.904787,3.428246,-17.598093,14.571754,80.954189,0.141421
247|4.922495,3.754153,-17.604157|4.923637,3.756206,-17.515733,14.243794,79.132191,0.141421|4.924876,3.781124,-17.525955,14.218876,78.993754,0.141421
248|4.942506,4.105640,-17.525516|4.943740,4.107592,-17.436880,13.892408,77.180044,0.141421|4.944965,4.132488,-17.446770,13.867512,77.041731,0.141421
249|4.962516,4.455483,-17.439859|4.963843,4.457326,-17.351010,13.542674,75.237078,0.141421|4.965054,4.482198,-17.360571,13.517802,75.098900,0.141421
250|4.982526,4.803542,-17.347218|4.983945,4.805267,-17.258157,13.194733,73.304072,0.141421|4.985142,4.830113,-17.267392,13.169887,73.166041,0.141421
251|5.002536,5.149677,-17.247632|5.004047,5.151276,-17.158359,12.848724,71.381799,0.141421|5.005230,5.176093,-17.167271,12.823907,71.243926,0.141421
252|5.022546,5.493751,-17.141141|5.024149,5.495215,-17.051655,12.504785,69.471030,0.141421|5.025317,5.520001,-17.060246,12.479999,69.333326,0.141421
253|5.042556,5.835625,-17.027786|5.044249,5.836945,-16.938088,12.163055,67.572530,0.141421|5.045404,5.861699,-16.946362,12.138301,67.435005,0.141421
254|5.062567,6.175162,-16.907613|5.064349,6.176329,-16.817704,11.823671,65.687060,0.141421|5.065490,6.201050,-16.825664,11.798950,65.549724,0.141421
255|5.082577,6.512227,-16.780670|5.084449,6.513233,-16.690551,11.486767,63.815375,0.141421|5.085576,6.537917,-16.698200,11.462083,63.678237,0.141421
256|5.102587,6.846685,-16.647009|5.104548,6.847520,-16.556680,11.152480,61.958224,0.141421|5.105661,6.872167,-16.564021,11.127833,61.821294,0.141421
257|5.122597,7.178401,-16.506682|5.124646,7.179057,-16.416144,10.820943,60.116352,0.141421|5.125746,7.203665,-16.423181,10.796335,59.979637,0.141421
258|5.142607,7.507243,-16.359747|5.144743,7.507711,-16.269000,10.492289,58.290497,0.141421|5.145830,7.532279,-16.275737,10.467721,58.154006,0.141421
259|5.162617,7.833079,-16.206260|5.164840,7.833350,-16.115307,10.166650,56.481389,0.141421|5.165913,7.857877,-16.121746,10.142123,56.345130,0.141421
260|5.182627,8.155779,-16.046285|5.184936,8.155844,-15.955127,9.844156,54.689753,0.141421|5.185995,8.180328,-15.961272,9.819672,54.553733,0.141421
261|5.202638,8.475213,-15.879886|5.205031,8.475065,-15.788523,9.524935,52.916308,0.141421|5.206077,8.499504,-15.794379,9.500496,52.780534,0.141421
262|5.222648,8.791254,-15.707128|5.225125,8.790883,-15.615563,9.209117,51.161763,0.141421|5.226158,8.815277,-15.621132,9.184723,51.026241,0.141421
263|5.242658,9.103775,-15.528081|5.245219,9.103172,-15.436315,8.896828,49.426822,0.141421|5.246238,9.127520,-15.441602,8.872480,49.291558,0.141421
264|5.262668,9.412651,-15.342816|5.265311,9.411808,-15.250851,8.588192,47.712179,0.141421|5.266317,9.436108,-15.255860,8.563892,47.577179,0.141421
265|5.282678,9.717758,-15.151409|5.285403,9.716666,-15.059247,8.283334,46.018521,0.141421|5.286396,9.740918,-15.063980,8.259082,45.883790,0.141421
266|5.302688,10.018974,-14.953935|5.305494,10.017625,-14.861578,7.982375,44.346526,0.141421|5.306474,10.041828,-14.866041,7.958172,44.212069,0.141421
267|5.322698,10.316179,-14.750473|5.325584,10.314564,-14.657923,7.685436,42.696865,0.141421|5.326550,10.338716,-14.662120,7.661284,42.562687,0.141421
268|5.342709,10.609253,-14.541106|5.345673,10.607364,-14.448365,7.392636,41.070199,0.141421|5.346626,10.631466,-14.452300,7.368534,40.936302,0.141421
269|5.362719,10.898079,-14.325916|5.365761,10.895908,-14.232988,7.104092,39.467178,0.141421|5.366701,10.919958,-14.236664,7.080042,39.333566,0.141421
270|5.382729,11.182542,-14.104991|5.385848,11.180080,-14.011877,6.819920,37.888444,0.141421|5.386775,11.204078,-14.015299,6.795922,37.755121,0.141421
271|5.402739,11.462527,-13.878417|5.405934,11.459766,-13.785121,6.540234,36.334631,0.141421|5.406848,11.483712,-13.788293,6.516288,36.201599,0.141421
272|5.422749,11.737923,-13.646288|5.426020,11.734855,-13.552812,6.265145,34.806361,0.141421|5.426919,11.758748,-13.555738,6.241252,34.673623,0.141421
273|5.442759,12.008619,-13.408694|5.446104,12.005236,-13.315041,5.994764,33.304246,0.141421|5.446990,12.029076,-13.317726,5.970924,33.171802,0.141421
274|5.462769,12.274507,-13.165731|5.466187,12.270800,-13.071905,5.729200,31.828887,0.141421|5.467060,12.294587,-13.074353,5.705413,31.696740,0.141421
275|5.482780,12.535480,-12.917497|5.486269,12.531442,-12.823501,5.468558,30.380876,0.141421|5.487128,12.555175,-12.825716,5.444825,30.249027,0.141421
276|5.502790,12.791434,-12.664091|5.506350,12.787058,-12.569928,5.212942,28.960792,0.141421|5.507196,12.810737,-12.571915,5.189263,28.829242,0.141421
277|5.522800,13.042267,-12.405615|5.526430,13.037543,-12.311289,4.962457,27.569204,0.141421|5.527262,13.061168,-12.313051,4.938832,27.437953,0.141421
278|5.542810,13.287878,-12.142171|5.546509,13.282799,-12.047686,4.717201,26.206670,0.141421|5.547327,13.306371,-12.049229,4.693629,26.075718,0.141421
279|5.562820,13.528168,-11.873865|5.566586,13.522728,-11.779225,4.477272,24.873736,0.141421|5.567391,13.546245,-11.780552,4.453755,24.743083,0.141421
280|5.582830,13.763041,-11.600806|5.586663,13.757232,-11.506014,4.242768,23.570935,0.141421|5.587454,13.780696,-11.507131,4.219304,23.440580,0.141421
281|5.602840,13.992404,-11.323101|5.606738,13.986218,-11.228162,4.013782,22.298790,0.141421|5.607515,14.009628,-11.229072,3.990372,22.168731,0.141421
282|5.622851,14.216165,-11.040863|5.626813,14.209594,-10.945781,3.790406,21.057809,0.141421|5.627575,14.232952,-10.946489,3.767048,20.928046,0.141421
283|5.642861,14.434233,-10.754204|5.646886,14.427272,-10.658983,3.572728,19.848490,0.141421|5.647634,14.450576,-10.659494,3.549424,19.719021,0.141421
284|5.662871,14.646523,-10.463239|5.666958,14.639163,-10.367885,3.360837,18.671317,0.141421|5.667692,14.662415,-10.368202,3.337585,18.542141,0.141421
285|5.682881,14.852947,-10.168085|5.687028,14.845183,-10.072601,3.154817,17.526762,0.141421|5.687748,14.868382,-10.072730,3.131618,17.397876,0.141421
286|5.702891,15.053425,-9.868860|5.707098,15.045249,-9.773251,2.954751,16.415284,0.141421|5.707803,15.068397,-9.773196,2.931603,16.286684,0.141421
287|5.722901,15.247876,-9.565683|5.727166,15.239281,-9.469955,2.760719,15.337326,0.141421|5.727856,15.262378,-9.469720,2.737622,15.209011,0.141421
288|5.742911,15.436221,-9.258676|5.747234,15.427202,-9.162833,2.572798,14.293322,0.141421|5.747908,15.450248,-9.162423,2.549752,14.165289,0.141421
289|5.762922,15.618386,-8.947962|5.767300,15.608936,-8.852010,2.391064,13.283690,0.141421|5.767959,15.631932,-8.851429,2.368068,13.155934,0.141421
290|5.782932,15.794297,-8.633666|5.787364,15.784410,-8.537609,2.215590,12.308832,0.141421|5.788009,15.807357,-8.536861,2.192643,12.181351,0.141421
291|5.802942,15.963884,-8.315912|5.807428,15.953555,-8.219757,2.046445,11.369141,0.141421|5.808056,15.976453,-8.218847,2.023547,11.241930,0.141421
292|5.822952,16.127080,-7.994829|5.827490,16.116301,-7.898581,1.883699,10.464993,0.141421|5.828103,16.139151,-7.897513,1.860849,10.338048,0.141421
293|5.842962,16.283818,-7.670545|5.847551,16.272585,-7.574209,1.727415,9.596749,0.141421|5.848148,16.295388,-7.572988,1.704612,9.470066,0.141421
294|5.862972,16.434037,-7.343189|5.867611,16.422344,-7.246772,1.577656,8.764757,0.141421|5.868192,16.445100,-7.245402,1.554900,8.638332,0.141421
295|5.882982,16.577675,-7.012894|5.887669,16.565517,-6.916400,1.434483,7.969351,0.141421|5.888234,16.588228,-6.914886,1.411772,7.843179,0.141421
296|5.902993,16.714676,-6.679790|5.907726,16.702047,-6.583227,1.297953,7.210850,0.141421|5.908274,16.724714,-6.581572,1.275286,7.084925,0.141421
297|5.923003,16.844985,-6.344012|5.927782,16.831880,-6.247385,1.168120,6.489556,0.141421|5.928313,16.854503,-6.245594,1.145497,6.363873,0.141421
298|5.943013,16.968549,-6.005694|5.947837,16.954963,-5.909009,1.045037,5.805759,0.141421|5.948351,16.977544,-5.907086,1.022456,5.680313,0.141421
299|5.963023,17.085318,-5.664971|5.967890,17.071248,-5.568235,0.928752,5.159732,0.141421|5.968387,17.093787,-5.566185,0.906213,5.034519,0.141421
300|5.983033,17.195247,-5.321980|5.987942,17.180688,-5.225198,0.819312,4.551735,0.141421|5.988422,17.203185,-5.223025,0.796815,4.426748,0.141421
301|6.003043,17.298291,-4.976858|6.007993,17.283238,-4.880038,0.716762,3.982011,0.141421|6.008455,17.305696,-4.877746,0.694304,3.857244,0.141421
302|6.023053,17.394409,-4.629744|6.028042,17.378858,-4.532891,0.621142,3.450787,0.141421|6.028486,17.401278,-4.530484,0.598722,3.326235,0.141421
303|6.043064,17.483563,-4.280776|6.048090,17.467510,-4.183897,0.532490,2.958278,0.141421|6.048516,17.489892,-4.181380,0.510108,2.833934,0.141421
304|6.063074,17.565716,-3.930093|6.068137,17.549158,-3.833195,0.450842,2.504679,0.141421|6.068544,17.571503,-3.830572,0.428497,2.380538,0.141421
305|6.083084,17.640836,-3.577838|6.088182,17.623769,-3.480927,0.376231,2.090173,0.141421|6.088571,17.646079,-3.478202,0.353921,1.966228,0.141421
306|6.103094,17.708892,-3.224149|6.108226,17.691313,-3.127233,0.308687,1.714925,0.141421|6.108596,17.713589,-3.124410,0.286411,1.591170,0.141421
307|6.123104,17.769858,-2.869170|6.128269,17.751764,-2.772254,0.248236,1.379087,0.141421|6.128620,17.774007,-2.769338,0.225993,1.255514,0.141421
308|6.143114,17.823710,-2.513042|6.148310,17.805098,-2.416134,0.194902,1.082792,0.141421|6.148642,17.827309,-2.413128,0.172691,0.959396,0.141421
309|6.163124,17.870424,-2.155907|6.168350,17.851292,-2.059015,0.148708,0.826158,0.141421|6.168662,17.873472,-2.055923,0.126528,0.702932,0.141421
310|6.183135,17.909984,-1.797910|6.188389,17.890328,-1.701039,0.109672,0.609290,0.141421|6.188681,17.912479,-1.697866,0.087521,0.486227,0.141421
311|6.203145,17.942372,-1.439193|6.208426,17.922191,-1.342351,0.077809,0.432272,0.141421|6.208698,17.944314,-1.339101,0.055686,0.309366,0.141421
312|6.223155,17.967577,-1.079899|6.228462,17.946868,-0.983093,0.053132,0.295178,0.141421|6.228714,17.968964,-0.979770,0.031036,0.172421,0.141421
313|6.243165,17.985587,-0.720173|6.248497,17.964349,-0.623410,0.035651,0.198060,0.141421|6.248728,17.986420,-0.620017,0.013580,0.075447,0.141421
314|6.263175,17.996396,-0.360159|6.268530,17.974627,-0.263446,0.025373,0.140959,0.141421|6.268740,17.996673,-0.259988,0.003327,0.018482,0.141421
