OneBody4_E-0.15_plotinterval0.100_ecc0.0_RK4.txt
initial value : [x, y, v_x, v_y] = [30.00,0.00,0.00,0.55] , numerical interval dt = 0.02000 , [M, m] = [ 9, 1]

num|given_position|geodesic|newtonian
num| degree1, x1, y1 | degree2, x2, y2, simple error, relative error, d(rho) | degree2, x2, y2, simple error, relative error, dt
  1|0.000000,30.000000,0.000000|0.003333,29.999833,0.100000,0.000167,0.000556,0.182574|0.003333,29.999833,0.100000,0.000167,0.000556,0.182574
  2|0.020010,29.993994,0.600264|0.023343,29.993494,0.700261,0.006506,0.021686,0.182574|0.023343,29.993494,0.700260,0.006506,0.021686,0.182574
  3|0.040020,29.975979,1.200288|0.043351,29.975146,1.300277,0.024854,0.082847,0.182574|0.043351,29.975146,1.300274,0.024854,0.082847,0.182574
  4|0.060030,29.945961,1.799832|0.063359,29.944796,1.899807,0.055204,0.184015,0.182574|0.063358,29.944796,1.899800,0.055204,0.184015,0.182574
  5|0.080041,29.903954,2.398654|0.083365,29.902456,2.498612,0.097544,0.325148,0.182574|0.083365,29.902456,2.498599,0.097544,0.325148,0.182574
  6|0.100051,29.849973,2.996517|0.103370,29.848143,3.096451,0.151857,0.506190,0.182574|0.103370,29.848143,3.096430,0.151857,0.506190,0.182574
  7|0.120061,29.784040,3.593179|0.123375,29.781879,3.693086,0.218121,0.727069,0.182574|0.123374,29.781879,3.693056,0.218121,0.727070,0.182574
  8|0.140071,29.706183,4.188403|0.143378,29.703691,4.288277,0.296309,0.987696,0.182574|0.143376,29.703691,4.288236,0.296309,0.987697,0.182574
  9|0.160081,29.616431,4.781950|0.163380,29.613610,4.881786,0.386390,1.287966,0.182574|0.163378,29.613610,4.881732,0.386390,1.287968,0.182574
 10|0.180091,29.514820,5.373582|0.183381,29.511672,5.473375,0.488328,1.627760,0.182574|0.183379,29.511671,5.473307,0.488329,1.627763,0.182574
 11|0.200101,29.401393,5.963063|0.203381,29.397918,6.062808,0.602082,2.006941,0.182574|0.203378,29.397916,6.062725,0.602084,2.006946,0.182574
 12|0.220112,29.276193,6.550156|0.223380,29.272393,6.649849,0.727607,2.425357,0.182574|0.223377,29.272391,6.649748,0.727609,2.425364,0.182574
 13|0.240122,29.139271,7.134626|0.243378,29.135147,7.234262,0.864853,2.882842,0.182574|0.243374,29.135145,7.234142,0.864855,2.882851,0.182574
 14|0.260132,28.990682,7.716240|0.263375,28.986237,7.815814,1.013763,3.379211,0.182574|0.263371,28.986233,7.815672,1.013767,3.379222,0.182574
 15|0.280142,28.830485,8.294764|0.283371,28.825720,8.394271,1.174280,3.914266,0.182574|0.283366,28.825716,8.394107,1.174284,3.914281,0.182574
 16|0.300152,28.658745,8.869967|0.303366,28.653662,8.969403,1.346338,4.487792,0.182574|0.303360,28.653657,8.969215,1.346343,4.487811,0.182574
 17|0.320162,28.475530,9.441619|0.323360,28.470132,9.540979,1.529868,5.099560,0.182574|0.323353,28.470125,9.540764,1.529875,5.099584,0.182574
 18|0.340172,28.280914,10.009490|0.343353,28.275202,10.108770,1.724798,5.749326,0.182574|0.343345,28.275194,10.108527,1.724806,5.749354,0.182574
 19|0.360183,28.074975,10.573354|0.363345,28.068952,10.672548,1.931048,6.436828,0.182574|0.363336,28.068941,10.672276,1.931059,6.436862,0.182574
 20|0.380193,27.857794,11.132984|0.383335,27.851463,11.232089,2.148537,7.161791,0.182574|0.383326,27.851451,11.231785,2.148549,7.161832,0.182574
 21|0.400203,27.629459,11.688156|0.403325,27.622822,11.787167,2.377178,7.923926,0.182574|0.403315,27.622808,11.786830,2.377192,7.923973,0.182574
 22|0.420213,27.390062,12.238649|0.423314,27.383122,12.337562,2.616878,8.722927,0.182574|0.423303,27.383105,12.337189,2.616895,8.722982,0.182574
 23|0.440223,27.139697,12.784241|0.443302,27.132458,12.883051,2.867542,9.558474,0.182574|0.443290,27.132439,12.882642,2.867561,9.558537,0.182574
 24|0.460233,26.878467,13.324715|0.463289,26.870930,13.423418,3.129070,10.430232,0.182574|0.463276,26.870909,13.422971,3.129091,10.430304,0.182574
 25|0.480243,26.606474,13.859853|0.483275,26.598644,13.958446,3.401356,11.337853,0.182574|0.483261,26.598620,13.957958,3.401380,11.337935,0.182574
 26|0.500254,26.323828,14.389443|0.503260,26.315708,14.487920,3.684292,12.280973,0.182574|0.503245,26.315680,14.487390,3.684320,12.281065,0.182574
 27|0.520264,26.030643,14.913270|0.523244,26.022236,15.011629,3.977764,13.259214,0.182574|0.523228,26.022205,15.011055,3.977795,13.259318,0.182574
 28|0.540274,25.727035,15.431127|0.543227,25.718344,15.529363,4.281656,14.272185,0.182574|0.543210,25.718310,15.528743,4.281690,14.272301,0.182574
 29|0.560284,25.413126,15.942805|0.563209,25.404156,16.040914,4.595844,15.319480,0.182574|0.563191,25.404117,16.040246,4.595883,15.319609,0.182574
 30|0.580294,25.089042,16.448100|0.583190,25.079796,16.546078,4.920204,16.400681,0.182574|0.583171,25.079753,16.545361,4.920247,16.400822,0.182574
 31|0.600304,24.754912,16.946809|0.603170,24.745394,17.044653,5.254606,17.515353,0.182574|0.603150,24.745347,17.043884,5.254653,17.515508,0.182574
 32|0.620314,24.410871,17.438732|0.623150,24.401085,17.536439,5.598915,18.663051,0.182574|0.623128,24.401034,17.535617,5.598966,18.663221,0.182574
 33|0.640325,24.057056,17.923674|0.643128,24.047006,18.021239,5.952994,19.843315,0.182574|0.643106,24.046950,18.020361,5.953050,19.843500,0.182574
 34|0.660335,23.693608,18.401438|0.663106,23.683298,18.498859,6.316702,21.055672,0.182574|0.663082,23.683238,18.497924,6.316762,21.055874,0.182574
 35|0.680345,23.320674,18.871835|0.683082,23.310108,18.969109,6.689892,22.299638,0.182574|0.683058,23.310043,18.968114,6.689957,22.299856,0.182574
 36|0.700355,22.938402,19.334676|0.703058,22.927586,19.431798,7.072414,23.574715,0.182574|0.703033,22.927515,19.430743,7.072485,23.574949,0.182574
 37|0.720365,22.546946,19.789775|0.723033,22.535883,19.886743,7.464117,24.880390,0.182574|0.723007,22.535807,19.885625,7.464193,24.880642,0.182574
 38|0.740375,22.146463,20.236951|0.743007,22.135157,20.333762,7.864843,26.216143,0.182574|0.742980,22.135076,20.332578,7.864924,26.216413,0.182574
 39|0.760385,21.737112,20.676024|0.762980,21.725568,20.772675,8.274432,27.581438,0.182574|0.762952,21.725482,20.771424,8.274518,27.581726,0.182574
 40|0.780396,21.319057,21.106819|0.782952,21.307281,21.203306,8.692719,28.975729,0.182574|0.782923,21.307189,21.201987,8.692811,28.976035,0.182574
 41|0.800406,20.892467,21.529162|0.802924,20.880463,21.625484,9.119537,30.398457,0.182574|0.802894,20.880365,21.624093,9.119635,30.398782,0.182574
 42|0.820416,20.457512,21.942885|0.822895,20.445284,22.039038,9.554716,31.849053,0.182574|0.822864,20.445181,22.037575,9.554819,31.849397,0.182574
 43|0.840426,20.014365,22.347823|0.842864,20.001919,22.443805,9.998081,33.326936,0.182574|0.842833,20.001810,22.442267,9.998190,33.327299,0.182574
 44|0.860436,19.563205,22.743813|0.862834,19.550546,22.839621,10.449454,34.831514,0.182574|0.862802,19.550431,22.838007,10.449569,34.831896,0.182574
 45|0.880446,19.104212,23.130696|0.882802,19.091344,23.226329,10.908656,36.362186,0.182574|0.882769,19.091224,23.224635,10.908776,36.362587,0.182574
 46|0.900456,18.637570,23.508318|0.902769,18.624499,23.603772,11.375501,37.918337,0.182574|0.902736,18.624373,23.601998,11.375627,37.918758,0.182574
 47|0.920467,18.163465,23.876527|0.922736,18.150196,23.971802,11.849804,39.499346,0.182574|0.922703,18.150064,23.969945,11.849936,39.499785,0.182574
 48|0.940477,17.682088,24.235176|0.942702,17.668626,24.330269,12.331374,41.104580,0.182574|0.942668,17.668489,24.328327,12.331511,41.105037,0.182574
 49|0.960487,17.193631,24.584122|0.962668,17.179982,24.679030,12.820018,42.733394,0.182574|0.962633,17.179839,24.677002,12.820161,42.733870,0.182574
 50|0.980497,16.698290,24.923224|0.982632,16.684458,25.017947,13.315542,44.385139,0.182574|0.982598,16.684310,25.015830,13.315690,44.385632,0.182574
 51|1.000507,16.196263,25.252348|1.002596,16.182255,25.346883,13.817745,46.059152,0.182574|1.002561,16.182101,25.344675,13.817899,46.059662,0.182574
 52|1.020517,15.687751,25.571360|1.022560,15.673571,25.665706,14.326429,47.754762,0.182574|1.022524,15.673413,25.663405,14.326587,47.755290,0.182574
 53|1.040528,15.172958,25.880134|1.042522,15.158612,25.974289,14.841388,49.471293,0.182574|1.042487,15.158449,25.971894,14.841551,49.471836,0.182574
 54|1.060538,14.652090,26.178546|1.062484,14.637583,26.272509,15.362417,51.208055,0.182574|1.062449,14.637416,26.270017,15.362584,51.208613,0.182574
 55|1.080548,14.125355,26.466476|1.082446,14.110694,26.560245,15.889306,52.964355,0.182574|1.082410,14.110522,26.557655,15.889478,52.964927,0.182574
 56|1.100558,13.592964,26.743809|1.102407,13.578154,26.837384,16.421846,54.739488,0.182574|1.102371,13.577978,26.834693,16.422022,54.740073,0.182574
 57|1.120568,13.055131,27.010434|1.122367,13.040177,27.103813,16.959823,56.532744,0.182574|1.122332,13.039998,27.101020,16.960002,56.533341,0.182574
 58|1.140578,12.512071,27.266244|1.142326,12.496978,27.359426,17.503022,58.343405,0.182574|1.142292,12.496796,27.356529,17.503204,58.344013,0.182574
 59|1.160588,11.964001,27.511137|1.162285,11.948776,27.604122,18.051224,60.170747,0.182574|1.162251,11.948591,27.601119,18.051409,60.171364,0.182574
 60|1.180599,11.411141,27.745015|1.182244,11.395789,27.837801,18.604211,62.014038,0.182574|1.182210,11.395601,27.834690,18.604399,62.014663,0.182574
 61|1.200609,10.853712,27.967784|1.202202,10.838238,28.060371,19.161762,63.872540,0.182574|1.202169,10.838049,28.057150,19.161951,63.873170,0.182574
 62|1.220619,10.291937,28.179355|1.222159,10.276347,28.271742,19.723653,65.745509,0.182574|1.222127,10.276157,28.268410,19.723843,65.746143,0.182574
 63|1.240629,9.726041,28.379643|1.242116,9.710342,28.471830,20.289658,67.632194,0.182574|1.242085,9.710151,28.468384,20.289849,67.632831,0.182574
 64|1.260639,9.156251,28.568568|1.262073,9.140447,28.660555,20.859553,69.531842,0.182574|1.262043,9.140256,28.656994,20.859744,69.532479,0.182574
 65|1.280649,8.582795,28.746054|1.282029,8.566893,28.837841,21.433107,71.443691,0.182574|1.282000,8.566702,28.834163,21.433298,71.444326,0.182574
 66|1.300659,8.005903,28.912031|1.301984,7.989907,29.003616,22.010093,73.366976,0.182574|1.301957,7.989718,28.999820,22.010282,73.367607,0.182574
 67|1.320670,7.425805,29.066431|1.321939,7.409722,29.157816,22.590278,75.300927,0.182574|1.321913,7.409535,29.153899,22.590465,75.301552,0.182574
 68|1.340680,6.842733,29.209194|1.341894,6.826569,29.300377,23.173431,77.244770,0.182574|1.341870,6.826384,29.296338,23.173616,77.245385,0.182574
 69|1.360690,6.256922,29.340261|1.361848,6.240682,29.431244,23.759318,79.197726,0.182574|1.361826,6.240501,29.427081,23.759499,79.198330,0.182574
 70|1.380700,5.668606,29.459581|1.381802,5.652296,29.550363,24.347704,81.159015,0.182574|1.381781,5.652119,29.546075,24.347881,81.159604,0.182574
 71|1.400710,5.078020,29.567105|1.401756,5.061645,29.657687,24.938355,83.127850,0.182574|1.401737,5.061473,29.653273,24.938527,83.128422,0.182574
 72|1.420720,4.485401,29.662791|1.421709,4.468967,29.753173,25.531033,85.103444,0.182574|1.421692,4.468801,29.748630,25.531199,85.103995,0.182574
 73|1.440730,3.890986,29.746600|1.441662,3.874498,29.836782,26.125502,87.085005,0.182574|1.441648,3.874340,29.832110,26.125660,87.085533,0.182574
 74|1.460741,3.295013,29.818499|1.461615,3.278478,29.908482,26.721522,89.071741,0.182574|1.461603,3.278327,29.903679,26.721673,89.072242,0.182574
 75|1.480751,2.697720,29.878459|1.481568,2.681143,29.968243,27.318857,91.062856,0.182574|1.481558,2.681002,29.963308,27.318998,91.063326,0.182574
 76|1.500761,2.099348,29.926455|1.501520,2.082734,30.016042,27.917266,93.057553,0.182574|1.501513,2.082603,30.010973,27.917397,93.057989,0.182574
 77|1.520771,1.500135,29.962470|1.521472,1.483490,30.051860,28.516510,95.055034,0.182574|1.521467,1.483370,30.046656,28.516630,95.055432,0.182574
 78|1.540781,0.900321,29.986487|1.541424,0.883651,30.075681,29.116349,97.054498,0.182574|1.541422,0.883544,30.070341,29.116456,97.054855,0.182574
 79|1.560791,0.300147,29.998498|1.561376,0.283456,30.087498,29.716544,99.055146,0.182574|1.561377,0.283363,30.082020,29.716637,99.055457,0.182574
 80|1.580801,-0.300147,29.998498|1.581327,-0.316853,30.087304,29.683147,98.943824,0.182574|1.581332,-0.316931,30.081688,29.683069,98.943562,0.182574
 81|1.600812,-0.900321,29.986487|1.601278,-0.917036,30.075100,29.082964,96.943213,0.182574|1.601286,-0.917099,30.069344,29.082901,96.943004,0.182574
 82|1.620822,-1.500135,29.962470|1.621230,-1.516854,30.050890,28.483146,94.943821,0.182574|1.621241,-1.516899,30.044995,28.483101,94.943670,0.182574
 83|1.640832,-2.099348,29.926455|1.641181,-2.116065,30.014686,27.883935,92.946448,0.182574|1.641196,-2.116092,30.008648,27.883908,92.946360,0.182574
 84|1.660842,-2.697720,29.878459|1.661132,-2.714431,29.966500,27.285569,90.951896,0.182574|1.661151,-2.714438,29.960321,27.285562,90.951874,0.182574
 85|1.680852,-3.295013,29.818499|1.681083,-3.311712,29.906353,26.688288,88.960961,0.182574|1.681106,-3.311697,29.900030,26.688303,88.961010,0.182574
 86|1.700862,-3.890986,29.746600|1.701034,-3.907668,29.834268,26.092332,86.974441,0.182574|1.701061,-3.907630,29.827801,26.092370,86.974567,0.182574
 87|1.720872,-4.485401,29.662791|1.720985,-4.502061,29.750274,25.497939,84.993131,0.182574|1.721016,-4.501999,29.743663,25.498001,84.993338,0.182574
 88|1.740883,-5.078020,29.567105|1.740936,-5.094652,29.654405,24.905348,83.017825,0.182574|1.740971,-5.094565,29.647649,24.905435,83.018117,0.182574
 89|1.760893,-5.668606,29.459581|1.760887,-5.685206,29.546700,24.314794,81.049313,0.182574|1.760927,-5.685091,29.539798,24.314909,81.049696,0.182574
 90|1.780903,-6.256922,29.340261|1.780839,-6.273485,29.427201,23.726515,79.088383,0.182574|1.780883,-6.273341,29.420152,23.726659,79.088862,0.182574
 91|1.800913,-6.842733,29.209194|1.800790,-6.859254,29.295955,23.140746,77.135821,0.182574|1.800839,-6.859080,29.288760,23.140920,77.136400,0.182574
 92|1.820923,-7.425805,29.066431|1.820741,-7.442278,29.153017,22.557722,75.192407,0.182574|1.820795,-7.442072,29.145675,22.557928,75.193093,0.182574
 93|1.840933,-8.005903,28.912031|1.840693,-8.022324,28.998443,21.977676,73.258920,0.182574|1.840752,-8.022085,28.990953,21.977915,73.259717,0.182574
 94|1.860943,-8.582795,28.746054|1.860645,-8.599160,28.832294,21.400840,71.336135,0.182574|1.860708,-8.598885,28.824657,21.401115,71.337049,0.182574
 95|1.880954,-9.156251,28.568568|1.880596,-9.172554,28.654637,20.827446,69.424820,0.182574|1.880666,-9.172243,28.646853,20.827757,69.425856,0.182574
 96|1.900964,-9.726041,28.379643|1.900549,-9.742278,28.465545,20.257722,67.525740,0.182574|1.900623,-9.741929,28.457612,20.258071,67.526905,0.182574
 97|1.920974,-10.291937,28.179355|1.920501,-10.308103,28.265091,19.691897,65.639657,0.182574|1.920581,-10.307713,28.257011,19.692287,65.640955,0.182574
 98|1.940984,-10.853712,27.967784|1.940454,-10.869802,28.053356,19.130198,63.767326,0.182574|1.940539,-10.869371,28.045129,19.130629,63.768762,0.182574
 99|1.960994,-11.411141,27.745015|1.960406,-11.427152,27.830426,18.572848,61.909495,0.182574|1.960498,-11.426677,27.822051,18.573323,61.911076,0.182574
100|1.981004,-11.964001,27.511137|1.980360,-11.979928,27.596389,18.020072,60.066908,0.182574|1.980457,-11.979408,27.587867,18.020592,60.068640,0.182574
101|2.001014,-12.512071,27.266244|2.000313,-12.527909,27.351339,17.472091,58.240304,0.182574|2.000416,-12.527342,27.342671,17.472658,58.242192,0.182574
102|2.021025,-13.055131,27.010434|2.020267,-13.070876,27.095374,16.929124,56.430413,0.182574|2.020376,-13.070261,27.086560,16.929739,56.432464,0.182574
103|2.041035,-13.592964,26.743809|2.040221,-13.608612,26.828597,16.391388,54.637960,0.182574|2.040336,-13.607946,26.819637,16.392054,54.640179,0.182574
104|2.061045,-14.125355,26.466476|2.060176,-14.140901,26.551114,15.859099,52.863663,0.182574|2.060297,-14.140183,26.542009,15.859817,52.866055,0.182574
105|2.081055,-14.652090,26.178546|2.080131,-14.667530,26.263037,15.332470,51.108232,0.182574|2.080259,-14.666759,26.253787,15.333241,51.110804,0.182574
106|2.101065,-15.172958,25.880134|2.100087,-15.188289,25.964480,14.811711,49.372369,0.182574|2.100221,-15.187462,25.955087,14.812538,49.375127,0.182574
107|2.121075,-15.687751,25.571360|2.120043,-15.702969,25.655564,14.297031,47.656770,0.182574|2.120183,-15.702084,25.646028,14.297916,47.659720,0.182574
108|2.141085,-16.196263,25.252348|2.139999,-16.211363,25.336411,13.788637,45.962122,0.182574|2.140146,-16.210419,25.326733,13.789581,45.965269,0.182574
109|2.161096,-16.698290,24.923224|2.159956,-16.713269,25.007151,13.286731,44.289103,0.182574|2.160110,-16.712264,24.997332,13.287736,44.292453,0.182574
110|2.181106,-17.193631,24.584122|2.179914,-17.208485,24.667914,12.791515,42.638382,0.182574|2.180074,-17.207417,24.657955,12.792583,42.641942,0.182574
111|2.201116,-17.682088,24.235176|2.199872,-17.696814,24.318836,12.303186,41.010621,0.182574|2.200039,-17.695681,24.308738,12.304319,41.014396,0.182574
112|2.221126,-18.163465,23.876527|2.219831,-18.178058,23.960057,11.821942,39.406472,0.182574|2.220005,-18.176860,23.949822,11.823140,39.410468,0.182574
113|2.241136,-18.637570,23.508318|2.239790,-18.652027,23.591721,11.347973,37.826576,0.182574|2.239971,-18.650761,23.581350,11.349239,37.830798,0.182574
114|2.261146,-19.104212,23.130696|2.259750,-19.118530,23.213975,10.881470,36.271566,0.182574|2.259938,-19.117194,23.203470,10.882806,36.276021,0.182574
115|2.281156,-19.563205,22.743813|2.279711,-19.577381,22.826971,10.422619,34.742064,0.182574|2.279905,-19.575973,22.816332,10.424027,34.746758,0.182574
116|2.301167,-20.014365,22.347823|2.299672,-20.028395,22.430862,9.971605,33.238684,0.182574|2.299874,-20.026913,22.420092,9.973087,33.243622,0.182574
117|2.321177,-20.457512,21.942885|2.319634,-20.471392,22.025809,9.528608,31.762026,0.182574|2.319843,-20.469836,22.014909,9.530164,31.767214,0.182574
118|2.341187,-20.892467,21.529162|2.339597,-20.906195,21.611973,9.093805,30.312682,0.182574|2.339813,-20.904562,21.600945,9.095438,30.318126,0.182574
119|2.361197,-21.319057,21.106819|2.359560,-21.332630,21.189519,8.667370,28.891233,0.182574|2.359783,-21.330919,21.178365,8.669081,28.896938,0.182574
120|2.381207,-21.737112,20.676024|2.379524,-21.750526,20.758617,8.249474,27.498247,0.182574|2.379755,-21.748734,20.747338,8.251266,27.504219,0.182574
121|2.401217,-22.146463,20.236951|2.399489,-22.159715,20.319440,7.840285,26.134282,0.182574|2.399727,-22.157842,20.308038,7.842158,26.140527,0.182574
122|2.421227,-22.546946,19.789775|2.419455,-22.560035,19.872162,7.439965,24.799885,0.182574|2.419700,-22.558078,19.860640,7.441922,24.806407,0.182574
123|2.441238,-22.938402,19.334676|2.439422,-22.951323,19.416964,7.048677,23.495589,0.182574|2.439674,-22.949282,19.405324,7.050718,23.502393,0.182574
124|2.461248,-23.320674,18.871835|2.459389,-23.333425,18.954027,6.666575,22.221916,0.182574|2.459648,-23.331297,18.942271,6.668703,22.229009,0.182574
125|2.481258,-23.693608,18.401438|2.479358,-23.706187,18.483537,6.293813,20.979378,0.182574|2.479624,-23.703971,18.471667,6.296029,20.986764,0.182574
126|2.501268,-24.057056,17.923674|2.499327,-24.069459,18.005681,5.930541,19.768470,0.182574|2.499600,-24.067154,17.993701,5.932846,19.776154,0.182574
127|2.521278,-24.410871,17.438732|2.519297,-24.423097,17.520653,5.576903,18.589678,0.182574|2.519577,-24.420700,17.508563,5.579300,18.597666,0.182574
128|2.541288,-24.754912,16.946809|2.539268,-24.766958,17.028645,5.233042,17.443474,0.182574|2.539556,-24.764469,17.016448,5.235531,17.451770,0.182574
129|2.561298,-25.089042,16.448100|2.559240,-25.100905,16.529854,4.899095,16.330317,0.182574|2.559535,-25.098322,16.517554,4.901678,16.338925,0.182574
130|2.581309,-25.413126,15.942805|2.579213,-25.424804,16.024481,4.575196,15.250652,0.182574|2.579515,-25.422127,16.012079,4.577873,15.259578,0.182574
131|2.601319,-25.727035,15.431127|2.599187,-25.738526,15.512727,4.261474,14.204912,0.182574|2.599496,-25.735752,15.500227,4.264248,14.214160,0.182574
132|2.621329,-26.030643,14.913270|2.619162,-26.041945,14.994797,3.958055,13.193516,0.182574|2.619477,-26.039073,14.982202,3.960927,13.203090,0.182574
133|2.641339,-26.323828,14.389443|2.639138,-26.334940,14.470899,3.665060,12.216868,0.182574|2.639460,-26.331968,14.458211,3.668032,12.226773,0.182574
134|2.661349,-26.606474,13.859853|2.659115,-26.617392,13.941243,3.382608,11.275359,0.182574|2.659444,-26.614320,13.928465,3.385680,11.285599,0.182574
135|2.681359,-26.878467,13.324715|2.679093,-26.889190,13.406041,3.110810,10.369367,0.182574|2.679429,-26.886016,13.393175,3.113984,10.379945,0.182574
136|2.701369,-27.139697,12.784241|2.699072,-27.150224,12.865506,2.849776,9.499254,0.182574|2.699415,-27.146947,12.852556,2.853053,9.510175,0.182574
137|2.721380,-27.390062,12.238649|2.719052,-27.400389,12.319855,2.599611,8.665369,0.182574|2.719402,-27.397009,12.306825,2.602991,8.676636,0.182574
138|2.741390,-27.629459,11.688156|2.739033,-27.639586,11.769307,2.360414,7.868045,0.182574|2.739389,-27.636101,11.756199,2.363899,7.879662,0.182574
139|2.761400,-27.857794,11.132984|2.759016,-27.867719,11.214082,2.132281,7.107602,0.182574|2.759378,-27.864128,11.200900,2.135872,7.119572,0.182574
140|2.781410,-28.074975,10.573354|2.778999,-28.084697,10.654403,1.915303,6.384344,0.182574|2.779368,-28.080999,10.641149,1.919001,6.396671,0.182574
141|2.801420,-28.280914,10.009490|2.798984,-28.290432,10.090493,1.709568,5.698561,0.182574|2.799359,-28.286626,10.077171,1.713374,5.711247,0.182574
142|2.821430,-28.475530,9.441619|2.818969,-28.484842,9.522578,1.515158,5.050528,0.182574|2.819351,-28.480927,9.509191,1.519073,5.063576,0.182574
143|2.841440,-28.658745,8.869967|2.838956,-28.667849,8.950886,1.332151,4.440503,0.182574|2.839344,-28.663825,8.937438,1.336175,4.453917,0.182574
144|2.861451,-28.830485,8.294764|2.858944,-28.839381,8.375645,1.160619,3.868731,0.182574|2.859338,-28.835246,8.362139,1.164754,3.882513,0.182574
145|2.881461,-28.990682,7.716240|2.878934,-28.999367,7.797086,1.000633,3.335442,0.182574|2.879333,-28.995122,7.783525,1.004878,3.349594,0.182574
146|2.901471,-29.139271,7.134626|2.898924,-29.147745,7.215440,0.852255,2.840849,0.182574|2.899329,-29.143388,7.201829,0.856612,2.855373,0.182574
147|2.921481,-29.276193,6.550156|2.918916,-29.284455,6.630941,0.715545,2.385149,0.182574|2.919326,-29.279986,6.617282,0.720014,2.400048,0.182574
148|2.941491,-29.401393,5.963063|2.938908,-29.409442,6.043822,0.590558,1.968525,0.182574|2.939325,-29.404860,6.030119,0.595140,1.983801,0.182574
149|2.961501,-29.514820,5.373582|2.958902,-29.522657,5.454318,0.477343,1.591145,0.182574|2.959324,-29.517960,5.440575,0.482040,1.606799,0.182574
150|2.981511,-29.616431,4.781950|2.978898,-29.624052,4.862666,0.375948,1.253158,0.182574|2.979325,-29.619242,4.848886,0.380758,1.269192,0.182574
151|3.001522,-29.706183,4.188403|2.998894,-29.713589,4.269102,0.286411,0.954702,0.182574|2.999326,-29.708665,4.255289,0.291335,0.971117,0.182574
152|3.021532,-29.784040,3.593179|3.018892,-29.791232,3.673864,0.208768,0.695894,0.182574|3.019329,-29.786193,3.660022,0.213807,0.712691,0.182574
153|3.041542,-29.849973,2.996517|3.038891,-29.856948,3.077190,0.143052,0.476839,0.182574|3.039333,-29.851794,3.063323,0.148206,0.494020,0.182574
154|3.061552,-29.903954,2.398654|3.058891,-29.910712,2.479319,0.089288,0.297625,0.182574|3.059338,-29.905443,2.465430,0.094557,0.315190,0.182574
155|3.081562,-29.945961,1.799832|3.078893,-29.952503,1.880491,0.047497,0.158323,0.182574|3.079344,-29.947118,1.866583,0.052882,0.176273,0.182574
156|3.101572,-29.975979,1.200288|3.098895,-29.982303,1.280945,0.017697,0.058989,0.182574|3.099351,-29.976803,1.267023,0.023197,0.077324,0.182574
157|3.121583,-29.993994,0.600264|3.118899,-30.000101,0.680921,0.000101,0.000337,0.182574|3.119359,-29.994485,0.666989,0.005515,0.018384,0.182574
158|3.141593,-30.000000,0.000000|3.138905,-30.005889,0.080660,0.005889,0.019631,0.182574|3.139369,-30.000158,0.066721,0.000158,0.000525,0.182574
159|3.161603,-29.993994,-0.600264|3.158911,-29.999666,-0.519599,0.000334,0.001114,0.182574|3.159379,-29.993818,-0.533540,0.006182,0.020606,0.182574
160|3.181613,-29.975979,-1.200288|3.178919,-29.981433,-1.119614,0.018567,0.061891,0.182574|3.179391,-29.975470,-1.133555,0.024530,0.081767,0.182574
161|3.201623,-29.945961,-1.799832|3.198928,-29.951198,-1.719145,0.048802,0.162674,0.182574|3.199403,-29.945119,-1.733082,0.054881,0.182935,0.182574
162|3.221633,-29.903954,-2.398654|3.218938,-29.908973,-2.317953,0.091027,0.303424,0.182574|3.219417,-29.902779,-2.331882,0.097221,0.324069,0.182574
163|3.241643,-29.849973,-2.996517|3.238950,-29.854775,-2.915798,0.145225,0.484084,0.182574|3.239432,-29.848466,-2.929714,0.151534,0.505112,0.182574
164|3.261654,-29.784040,-3.593179|3.258963,-29.788625,-3.512440,0.211375,0.704582,0.182574|3.259448,-29.782202,-3.526340,0.217798,0.725992,0.182574
165|3.281664,-29.706183,-4.188403|3.278977,-29.710551,-4.107641,0.289449,0.964830,0.182574|3.279465,-29.704014,-4.121521,0.295986,0.986621,0.182574
166|3.301674,-29.616431,-4.781950|3.298992,-29.620583,-4.701162,0.379417,1.264724,0.182574|3.299484,-29.613932,-4.715019,0.386068,1.286893,0.182574
167|3.321684,-29.514820,-5.373582|3.319009,-29.518757,-5.292765,0.481243,1.604142,0.182574|3.319503,-29.511993,-5.306595,0.488007,1.626690,0.182574
168|3.341694,-29.401393,-5.963063|3.339027,-29.405115,-5.882214,0.594885,1.982951,0.182574|3.339523,-29.398238,-5.896013,0.601762,2.005874,0.182574
169|3.361704,-29.276193,-6.550156|3.359046,-29.279701,-6.469272,0.720299,2.400998,0.182574|3.359545,-29.272712,-6.483037,0.727288,2.424294,0.182574
170|3.381714,-29.139271,-7.134626|3.379067,-29.142566,-7.053705,0.857434,2.858115,0.182574|3.379568,-29.135465,-7.067431,0.864535,2.881783,0.182574
171|3.401725,-28.990682,-7.716240|3.399089,-28.993764,-7.635279,1.006236,3.354120,0.182574|3.399591,-28.986553,-7.648963,1.013447,3.378157,0.182574
172|3.421735,-28.830485,-8.294764|3.419112,-28.833356,-8.213760,1.166644,3.888813,0.182574|3.419616,-28.826035,-8.227399,1.173965,3.913217,0.182574
173|3.441745,-28.658745,-8.869967|3.439136,-28.661405,-8.788917,1.338595,4.461982,0.182574|3.439642,-28.653975,-8.802507,1.346025,4.486750,0.182574
174|3.461755,-28.475530,-9.441619|3.459161,-28.477981,-9.360520,1.522019,5.073397,0.182574|3.459669,-28.470442,-9.374057,1.529558,5.098525,0.182574
175|3.481765,-28.280914,-10.009490|3.479188,-28.283156,-9.928340,1.716844,5.722812,0.182574|3.479697,-28.275510,-9.941820,1.724490,5.748299,0.182574
176|3.501775,-28.074975,-10.573354|3.499216,-28.077010,-10.492150,1.922990,6.409968,0.182574|3.499726,-28.069257,-10.505570,1.930743,6.435809,0.182574
177|3.521785,-27.857794,-11.132984|3.519245,-27.859623,-11.051723,2.140377,7.134590,0.182574|3.519756,-27.851765,-11.065079,2.148235,7.160782,0.182574
178|3.541796,-27.629459,-11.688156|3.539275,-27.631084,-11.606835,2.368916,7.896387,0.182574|3.539787,-27.623122,-11.620125,2.376878,7.922927,0.182574
179|3.561806,-27.390062,-12.238649|3.559307,-27.391484,-12.157265,2.608516,8.695055,0.182574|3.559819,-27.383418,-12.170485,2.616582,8.721939,0.182574
180|3.581816,-27.139697,-12.784241|3.579340,-27.140918,-12.702793,2.859082,9.530273,0.182574|3.579853,-27.132751,-12.715939,2.867249,9.557498,0.182574
181|3.601826,-26.878467,-13.324715|3.599373,-26.879487,-13.243198,3.120513,10.401708,0.182574|3.599887,-26.871219,-13.256267,3.128781,10.429269,0.182574
182|3.621836,-26.606474,-13.859853|3.619409,-26.607297,-13.778266,3.392703,11.309011,0.182574|3.619922,-26.598929,-13.791255,3.401071,11.336903,0.182574
183|3.641846,-26.323828,-14.389443|3.639445,-26.324455,-14.307782,3.675545,12.251818,0.182574|3.639958,-26.315989,-14.320687,3.684011,12.280037,0.182574
184|3.661856,-26.030643,-14.913270|3.659482,-26.031075,-14.831533,3.968925,13.229751,0.182574|3.659995,-26.022512,-14.844352,3.977488,13.258294,0.182574
185|3.681867,-25.727035,-15.431127|3.679520,-25.727274,-15.349311,4.272726,14.242420,0.182574|3.680033,-25.718616,-15.362040,4.281384,14.271281,0.182574
186|3.701877,-25.413126,-15.942805|3.699560,-25.413175,-15.860907,4.586825,15.289418,0.182574|3.700073,-25.404422,-15.873544,4.595578,15.318593,0.182574
187|3.721887,-25.089042,-16.448100|3.719601,-25.088902,-16.366117,4.911098,16.370327,0.182574|3.720113,-25.080057,-16.378659,4.919943,16.399810,0.182574
188|3.741897,-24.754912,-16.946809|3.739642,-24.754586,-16.864739,5.245414,17.484713,0.182574|3.740154,-24.745650,-16.877182,5.254350,17.514501,0.182574
189|3.761907,-24.410871,-17.438732|3.759685,-24.410361,-17.356573,5.589639,18.632131,0.182574|3.760195,-24.401335,-17.368915,5.598665,18.662217,0.182574
190|3.781917,-24.057056,-17.923674|3.779729,-24.056364,-17.841422,5.943636,19.812121,0.182574|3.780238,-24.047250,-17.853659,5.952750,19.842501,0.182574
191|3.801927,-23.693608,-18.401438|3.799774,-23.692737,-18.319092,6.307263,21.024211,0.182574|3.800282,-23.683536,-18.331222,6.316464,21.054879,0.182574
192|3.821938,-23.320674,-18.871835|3.819820,-23.319625,-18.789392,6.680375,22.267915,0.182574|3.820327,-23.310340,-18.801412,6.689660,22.298866,0.182574
193|3.841948,-22.938402,-19.334676|3.839866,-22.937179,-19.252132,7.062821,23.542736,0.182574|3.840372,-22.927811,-19.264040,7.072189,23.573963,0.182574
194|3.861958,-22.546946,-19.789775|3.859914,-22.545551,-19.707129,7.454449,24.848162,0.182574|3.860418,-22.536102,-19.718922,7.463898,24.879661,0.182574
195|3.881968,-22.146463,-20.236951|3.879963,-22.144899,-20.154199,7.855101,26.183672,0.182574|3.880466,-22.135369,-20.165875,7.864631,26.215437,0.182574
196|3.901978,-21.737112,-20.676024|3.900013,-21.735381,-20.593164,8.264619,27.548729,0.182574|3.900514,-21.725774,-20.604721,8.274226,27.580754,0.182574
197|3.921988,-21.319057,-21.106819|3.920063,-21.317163,-21.023848,8.682837,28.942789,0.182574|3.920562,-21.307480,-21.035283,8.692520,28.975068,0.182574
198|3.941998,-20.892467,-21.529162|3.940115,-20.890412,-21.446078,9.109588,30.365292,0.182574|3.940612,-20.880654,-21.457389,9.119346,30.397820,0.182574
199|3.962009,-20.457512,-21.942885|3.960168,-20.455299,-21.859686,9.544701,31.815670,0.182574|3.960663,-20.445468,-21.870871,9.554532,31.848439,0.182574
200|3.982019,-20.014365,-22.347823|3.980221,-20.011998,-22.264506,9.988002,33.293341,0.182574|3.980714,-20.002096,-22.275562,9.997904,33.326346,0.182574
201|4.002029,-19.563205,-22.743813|4.000275,-19.560686,-22.660375,10.439314,34.797713,0.182574|4.000766,-19.550716,-22.671301,10.449284,34.830948,0.182574
202|4.022039,-19.104212,-23.130696|4.020330,-19.101545,-23.047135,10.898455,36.328184,0.182574|4.020818,-19.091507,-23.057929,10.908493,36.361643,0.182574
203|4.042049,-18.637570,-23.508318|4.040386,-18.634757,-23.424632,11.365243,37.884142,0.182574|4.040872,-18.624655,-23.435291,11.375345,37.917818,0.182574
204|4.062059,-18.163465,-23.876527|4.060442,-18.160511,-23.792713,11.839489,39.464963,0.182574|4.060926,-18.150345,-23.803236,11.849655,39.498850,0.182574
205|4.082069,-17.682088,-24.235176|4.080500,-17.678995,-24.151232,12.321005,41.070015,0.182574|4.080980,-17.668768,-24.161618,12.331232,41.104106,0.182574
206|4.102080,-17.193631,-24.584122|4.100558,-17.190404,-24.500046,12.809596,42.698654,0.182574|4.101036,-17.180117,-24.510292,12.819883,42.732944,0.182574
207|4.122090,-16.698290,-24.923224|4.120617,-16.694931,-24.839013,13.305069,44.350229,0.182574|4.121092,-16.684587,-24.849119,13.315413,44.384710,0.182574
208|4.142100,-16.196263,-25.252348|4.140676,-16.192777,-25.167999,13.807223,46.024078,0.182574|4.141149,-16.182377,-25.177963,13.817623,46.058745,0.182574
209|4.162110,-15.687751,-25.571360|4.160737,-15.684141,-25.486872,14.315859,47.719531,0.182574|4.161206,-15.673687,-25.496692,14.326313,47.754376,0.182574
210|4.182120,-15.172958,-25.880134|4.180797,-15.169228,-25.795505,14.830772,49.435908,0.182574|4.181264,-15.158722,-25.805180,14.841278,49.470927,0.182574
211|4.202130,-14.652090,-26.178546|4.200859,-14.648243,-26.093773,15.351757,51.172524,0.182574|4.201322,-14.637688,-26.103302,15.362312,51.207708,0.182574
212|4.222140,-14.125355,-26.466476|4.220921,-14.121396,-26.381557,15.878604,52.928681,0.182574|4.221381,-14.110792,-26.390939,15.889208,52.964026,0.182574
213|4.242151,-13.592964,-26.743809|4.240984,-13.588897,-26.658741,16.411103,54.703678,0.182574|4.241441,-13.578247,-26.667975,16.421753,54.739175,0.182574
214|4.262161,-13.055131,-27.010434|4.261047,-13.050959,-26.925216,16.949041,56.496803,0.182574|4.261501,-13.040266,-26.934301,16.959734,56.532447,0.182574
215|4.282171,-12.512071,-27.266244|4.281111,-12.507799,-27.180874,17.492201,58.307338,0.182574|4.281561,-12.497063,-27.189809,17.502937,58.343123,0.182574
216|4.302181,-11.964001,-27.511137|4.301175,-11.959632,-27.425613,18.040368,60.134559,0.182574|4.301622,-11.948857,-27.434397,18.051143,60.170477,0.182574
217|4.322191,-11.411141,-27.745015|4.321240,-11.406680,-27.659334,18.593320,61.977733,0.182574|4.321684,-11.395866,-27.667967,18.604134,62.013779,0.182574
218|4.342201,-10.853712,-27.967784|4.341305,-10.849163,-27.881945,19.150837,63.836122,0.182574|4.341746,-10.838313,-27.890426,19.161687,63.872290,0.182574
219|4.362211,-10.291937,-28.179355|4.361371,-10.287305,-28.093355,19.712695,65.708983,0.182574|4.361808,-10.276420,-28.101684,19.723580,65.745266,0.182574
220|4.382222,-9.726041,-28.379643|4.381437,-9.721331,-28.293481,20.278669,67.595565,0.182574|4.381871,-9.710413,-28.301657,20.289587,67.631957,0.182574
221|4.402232,-9.156251,-28.568568|4.401503,-9.151466,-28.482242,20.848534,69.495113,0.182574|4.401934,-9.140518,-28.490265,20.859482,69.531608,0.182574
222|4.422242,-8.582795,-28.746054|4.421570,-8.577940,-28.659563,21.422060,71.406866,0.182574|4.421997,-8.566963,-28.667432,21.433037,71.443457,0.182574
223|4.442252,-8.005903,-28.912031|4.441637,-8.000983,-28.825372,21.999017,73.330058,0.182574|4.442061,-7.989978,-28.833087,22.010022,73.366741,0.182574
224|4.462262,-7.425805,-29.066431|4.461705,-7.420824,-28.979604,22.579176,75.263920,0.182574|4.462125,-7.409794,-28.987165,22.590206,75.300688,0.182574
225|4.482272,-6.842733,-29.209194|4.481773,-6.837697,-29.122195,23.162303,77.207677,0.182574|4.482189,-6.826643,-29.129603,23.173357,77.244523,0.182574
226|4.502282,-6.256922,-29.340261|4.501841,-6.251835,-29.253090,23.748165,79.160551,0.182574|4.502254,-6.240759,-29.260344,23.759241,79.197470,0.182574
227|4.522293,-5.668606,-29.459581|4.521909,-5.663472,-29.372236,24.336528,81.121759,0.182574|4.522319,-5.652376,-29.379336,24.347624,81.158746,0.182574
228|4.542303,-5.078020,-29.567105|4.541978,-5.072845,-29.479585,24.927155,83.090517,0.182574|4.542384,-5.061730,-29.486532,24.938270,83.127566,0.182574
229|4.562313,-4.485401,-29.662791|4.562047,-4.480189,-29.575094,25.519811,85.066036,0.182574|4.562449,-4.469058,-29.581888,25.530942,85.103140,0.182574
230|4.582323,-3.890986,-29.746600|4.582116,-3.885743,-29.658726,26.114257,87.047524,0.182574|4.582514,-3.874596,-29.665366,26.125404,87.084679,0.182574
231|4.602333,-3.295013,-29.818499|4.602185,-3.289743,-29.730445,26.710257,89.034189,0.182574|4.602580,-3.278583,-29.736933,26.721417,89.071389,0.182574
232|4.622343,-2.697720,-29.878459|4.622254,-2.692430,-29.790224,27.307570,91.025234,0.182574|4.622645,-2.681258,-29.796560,27.318742,91.062475,0.182574
233|4.642353,-2.099348,-29.926455|4.642324,-2.094041,-29.838039,27.905959,93.019863,0.182574|4.642711,-2.082858,-29.844223,27.917142,93.057139,0.182574
234|4.662364,-1.500135,-29.962470|4.662393,-1.494817,-29.873870,28.505183,95.017276,0.182574|4.662777,-1.483625,-29.879904,28.516375,95.054582,0.182574
235|4.682374,-0.900321,-29.986487|4.682463,-0.894998,-29.897704,29.105002,97.016674,0.182574|4.682843,-0.883798,-29.903588,29.116202,97.054005,0.182574
236|4.702384,-0.300147,-29.998498|4.702532,-0.294823,-29.909530,29.705177,99.017256,0.182574|4.702909,-0.283618,-29.915265,29.716382,99.054608,0.182574
237|4.722394,0.300147,-29.998498|4.722602,0.305466,-29.909345,29.694534,98.981779,0.182574|4.722974,0.316677,-29.914930,29.683323,98.944412,0.182574
238|4.742404,0.900321,-29.986487|4.742671,0.905630,-29.897147,29.094370,96.981232,0.182574|4.743040,0.916844,-29.902585,29.083156,96.943854,0.182574
239|4.762414,1.500135,-29.962470|4.762741,1.505429,-29.872942,28.494571,94.981905,0.182574|4.763106,1.516644,-29.878233,28.483356,94.944520,0.182574
240|4.782424,2.099348,-29.926455|4.782810,2.104621,-29.836740,27.895379,92.984597,0.182574|4.783172,2.115837,-29.841886,27.884163,92.947210,0.182574
241|4.802435,2.697720,-29.878459|4.802880,2.702967,-29.788554,27.297033,90.990110,0.182574|4.803238,2.714182,-29.793556,27.285818,90.952725,0.182574
242|4.822445,3.295013,-29.818499|4.822949,3.300227,-29.728405,26.699773,88.999242,0.182574|4.823304,3.311441,-29.733263,26.688559,88.961862,0.182574
243|4.842455,3.890986,-29.746600|4.843018,3.896163,-29.656317,26.103837,87.012790,0.182574|4.843369,3.907374,-29.661033,26.092626,86.975420,0.182574
244|4.862465,4.485401,-29.662791|4.863087,4.490535,-29.572318,25.509465,85.031549,0.182574|4.863434,4.501742,-29.576893,25.498258,84.994192,0.182574
245|4.882475,5.078020,-29.567105|4.883156,5.083106,-29.476442,24.916894,83.056313,0.182574|4.883500,5.094308,-29.480877,24.905692,83.018973,0.182574
246|4.902485,5.668606,-29.459581|4.903224,5.673638,-29.368727,24.326362,81.087873,0.182574|4.903565,5.684834,-29.373024,24.315166,81.050553,0.182574
247|4.922495,6.256922,-29.340261|4.923293,6.261895,-29.249216,23.738105,79.127017,0.182574|4.923629,6.273084,-29.253376,23.726916,79.089721,0.182574
248|4.942506,6.842733,-29.209194|4.943361,6.847641,-29.117958,23.152359,77.174530,0.182574|4.943694,6.858822,-29.121983,23.141178,77.137261,0.182574
249|4.962516,7.425805,-29.066431|4.963429,7.430642,-28.975005,22.569358,75.231195,0.182574|4.963758,7.441813,-28.978896,22.558187,75.193956,0.182574
250|4.982526,8.005903,-28.912031|4.983497,8.010663,-28.820414,21.989337,73.297789,0.182574|4.983822,8.021825,-28.824172,21.978175,73.260583,0.182574
251|5.002536,8.582795,-28.746054|5.003564,8.587474,-28.654247,21.412526,71.375087,0.182574|5.003886,8.598625,-28.657875,21.401375,71.337917,0.182574
252|5.022546,9.156251,-28.568568|5.023631,9.160842,-28.476571,20.839158,69.463859,0.182574|5.023950,9.171982,-28.480069,20.828018,69.426726,0.182574
253|5.042556,9.726041,-28.379643|5.043698,9.730539,-28.287456,20.269461,67.564870,0.182574|5.044013,9.741667,-28.290827,20.258333,67.527778,0.182574
254|5.062567,10.291937,-28.179355|5.063764,10.296336,-28.086979,19.703664,65.678880,0.182574|5.064075,10.307451,-28.090224,19.692549,65.641831,0.182574
255|5.082577,10.853712,-27.967784|5.083830,10.858006,-27.875220,19.141994,63.806646,0.182574|5.084138,10.869108,-27.878341,19.130892,63.769642,0.182574
256|5.102587,11.411141,-27.745015|5.103895,11.415325,-27.652264,18.584675,61.948916,0.182574|5.104200,11.426412,-27.655261,18.573588,61.911959,0.182574
257|5.122597,11.964001,-27.511137|5.123961,11.968070,-27.418199,18.031930,60.106434,0.182574|5.124261,11.979142,-27.421076,18.020858,60.069526,0.182574
258|5.142607,12.512071,-27.266244|5.144025,12.516018,-27.173120,17.483982,58.279939,0.182574|5.144322,12.527076,-27.175878,17.472924,58.243081,0.182574
259|5.162617,13.055131,-27.010434|5.164089,13.058951,-26.917124,16.941049,56.470162,0.182574|5.164383,13.069993,-26.919766,16.930007,56.433356,0.182574
260|5.182627,13.592964,-26.743809|5.184153,13.596652,-26.650315,16.403348,54.677828,0.182574|5.184443,13.607677,-26.652841,16.392323,54.641075,0.182574
261|5.202638,14.125355,-26.466476|5.204216,14.128904,-26.372799,15.871096,52.903653,0.182574|5.204503,14.139913,-26.375212,15.860087,52.866955,0.182574
262|5.222648,14.652090,-26.178546|5.224279,14.655495,-26.084688,15.344505,51.148350,0.182574|5.224562,14.666488,-26.086989,15.333512,51.111708,0.182574
263|5.242658,15.172958,-25.880134|5.244341,15.176214,-25.786096,14.823786,49.412620,0.182574|5.244620,15.187189,-25.788288,14.812811,49.376035,0.182574
264|5.262668,15.687751,-25.571360|5.264403,15.690852,-25.477143,14.309148,47.697159,0.182574|5.264678,15.701810,-25.479227,14.298190,47.660632,0.182574
265|5.282678,16.196263,-25.252348|5.284464,16.199204,-25.157953,13.800796,46.002654,0.182574|5.284736,16.210144,-25.159932,13.789856,45.966185,0.182574
266|5.302688,16.698290,-24.923224|5.304524,16.701065,-24.828654,13.298935,44.329783,0.182574|5.304792,16.711988,-24.830529,13.288012,44.293374,0.182574
267|5.322698,17.193631,-24.584122|5.324584,17.196235,-24.489378,12.803765,42.679217,0.182574|5.324848,17.207140,-24.491151,12.792860,42.642867,0.182574
268|5.342709,17.682088,-24.235176|5.344644,17.684515,-24.140260,12.315485,41.051616,0.182574|5.344904,17.695402,-24.141934,12.304598,41.015325,0.182574
269|5.362719,18.163465,-23.876527|5.364702,18.165711,-23.781441,11.834289,39.447631,0.182574|5.364959,18.176580,-23.783017,11.823420,39.411401,0.182574
270|5.382729,18.637570,-23.508318|5.384760,18.639628,-23.413063,11.360372,37.867906,0.182574|5.385013,18.650479,-23.414544,11.349521,37.831736,0.182574
271|5.402739,19.104212,-23.130696|5.404817,19.106078,-23.035276,10.893922,36.313073,0.182574|5.405066,19.116911,-23.036663,10.883089,36.276964,0.182574
272|5.422749,19.563205,-22.743813|5.424874,19.564874,-22.648229,10.435126,34.783755,0.182574|5.425119,19.575688,-22.649525,10.424312,34.747705,0.182574
273|5.442759,20.014365,-22.347823|5.444930,20.015831,-22.252078,9.984169,33.280563,0.182574|5.445171,20.026628,-22.253284,9.973372,33.244574,0.182574
274|5.462769,20.457512,-21.942885|5.464985,20.458770,-21.846982,9.541230,31.804100,0.182574|5.465222,20.469549,-21.848100,9.530451,31.768171,0.182574
275|5.482780,20.892467,-21.529162|5.485040,20.893513,-21.433102,9.106487,30.354958,0.182574|5.485273,20.904274,-21.434135,9.095726,30.319087,0.182574
276|5.502790,21.319057,-21.106819|5.505093,21.319885,-21.010605,8.680115,28.933716,0.182574|5.505323,21.330629,-21.011555,8.669371,28.897904,0.182574
277|5.522800,21.737112,-20.676024|5.525146,21.737717,-20.579660,8.262283,27.540943,0.182574|5.525372,21.748443,-20.580528,8.251557,27.505189,0.182574
278|5.542810,22.146463,-20.236951|5.545199,22.146841,-20.140439,7.853159,26.177198,0.182574|5.545420,22.157550,-20.141228,7.842450,26.141501,0.182574
279|5.562820,22.546946,-19.789775|5.565250,22.547092,-19.693118,7.452908,24.843026,0.182574|5.565467,22.557784,-19.693829,7.442216,24.807386,0.182574
280|5.582830,22.938402,-19.334676|5.585301,22.938312,-19.237877,7.061688,23.538961,0.182574|5.585513,22.948987,-19.238513,7.051013,23.503377,0.182574
281|5.602840,23.320674,-18.871835|5.605350,23.320342,-18.774897,6.679658,22.265527,0.182574|5.605559,23.331001,-18.775460,6.668999,22.229998,0.182574
282|5.622851,23.693608,-18.401438|5.625399,23.693031,-18.304364,6.306969,21.023232,0.182574|5.625604,23.703673,-18.304855,6.296327,20.987757,0.182574
283|5.642861,24.057056,-17.923674|5.645448,24.056228,-17.826467,5.943772,19.812574,0.182574|5.645648,24.066854,-17.826889,5.933146,19.777152,0.182574
284|5.662871,24.410871,-17.438732|5.665495,24.409789,-17.341397,5.590211,18.634038,0.182574|5.665690,24.420400,-17.341751,5.579600,18.598668,0.182574
285|5.682881,24.754912,-16.946809|5.685541,24.753571,-16.849348,5.246429,17.488096,0.182574|5.685732,24.764167,-16.849637,5.235833,17.452776,0.182574
286|5.702891,25.089042,-16.448100|5.705587,25.087438,-16.350517,4.912562,16.375207,0.182574|5.705774,25.098019,-16.350742,4.901981,16.339936,0.182574
287|5.722901,25.413126,-15.942805|5.725632,25.411255,-15.845103,4.588745,15.295816,0.182574|5.725814,25.421822,-15.845268,4.578178,15.260593,0.182574
288|5.742911,25.727035,-15.431127|5.745676,25.724893,-15.333311,4.275107,14.250356,0.182574|5.745853,25.735446,-15.333416,4.264554,14.215179,0.182574
289|5.762922,26.030643,-14.913270|5.765719,26.028227,-14.815343,3.971773,13.239244,0.182574|5.765891,26.038766,-14.815391,3.961234,13.204113,0.182574
290|5.782932,26.323828,-14.389443|5.785761,26.321134,-14.291409,3.678866,12.262887,0.182574|5.785929,26.331660,-14.291400,3.668340,12.227800,0.182574
291|5.802942,26.606474,-13.859853|5.805802,26.603498,-13.761716,3.396502,11.321675,0.182574|5.805965,26.614011,-13.761654,3.385989,11.286630,0.182574
292|5.822952,26.878467,-13.324715|5.825842,26.875205,-13.226479,3.124795,10.415984,0.182574|5.826000,26.885706,-13.226365,3.114294,10.380980,0.182574
293|5.842962,27.139697,-12.784241|5.845881,27.136147,-12.685910,2.863853,9.546178,0.182574|5.846034,27.146636,-12.685747,2.853364,9.511213,0.182574
294|5.862972,27.390062,-12.238649|5.865920,27.386219,-12.140227,2.613781,8.712605,0.182574|5.866068,27.396697,-12.140015,2.603303,8.677678,0.182574
295|5.882982,27.629459,-11.688156|5.885957,27.625321,-11.589648,2.374679,7.915598,0.182574|5.886100,27.635788,-11.589390,2.364212,7.880707,0.182574
296|5.902993,27.857794,-11.132984|5.905993,27.853357,-11.034394,2.146643,7.155477,0.182574|5.906131,27.863814,-11.034091,2.136186,7.120621,0.182574
297|5.923003,28.074975,-10.573354|5.926029,28.070236,-10.474686,1.929764,6.432545,0.182574|5.926162,28.080683,-10.474341,1.919317,6.397722,0.182574
298|5.943013,28.280914,-10.009490|5.946063,28.275872,-9.910749,1.724128,5.747093,0.182574|5.946191,28.286309,-9.910364,1.713691,5.712302,0.182574
299|5.963023,28.475530,-9.441619|5.966097,28.470182,-9.342809,1.529818,5.099395,0.182574|5.966219,28.480610,-9.342385,1.519390,5.064634,0.182574
300|5.983033,28.658745,-8.869967|5.986129,28.653087,-8.771093,1.346913,4.489709,0.182574|5.986246,28.663507,-8.770632,1.336493,4.454977,0.182574
301|6.003043,28.830485,-8.294764|6.006161,28.824516,-8.195830,1.175484,3.918281,0.182574|6.006272,28.834927,-8.195334,1.165073,3.883576,0.182574
302|6.023053,28.990682,-7.716240|6.026191,28.984398,-7.617251,1.015602,3.385339,0.182574|6.026297,28.994802,-7.616721,1.005198,3.350659,0.182574
303|6.043064,29.139271,-7.134626|6.046221,29.132671,-7.035586,0.867329,2.891097,0.182574|6.046321,29.143068,-7.035025,0.856932,2.856441,0.182574
304|6.063074,29.276193,-6.550156|6.066250,29.269275,-6.451070,0.730725,2.435751,0.182574|6.066343,29.279665,-6.450479,0.720335,2.401118,0.182574
305|6.083084,29.401393,-5.963063|6.086277,29.394155,-5.863936,0.605845,2.019485,0.182574|6.086365,29.404538,-5.863317,0.595462,1.984872,0.182574
306|6.103094,29.514820,-5.373582|6.106304,29.507261,-5.274420,0.492739,1.642465,0.182574|6.106386,29.517638,-5.273774,0.482362,1.607872,0.182574
307|6.123104,29.616431,-4.781950|6.126329,29.608547,-4.682756,0.391453,1.304842,0.182574|6.126405,29.618920,-4.682086,0.381080,1.270267,0.182574
308|6.143114,29.706183,-4.188403|6.146353,29.697975,-4.089183,0.302025,1.006751,0.182574|6.146423,29.708342,-4.088490,0.291658,0.972193,0.182574
309|6.163124,29.784040,-3.593179|6.166377,29.775507,-3.493938,0.224493,0.748311,0.182574|6.166441,29.785869,-3.493223,0.214131,0.713769,0.182574
310|6.183135,29.849973,-2.996517|6.186399,29.841112,-2.897259,0.158888,0.529627,0.182574|6.186457,29.851470,-2.896525,0.148530,0.495099,0.182574
311|6.203145,29.903954,-2.398654|6.206420,29.894765,-2.299385,0.105235,0.350785,0.182574|6.206472,29.905119,-2.298633,0.094881,0.316270,0.182574
312|6.223155,29.945961,-1.799832|6.226441,29.936443,-1.700555,0.063557,0.211857,0.182574|6.226486,29.946794,-1.699787,0.053206,0.177353,0.182574
313|6.243165,29.975979,-1.200288|6.246460,29.966131,-1.101010,0.033869,0.112898,0.182574|6.246499,29.976479,-1.100228,0.023521,0.078405,0.182574
314|6.263175,29.993994,-0.600264|6.266478,29.983815,-0.500990,0.016185,0.053949,0.182574|6.266510,29.994161,-0.500195,0.005839,0.019465,0.182574
