OneBody4_E-0.10_plotinterval0.050_ecc0.0_RK4.txt
initial value : [x, y, v_x, v_y] = [45.00,0.00,0.00,0.45] , numerical interval dt = 0.02000 , [M, m] = [ 9, 1]

num|given_position|geodesic|newtonian
num| degree1, x1, y1 | degree2, x2, y2, simple error, relative error, d(rho) | degree2, x2, y2, simple error, relative error, dt
  1|0.000000,45.000000,0.000000|0.001111,44.999972,0.050000,0.000028,0.000062,0.111803|0.001111,44.999972,0.050000,0.000028,0.000062,0.111803
  2|0.020010,44.990991,0.900396|0.021121,44.990908,0.950396,0.009092,0.020205,0.111803|0.021121,44.990908,0.950396,0.009092,0.020205,0.111803
  3|0.040020,44.963968,1.800432|0.041131,44.963829,1.850430,0.036171,0.080379,0.111803|0.041131,44.963829,1.850430,0.036171,0.080379,0.111803
  4|0.060030,44.918942,2.699747|0.061140,44.918748,2.749743,0.081252,0.180560,0.111803|0.061140,44.918748,2.749742,0.081252,0.180560,0.111803
  5|0.080041,44.855931,3.597981|0.081148,44.855681,3.647974,0.144319,0.320709,0.111803|0.081148,44.855681,3.647972,0.144319,0.320709,0.111803
  6|0.100051,44.774960,4.494775|0.101157,44.774654,4.544763,0.225346,0.500768,0.111803|0.101157,44.774654,4.544761,0.225346,0.500768,0.111803
  7|0.120061,44.676061,5.389769|0.121164,44.675700,5.439752,0.324300,0.720666,0.111803|0.121164,44.675700,5.439748,0.324300,0.720666,0.111803
  8|0.140071,44.559274,6.282604|0.141172,44.558859,6.332582,0.441141,0.980314,0.111803|0.141172,44.558858,6.332577,0.441142,0.980315,0.111803
  9|0.160081,44.424646,7.172925|0.161179,44.424176,7.222896,0.575824,1.279610,0.111803|0.161179,44.424176,7.222889,0.575824,1.279610,0.111803
 10|0.180091,44.272230,8.060373|0.181186,44.271706,8.110336,0.728294,1.618432,0.111803|0.181185,44.271705,8.110328,0.728295,1.618432,0.111803
 11|0.200101,44.102089,8.944594|0.201192,44.101510,8.994549,0.898490,1.996646,0.111803|0.201192,44.101509,8.994538,0.898491,1.996646,0.111803
 12|0.220112,43.914289,9.825233|0.221198,43.913656,9.875179,1.086344,2.414099,0.111803|0.221197,43.913655,9.875166,1.086345,2.414099,0.111803
 13|0.240122,43.708906,10.701939|0.241203,43.708219,10.751874,1.291781,2.870625,0.111803|0.241203,43.708219,10.751859,1.291781,2.870626,0.111803
 14|0.260132,43.486023,11.574360|0.261208,43.485282,11.624284,1.514718,3.366041,0.111803|0.261208,43.485281,11.624266,1.514719,3.366042,0.111803
 15|0.280142,43.245728,12.442146|0.281213,43.244933,12.492058,1.755067,3.900148,0.111803|0.281212,43.244933,12.492037,1.755067,3.900149,0.111803
 16|0.300152,42.988118,13.304951|0.301217,42.987270,13.354850,2.012730,4.472733,0.111803|0.301216,42.987270,13.354826,2.012730,4.472734,0.111803
 17|0.320162,42.713296,14.162428|0.321220,42.712395,14.212314,2.287605,5.083566,0.111803|0.321220,42.712394,14.212287,2.287606,5.083568,0.111803
 18|0.340172,42.421371,15.014235|0.341224,42.420418,15.064106,2.579582,5.732404,0.111803|0.341223,42.420417,15.064075,2.579583,5.732406,0.111803
 19|0.360183,42.112462,15.860030|0.361227,42.111457,15.909886,2.888543,6.418985,0.111803|0.361226,42.111456,15.909852,2.888544,6.418987,0.111803
 20|0.380193,41.786691,16.699475|0.381230,41.785634,16.749315,3.214366,7.143035,0.111803|0.381229,41.785633,16.749277,3.214367,7.143038,0.111803
 21|0.400203,41.444189,17.532234|0.401232,41.443081,17.582056,3.556919,7.904265,0.111803|0.401231,41.443079,17.582014,3.556921,7.904268,0.111803
 22|0.420213,41.085092,18.357973|0.421234,41.083934,18.407777,3.916066,8.702368,0.111803|0.421233,41.083932,18.407731,3.916068,8.702372,0.111803
 23|0.440223,40.709546,19.176362|0.441235,40.708338,19.226147,4.291662,9.537027,0.111803|0.441234,40.708336,19.226096,4.291664,9.537032,0.111803
 24|0.460233,40.317700,19.987072|0.461236,40.316442,20.036838,4.683558,10.407907,0.111803|0.461235,40.316440,20.036783,4.683560,10.407912,0.111803
 25|0.480243,39.909711,20.789780|0.481237,39.908404,20.839526,5.091596,11.314658,0.111803|0.481236,39.908401,20.839465,5.091599,11.314664,0.111803
 26|0.500254,39.485743,21.584164|0.501237,39.484387,21.633889,5.515613,12.256919,0.111803|0.501236,39.484384,21.633823,5.515616,12.256925,0.111803
 27|0.520264,39.045964,22.369905|0.521237,39.044560,22.419609,5.955440,13.234311,0.111803|0.521236,39.044557,22.419537,5.955443,13.234318,0.111803
 28|0.540274,38.590552,23.146690|0.541237,38.589101,23.196371,6.410899,14.246443,0.111803|0.541235,38.589097,23.196294,6.410903,14.246451,0.111803
 29|0.560284,38.119689,23.914207|0.561236,38.118190,23.963865,6.881810,15.292910,0.111803|0.561234,38.118186,23.963782,6.881814,15.292919,0.111803
 30|0.580294,37.633563,24.672149|0.581235,37.632018,24.721783,7.367982,16.373294,0.111803|0.581233,37.632013,24.721694,7.367987,16.373303,0.111803
 31|0.600304,37.132368,25.420213|0.601233,37.130778,25.469822,7.869222,17.487160,0.111803|0.601232,37.130773,25.469727,7.869227,17.487171,0.111803
 32|0.620314,36.616306,26.158098|0.621232,36.614671,26.207682,8.385329,18.634065,0.111803|0.621230,36.614665,26.207580,8.385335,18.634077,0.111803
 33|0.640325,36.085584,26.885510|0.641229,36.083904,26.935067,8.916096,19.813547,0.111803|0.641228,36.083898,26.934960,8.916102,19.813560,0.111803
 34|0.660335,35.540412,27.602157|0.661227,35.538689,27.651688,9.461311,21.025136,0.111803|0.661225,35.538682,27.651573,9.461318,21.025150,0.111803
 35|0.680345,34.981011,28.307753|0.681224,34.979244,28.357256,10.020756,22.268346,0.111803|0.681222,34.979238,28.357134,10.020762,22.268361,0.111803
 36|0.700355,34.407603,29.002014|0.701221,34.405795,29.051489,10.594205,23.542678,0.111803|0.701219,34.405787,29.051360,10.594213,23.542695,0.111803
 37|0.720365,33.820419,29.684663|0.721218,33.818569,29.734109,11.181431,24.847624,0.111803|0.721215,33.818561,29.733973,11.181439,24.847642,0.111803
 38|0.740375,33.219694,30.355427|0.741214,33.217803,30.404844,11.782197,26.182660,0.111803|0.741212,33.217794,30.404699,11.782206,26.182679,0.111803
 39|0.760385,32.605668,31.014036|0.761210,32.603737,31.063423,12.396263,27.547252,0.111803|0.761207,32.603727,31.063271,12.396273,27.547272,0.111803
 40|0.780396,31.978586,31.660228|0.781205,31.976616,31.709584,13.023384,28.940854,0.111803|0.781203,31.976606,31.709424,13.023394,28.940875,0.111803
 41|0.800406,31.338701,32.293743|0.801201,31.336692,32.343068,13.663308,30.362907,0.111803|0.801198,31.336682,32.342900,13.663318,30.362930,0.111803
 42|0.820416,30.686267,32.914328|0.821196,30.684221,32.963622,14.315779,31.812842,0.111803|0.821193,30.684210,32.963444,14.315790,31.812866,0.111803
 43|0.840426,30.021548,33.521734|0.841190,30.019465,33.570996,14.980535,33.290078,0.111803|0.841188,30.019453,33.570810,14.980547,33.290105,0.111803
 44|0.860436,29.344807,34.115719|0.861185,29.342689,34.164947,15.657311,34.794025,0.111803|0.861182,29.342676,34.164753,15.657324,34.794053,0.111803
 45|0.880446,28.656318,34.696044|0.881179,28.654164,34.745239,16.345836,36.324080,0.111803|0.881176,28.654151,34.745035,16.345849,36.324109,0.111803
 46|0.900456,27.956354,35.262476|0.901173,27.954166,35.311638,17.045834,37.879631,0.111803|0.901170,27.954152,35.311424,17.045848,37.879661,0.111803
 47|0.920467,27.245197,35.814790|0.921166,27.242976,35.863917,17.757024,39.460053,0.111803|0.921164,27.242962,35.863695,17.757038,39.460085,0.111803
 48|0.940477,26.523132,36.352764|0.941160,26.520878,36.401857,18.479122,41.064716,0.111803|0.941157,26.520863,36.401624,18.479137,41.064750,0.111803
 49|0.960487,25.790446,36.876183|0.961153,25.788161,36.925240,19.211839,42.692976,0.111803|0.961150,25.788145,36.924997,19.211855,42.693011,0.111803
 50|0.980497,25.047435,37.384837|0.981146,25.045119,37.433858,19.954881,44.344181,0.111803|0.981143,25.045102,37.433605,19.954898,44.344218,0.111803
 51|1.000507,24.294394,37.878522|1.001138,24.292049,37.927507,20.707951,46.017670,0.111803|1.001135,24.292031,37.927244,20.707969,46.017708,0.111803
 52|1.020517,23.531627,38.357040|1.021131,23.529252,38.405989,21.470748,47.712773,0.111803|1.021128,23.529234,38.405716,21.470766,47.712813,0.111803
 53|1.040528,22.759437,38.820201|1.041123,22.757034,38.869113,22.242966,49.428812,0.111803|1.041120,22.757016,38.868829,22.242984,49.428854,0.111803
 54|1.060538,21.978135,39.267819|1.061115,21.975705,39.316693,23.024295,51.165099,0.111803|1.061112,21.975686,39.316398,23.024314,51.165142,0.111803
 55|1.080548,21.188032,39.699714|1.081106,21.185577,39.748551,23.814423,52.920940,0.111803|1.081104,21.185557,39.748245,23.814443,52.920984,0.111803
 56|1.100558,20.389447,40.115713|1.101098,20.386966,40.164512,24.613034,54.695630,0.111803|1.101095,20.386946,40.164195,24.613054,54.695676,0.111803
 57|1.120568,19.582697,40.515651|1.121089,19.580193,40.564412,25.419807,56.488460,0.111803|1.121086,19.580172,40.564083,25.419828,56.488508,0.111803
 58|1.140578,18.768107,40.899366|1.141080,18.765579,40.948088,26.234421,58.298712,0.111803|1.141078,18.765558,40.947748,26.234442,58.298761,0.111803
 59|1.160588,17.946002,41.266706|1.161071,17.943453,41.315389,27.056547,60.125661,0.111803|1.161069,17.943430,41.315037,27.056570,60.125711,0.111803
 60|1.180599,17.116712,41.617523|1.181062,17.114141,41.666167,27.885859,61.968575,0.111803|1.181059,17.114118,41.665802,27.885882,61.968627,0.111803
 61|1.200609,16.280568,41.951676|1.201053,16.277977,42.000281,28.722023,63.826717,0.111803|1.201050,16.277954,41.999904,28.722046,63.826769,0.111803
 62|1.220619,15.437905,42.269032|1.221043,15.435296,42.317597,29.564704,65.699342,0.111803|1.221041,15.435272,42.317208,29.564728,65.699396,0.111803
 63|1.240629,14.589062,42.569464|1.241033,14.586434,42.617989,30.413566,67.585702,0.111803|1.241031,14.586410,42.617588,30.413590,67.585756,0.111803
 64|1.260639,13.734377,42.852852|1.261024,13.731732,42.901337,31.268268,69.485039,0.111803|1.261021,13.731707,42.900923,31.268293,69.485095,0.111803
 65|1.280649,12.874193,43.119081|1.281014,12.871532,43.167526,32.128468,71.396595,0.111803|1.281011,12.871507,43.167099,32.128493,71.396652,0.111803
 66|1.300659,12.008854,43.368046|1.301003,12.006178,43.416451,32.993822,73.319604,0.111803|1.301001,12.006153,43.416011,32.993847,73.319661,0.111803
 67|1.320670,11.138707,43.599647|1.320993,11.136017,43.648011,33.863983,75.253295,0.111803|1.320991,11.135991,43.647558,33.864009,75.253353,0.111803
 68|1.340680,10.264100,43.813791|1.340983,10.261397,43.862114,34.738603,77.196895,0.111803|1.340981,10.261371,43.861648,34.738629,77.196953,0.111803
 69|1.360690,9.385383,44.010392|1.360972,9.382669,44.058674,35.617331,79.149625,0.111803|1.360971,9.382642,44.058195,35.617358,79.149683,0.111803
 70|1.380700,8.502909,44.189371|1.380962,8.500184,44.237613,36.499816,81.110703,0.111803|1.380960,8.500157,44.237120,36.499843,81.110762,0.111803
 71|1.400710,7.617030,44.350658|1.400951,7.614295,44.398859,37.385705,83.079345,0.111803|1.400950,7.614268,44.398352,37.385732,83.079404,0.111803
 72|1.420720,6.728101,44.494187|1.420940,6.725357,44.542347,38.274643,85.054762,0.111803|1.420939,6.725331,44.541826,38.274669,85.054821,0.111803
 73|1.440730,5.836479,44.619900|1.440929,5.833727,44.668019,39.166273,87.036162,0.111803|1.440929,5.833700,44.667485,39.166300,87.036222,0.111803
 74|1.460741,4.942519,44.727749|1.460919,4.939761,44.775826,40.060239,89.022754,0.111803|1.460918,4.939734,44.775278,40.060266,89.022813,0.111803
 75|1.480751,4.046581,44.817688|1.480908,4.043816,44.865725,40.956184,91.013741,0.111803|1.480907,4.043790,44.865162,40.956210,91.013800,0.111803
 76|1.500761,3.149022,44.889683|1.500897,3.146253,44.937679,41.853747,93.008326,0.111803|1.500896,3.146227,44.937102,41.853773,93.008385,0.111803
 77|1.520771,2.250202,44.943705|1.520886,2.247430,44.991659,42.752570,95.005711,0.111803|1.520886,2.247404,44.991068,42.752596,95.005769,0.111803
 78|1.540781,1.350482,44.979731|1.540875,1.347707,45.027644,43.652293,97.005096,0.111803|1.540875,1.347681,45.027039,43.652319,97.005152,0.111803
 79|1.560791,0.450221,44.997748|1.560864,0.447444,45.045620,44.552556,99.005680,0.111803|1.560864,0.447419,45.045000,44.552581,99.005735,0.111803
 80|1.580801,-0.450221,44.997748|1.580852,-0.452998,45.045579,44.547002,98.993338,0.111803|1.580853,-0.453022,45.044945,44.546978,98.993284,0.111803
 81|1.600812,-1.350482,44.979731|1.600841,-1.353259,45.027522,43.646741,96.992758,0.111803|1.600842,-1.353282,45.026872,43.646718,96.992706,0.111803
 82|1.620822,-2.250202,44.943705|1.620830,-2.252978,44.991455,42.747022,94.993382,0.111803|1.620831,-2.253001,44.990791,42.746999,94.993332,0.111803
 83|1.640832,-3.149022,44.889683|1.640819,-3.151795,44.937393,41.848205,92.996011,0.111803|1.640821,-3.151817,44.936714,41.848183,92.995962,0.111803
 84|1.660842,-4.046581,44.817688|1.660808,-4.049350,44.865357,40.950650,91.001444,0.111803|1.660810,-4.049371,44.864664,40.950629,91.001397,0.111803
 85|1.680852,-4.942519,44.727749|1.680797,-4.945284,44.775378,40.054716,89.010480,0.111803|1.680799,-4.945304,44.774669,40.054696,89.010435,0.111803
 86|1.700862,-5.836479,44.619900|1.700786,-5.839238,44.667489,39.160762,87.023915,0.111803|1.700788,-5.839257,44.666766,39.160743,87.023873,0.111803
 87|1.720872,-6.728101,44.494187|1.720775,-6.730854,44.541736,38.269146,85.042546,0.111803|1.720778,-6.730872,44.540997,38.269128,85.042507,0.111803
 88|1.740883,-7.617030,44.350658|1.740764,-7.619776,44.398167,37.380224,83.067165,0.111803|1.740767,-7.619792,44.397413,37.380208,83.067130,0.111803
 89|1.760893,-8.502909,44.189371|1.760753,-8.505646,44.236841,36.494354,81.098564,0.111803|1.760757,-8.505661,44.236072,36.494339,81.098532,0.111803
 90|1.780903,-9.385383,44.010392|1.780742,-9.388111,44.057822,35.611889,79.137531,0.111803|1.780746,-9.388124,44.057038,35.611876,79.137502,0.111803
 91|1.800913,-10.264100,43.813791|1.800732,-10.266817,43.861182,34.733183,77.184850,0.111803|1.800736,-10.266829,43.860383,34.733171,77.184825,0.111803
 92|1.820923,-11.138707,43.599647|1.820721,-11.141413,43.646999,33.858587,75.241304,0.111803|1.820726,-11.141422,43.646185,33.858578,75.241284,0.111803
 93|1.840933,-12.008854,43.368046|1.840711,-12.011548,43.415360,32.988452,73.307672,0.111803|1.840716,-12.011555,43.414531,32.988445,73.307655,0.111803
 94|1.860943,-12.874193,43.119081|1.860700,-12.876873,43.166357,32.123127,71.384726,0.111803|1.860706,-12.876879,43.165512,32.123121,71.384714,0.111803
 95|1.880954,-13.734377,42.852852|1.880690,-13.737043,42.900089,31.262957,69.473237,0.111803|1.880696,-13.737046,42.899230,31.262954,69.473230,0.111803
 96|1.900964,-14.589062,42.569464|1.900680,-14.591713,42.616664,30.408287,67.573971,0.111803|1.900686,-14.591714,42.615790,30.408286,67.573969,0.111803
 97|1.920974,-15.437905,42.269032|1.920670,-15.440541,42.316195,29.559459,65.687687,0.111803|1.920676,-15.440539,42.315305,29.559461,65.687691,0.111803
 98|1.940984,-16.280568,41.951676|1.940660,-16.283186,41.998802,28.716814,63.815142,0.111803|1.940667,-16.283182,41.997897,28.716818,63.815152,0.111803
 99|1.960994,-17.116712,41.617523|1.960650,-17.119312,41.664612,27.880688,61.957084,0.111803|1.960658,-17.119305,41.663692,27.880695,61.957100,0.111803
100|1.981004,-17.946002,41.266706|1.980640,-17.948584,41.313759,27.051416,60.114258,0.111803|1.980648,-17.948574,41.312825,27.051426,60.114281,0.111803
101|2.001014,-18.768107,40.899366|2.000631,-18.770669,40.946384,26.229331,58.287402,0.111803|2.000639,-18.770656,40.945434,26.229344,58.287431,0.111803
102|2.021025,-19.582697,40.515651|2.020621,-19.585239,40.562633,25.414761,56.477247,0.111803|2.020630,-19.585223,40.561669,25.414777,56.477283,0.111803
103|2.041035,-20.389447,40.115713|2.040612,-20.391967,40.162660,24.608033,54.684518,0.111803|2.040622,-20.391947,40.161682,24.608053,54.684561,0.111803
104|2.061045,-21.188032,39.699714|2.060603,-21.190531,39.746626,23.809469,52.909932,0.111803|2.060613,-21.190508,39.745633,23.809492,52.909983,0.111803
105|2.081055,-21.978135,39.267819|2.080595,-21.980610,39.314697,23.019390,51.154200,0.111803|2.080605,-21.980583,39.313689,23.019417,51.154259,0.111803
106|2.101065,-22.759437,38.820201|2.100586,-22.761888,38.867046,22.238112,49.418026,0.111803|2.100597,-22.761858,38.866023,22.238142,49.418093,0.111803
107|2.121075,-23.531627,38.357040|2.120578,-23.534053,38.403851,21.465947,47.702104,0.111803|2.120589,-23.534019,38.402815,21.465981,47.702180,0.111803
108|2.141085,-24.294394,37.878522|2.140570,-24.296796,37.925300,20.703204,46.007121,0.111803|2.140581,-24.296757,37.924249,20.703243,46.007206,0.111803
109|2.161096,-25.047435,37.384837|2.160562,-25.049810,37.431582,19.950190,44.333756,0.111803|2.160574,-25.049767,37.430518,19.950233,44.333850,0.111803
110|2.181106,-25.790446,36.876183|2.180554,-25.792794,36.922897,19.207206,42.682679,0.111803|2.180567,-25.792748,36.921818,19.207252,42.682783,0.111803
111|2.201116,-26.523132,36.352764|2.200547,-26.525452,36.399447,18.474548,41.054551,0.111803|2.200560,-26.525401,36.398354,18.474599,41.054665,0.111803
112|2.221126,-27.245197,35.814790|2.220539,-27.247489,35.861442,17.752511,39.450024,0.111803|2.220553,-27.247433,35.860336,17.752567,39.450148,0.111803
113|2.241136,-27.956354,35.262476|2.240532,-27.958617,35.309098,17.041383,37.869741,0.111803|2.240547,-27.958556,35.307978,17.041444,37.869875,0.111803
114|2.261146,-28.656318,34.696044|2.260526,-28.658550,34.742635,16.341450,36.314333,0.111803|2.260541,-28.658485,34.741502,16.341515,36.314478,0.111803
115|2.281156,-29.344807,34.115719|2.280519,-29.347009,34.162281,15.652991,34.784425,0.111803|2.280535,-29.346939,34.161135,15.653061,34.784581,0.111803
116|2.301167,-30.021548,33.521734|2.300513,-30.023718,33.568268,14.976282,33.280628,0.111803|2.300529,-30.023642,33.567109,14.976358,33.280795,0.111803
117|2.321177,-30.686267,32.914328|2.320507,-30.688405,32.960833,14.311595,31.803544,0.111803|2.320524,-30.688324,32.959661,14.311676,31.803723,0.111803
118|2.341187,-31.338701,32.293743|2.340502,-31.340806,32.340221,13.659194,30.353765,0.111803|2.340519,-31.340719,32.339036,13.659281,30.353957,0.111803
119|2.361197,-31.978586,31.660228|2.360496,-31.980658,31.706679,13.019342,28.931872,0.111803|2.360514,-31.980566,31.705481,13.019434,28.932076,0.111803
120|2.381207,-32.605668,31.014036|2.380491,-32.607705,31.060460,12.392295,27.538434,0.111803|2.380509,-32.607608,31.059251,12.392392,27.538650,0.111803
121|2.401217,-33.219694,30.355427|2.400487,-33.221696,30.401825,11.778304,26.174008,0.111803|2.400505,-33.221593,30.400604,11.778407,26.174237,0.111803
122|2.421227,-33.820419,29.684663|2.420482,-33.822387,29.731036,11.177613,24.839141,0.111803|2.420501,-33.822277,29.729803,11.177723,24.839383,0.111803
123|2.441238,-34.407603,29.002014|2.440478,-34.409535,29.048362,10.590465,23.534367,0.111803|2.440498,-34.409419,29.047118,10.590581,23.534624,0.111803
124|2.461248,-34.981011,28.307753|2.460475,-34.982906,28.354077,10.017094,22.260210,0.111803|2.460494,-34.982784,28.352821,10.017216,22.260480,0.111803
125|2.481258,-35.540412,27.602157|2.480471,-35.542270,27.648458,9.457730,21.017178,0.111803|2.480492,-35.542142,27.647191,9.457858,21.017462,0.111803
126|2.501268,-36.085584,26.885510|2.500468,-36.087403,26.931788,8.912597,19.805770,0.111803|2.500489,-36.087269,26.930511,8.912731,19.806069,0.111803
127|2.521278,-36.616306,26.158098|2.520465,-36.618088,26.204354,8.381912,18.626471,0.111803|2.520487,-36.617947,26.203066,8.382053,18.626784,0.111803
128|2.541288,-37.132368,25.420213|2.540463,-37.134111,25.466447,7.865889,17.479753,0.111803|2.540485,-37.133964,25.465149,7.866036,17.480081,0.111803
129|2.561298,-37.633563,24.672149|2.560461,-37.635266,24.718363,7.364734,16.366075,0.111803|2.560483,-37.635112,24.717054,7.364888,16.366418,0.111803
130|2.581309,-38.119689,23.914207|2.580459,-38.121353,23.960400,6.878647,15.285883,0.111803|2.580482,-38.121191,23.959082,6.878809,15.286242,0.111803
131|2.601319,-38.590552,23.146690|2.600458,-38.592176,23.192864,6.407824,14.239609,0.111803|2.600481,-38.592007,23.191536,6.407993,14.239984,0.111803
132|2.621329,-39.045964,22.369905|2.620457,-39.047547,22.416060,5.952453,13.227673,0.111803|2.620481,-39.047372,22.414723,5.952628,13.228063,0.111803
133|2.641339,-39.485743,21.584164|2.640456,-39.487284,21.630300,5.512716,12.250479,0.111803|2.640481,-39.487101,21.628954,5.512899,12.250886,0.111803
134|2.661349,-39.909711,20.789780|2.660456,-39.911211,20.835899,5.088789,11.308420,0.111803|2.660481,-39.911021,20.834544,5.088979,11.308842,0.111803
135|2.681359,-40.317700,19.987072|2.680456,-40.319158,20.033174,4.680842,10.401871,0.111803|2.680481,-40.318960,20.031811,4.681040,10.402310,0.111803
136|2.701369,-40.709546,19.176362|2.700457,-40.710962,19.222447,4.289038,9.531196,0.111803|2.700482,-40.710756,19.221077,4.289244,9.531652,0.111803
137|2.721380,-41.085092,18.357973|2.720458,-41.086465,18.404043,3.913535,8.696744,0.111803|2.720484,-41.086252,18.402665,3.913748,8.697217,0.111803
138|2.741390,-41.444189,17.532234|2.740459,-41.445518,17.578289,3.554482,7.898848,0.111803|2.740486,-41.445297,17.576904,3.554703,7.899339,0.111803
139|2.761400,-41.786691,16.699475|2.760461,-41.787977,16.745517,3.212023,7.137829,0.111803|2.760488,-41.787748,16.744124,3.212252,7.138337,0.111803
140|2.781410,-42.112462,15.860030|2.780463,-42.113704,15.906058,2.886296,6.413991,0.111803|2.780490,-42.113468,15.904659,2.886532,6.414516,0.111803
141|2.801420,-42.421371,15.014235|2.800465,-42.422570,15.060250,2.577430,5.727623,0.111803|2.800493,-42.422325,15.058844,2.577675,5.728167,0.111803
142|2.821430,-42.713296,14.162428|2.820468,-42.714449,14.208431,2.285551,5.079001,0.111803|2.820496,-42.714197,14.207019,2.285803,5.079563,0.111803
143|2.841440,-42.988118,13.304951|2.840472,-42.989227,13.350942,2.010773,4.468384,0.111803|2.840500,-42.988966,13.349525,2.011034,4.468964,0.111803
144|2.861451,-43.245728,12.442146|2.860475,-43.246792,12.488127,1.753208,3.896017,0.111803|2.860504,-43.246523,12.486704,1.753477,3.896615,0.111803
145|2.881461,-43.486023,11.574360|2.880480,-43.487042,11.620331,1.512958,3.362129,0.111803|2.880509,-43.486765,11.618903,1.513235,3.362745,0.111803
146|2.901471,-43.708906,10.701939|2.900484,-43.709880,10.747901,1.290120,2.866934,0.111803|2.900514,-43.709594,10.746469,1.290406,2.867569,0.111803
147|2.921481,-43.914289,9.825233|2.920489,-43.915217,9.871187,1.084783,2.410629,0.111803|2.920519,-43.914923,9.869750,1.085077,2.411283,0.111803
148|2.941491,-44.102089,8.944594|2.940495,-44.102971,8.990540,0.897029,1.993398,0.111803|2.940525,-44.102668,8.989099,0.897332,1.994071,0.111803
149|2.961501,-44.272230,8.060373|2.960501,-44.273066,8.106312,0.726934,1.615408,0.111803|2.960531,-44.272755,8.104868,0.727245,1.616099,0.111803
150|2.981511,-44.424646,7.172925|2.980507,-44.425435,7.218858,0.574565,1.276810,0.111803|2.980537,-44.425116,7.217410,0.574884,1.277520,0.111803
151|3.001522,-44.559274,6.282604|3.000513,-44.560017,6.328532,0.439983,0.977740,0.111803|3.000544,-44.559689,6.327081,0.440311,0.978469,0.111803
152|3.021532,-44.676061,5.389769|3.020521,-44.676758,5.435691,0.323242,0.718317,0.111803|3.020552,-44.676421,5.434238,0.323579,0.719065,0.111803
153|3.041542,-44.774960,4.494775|3.040528,-44.775610,4.540694,0.224390,0.498645,0.111803|3.040560,-44.775264,4.539239,0.224736,0.499412,0.111803
154|3.061552,-44.855931,3.597981|3.060536,-44.856534,3.643897,0.143466,0.318812,0.111803|3.060568,-44.856180,3.642440,0.143820,0.319599,0.111803
155|3.081562,-44.918942,2.699747|3.080545,-44.919499,2.745660,0.080501,0.178891,0.111803|3.080576,-44.919136,2.744202,0.080864,0.179697,0.111803
156|3.101572,-44.963968,1.800432|3.100553,-44.964478,1.846343,0.035522,0.078937,0.111803|3.100585,-44.964107,1.844884,0.035893,0.079762,0.111803
157|3.121583,-44.990991,0.900396|3.120563,-44.991455,0.946307,0.008545,0.018990,0.111803|3.120595,-44.991074,0.944847,0.008926,0.019835,0.111803
158|3.141593,-45.000000,0.000000|3.140572,-45.000416,0.045910,0.000416,0.000926,0.111803|3.140605,-45.000028,0.044450,0.000028,0.000061,0.111803
159|3.161603,-44.990991,-0.900396|3.160583,-44.991361,-0.854486,0.008639,0.019198,0.111803|3.160615,-44.990963,-0.855946,0.009037,0.020082,0.111803
160|3.181613,-44.963968,-1.800432|3.180593,-44.964291,-1.754521,0.035709,0.079353,0.111803|3.180626,-44.963885,-1.755980,0.036115,0.080256,0.111803
161|3.201623,-44.918942,-2.699747|3.200604,-44.919218,-2.653834,0.080782,0.179515,0.111803|3.200637,-44.918803,-2.655293,0.081197,0.180437,0.111803
162|3.221633,-44.855931,-3.597981|3.220616,-44.856160,-3.552065,0.143840,0.319644,0.111803|3.220649,-44.855736,-3.553523,0.144264,0.320586,0.111803
163|3.241643,-44.774960,-4.494775|3.240628,-44.775142,-4.448855,0.224858,0.499684,0.111803|3.240661,-44.774710,-4.450311,0.225290,0.500645,0.111803
164|3.261654,-44.676061,-5.389769|3.260640,-44.676197,-5.343845,0.323803,0.719563,0.111803|3.260673,-44.675756,-5.345299,0.324244,0.720543,0.111803
165|3.281664,-44.559274,-6.282604|3.280653,-44.559363,-6.236676,0.440637,0.979192,0.111803|3.280686,-44.558914,-6.238128,0.441086,0.980192,0.111803
166|3.301674,-44.424646,-7.172925|3.300666,-44.424689,-7.126991,0.575311,1.278469,0.111803|3.300699,-44.424231,-7.128440,0.575769,1.279487,0.111803
167|3.321684,-44.272230,-8.060373|3.320679,-44.272227,-8.014432,0.727773,1.617272,0.111803|3.320713,-44.271761,-8.015878,0.728239,1.618310,0.111803
168|3.341694,-44.102089,-8.944594|3.340693,-44.102040,-8.898646,0.897960,1.995467,0.111803|3.340727,-44.101565,-8.900089,0.898435,1.996523,0.111803
169|3.361704,-43.914289,-9.825233|3.360708,-43.914194,-9.779278,1.085806,2.412902,0.111803|3.360741,-43.913710,-9.780717,1.086290,2.413977,0.111803
170|3.381714,-43.708906,-10.701939|3.380723,-43.708766,-10.655975,1.291234,2.869409,0.111803|3.380756,-43.708274,-10.657410,1.291726,2.870503,0.111803
171|3.401725,-43.486023,-11.574360|3.400738,-43.485837,-11.528387,1.514163,3.364807,0.111803|3.400772,-43.485336,-11.529817,1.514664,3.365919,0.111803
172|3.421735,-43.245728,-12.442146|3.420754,-43.245497,-12.396163,1.754503,3.898896,0.111803|3.420787,-43.244988,-12.397588,1.755012,3.900027,0.111803
173|3.441745,-42.988118,-13.304951|3.440770,-42.987842,-13.258957,2.012158,4.471463,0.111803|3.440804,-42.987325,-13.260377,2.012675,4.472612,0.111803
174|3.461755,-42.713296,-14.162428|3.460787,-42.712974,-14.116423,2.287026,5.082279,0.111803|3.460820,-42.712449,-14.117838,2.287551,5.083446,0.111803
175|3.481765,-42.421371,-15.014235|3.480803,-42.421006,-14.968218,2.578994,5.731099,0.111803|3.480837,-42.420472,-14.969627,2.579528,5.732284,0.111803
176|3.501775,-42.112462,-15.860030|3.500821,-42.112052,-15.814000,2.887948,6.417662,0.111803|3.500854,-42.111511,-15.815403,2.888489,6.418865,0.111803
177|3.521785,-41.786691,-16.699475|3.520839,-41.786237,-16.653432,3.213763,7.141696,0.111803|3.520872,-41.785688,-16.654828,3.214312,7.142916,0.111803
178|3.541796,-41.444189,-17.532234|3.540857,-41.443691,-17.486176,3.556309,7.902908,0.111803|3.540890,-41.443134,-17.487566,3.556866,7.904146,0.111803
179|3.561806,-41.085092,-18.357973|3.560875,-41.084552,-18.311900,3.915448,8.700996,0.111803|3.560909,-41.083987,-18.313282,3.916013,8.702251,0.111803
180|3.581816,-40.709546,-19.176362|3.580894,-40.708963,-19.130273,4.291037,9.535638,0.111803|3.580927,-40.708390,-19.131648,4.291610,9.536910,0.111803
181|3.601826,-40.317700,-19.987072|3.600914,-40.317074,-19.940968,4.682926,10.406502,0.111803|3.600947,-40.316494,-19.942334,4.683506,10.407791,0.111803
182|3.621836,-39.909711,-20.789780|3.620934,-39.909043,-20.743658,5.090957,11.313237,0.111803|3.620966,-39.908456,-20.745017,5.091544,11.314543,0.111803
183|3.641846,-39.485743,-21.584164|3.640954,-39.485033,-21.538025,5.514967,12.255482,0.111803|3.640986,-39.484438,-21.539374,5.515562,12.256804,0.111803
184|3.661856,-39.045964,-22.369905|3.660974,-39.045214,-22.323748,5.954786,13.232859,0.111803|3.661007,-39.044611,-22.325089,5.955389,13.234197,0.111803
185|3.681867,-38.590552,-23.146690|3.680995,-38.589761,-23.100514,6.410239,14.244976,0.111803|3.681028,-38.589151,-23.101846,6.410849,14.246330,0.111803
186|3.701877,-38.119689,-23.914207|3.701016,-38.118857,-23.868011,6.881143,15.291429,0.111803|3.701049,-38.118241,-23.869334,6.881759,15.292799,0.111803
187|3.721887,-37.633563,-24.672149|3.721038,-37.632691,-24.625933,7.367309,16.371798,0.111803|3.721070,-37.632068,-24.627246,7.367932,16.373183,0.111803
188|3.741897,-37.132368,-25.420213|3.741060,-37.131457,-25.373975,7.868543,17.485651,0.111803|3.741092,-37.130827,-25.375278,7.869173,17.487051,0.111803
189|3.761907,-36.616306,-26.158098|3.761082,-36.615356,-26.111839,8.384644,18.632542,0.111803|3.761114,-36.614719,-26.113132,8.385281,18.633957,0.111803
190|3.781917,-36.085584,-26.885510|3.781105,-36.084595,-26.839229,8.915405,19.812011,0.111803|3.781137,-36.083952,-26.840511,8.916048,19.813441,0.111803
191|3.801927,-35.540412,-27.602157|3.801128,-35.539386,-27.555853,9.460614,21.023587,0.111803|3.801159,-35.538736,-27.557125,9.461264,21.025031,0.111803
192|3.821938,-34.981011,-28.307753|3.821152,-34.979947,-28.261425,10.020053,22.266783,0.111803|3.821183,-34.979291,-28.262686,10.020709,22.268242,0.111803
193|3.841948,-34.407603,-29.002014|3.841175,-34.406503,-28.955662,10.593497,23.541104,0.111803|3.841206,-34.405841,-28.956911,10.594159,23.542576,0.111803
194|3.861958,-33.820419,-29.684663|3.861199,-33.819283,-29.638286,11.180717,24.846037,0.111803|3.861230,-33.818615,-29.639524,11.181385,24.847523,0.111803
195|3.881968,-33.219694,-30.355427|3.881224,-33.218522,-30.309025,11.781478,26.181062,0.111803|3.881254,-33.217848,-30.310251,11.782152,26.182560,0.111803
196|3.901978,-32.605668,-31.014036|3.901249,-32.604461,-30.967608,12.395539,27.545642,0.111803|3.901279,-32.603781,-30.968822,12.396219,27.547154,0.111803
197|3.921988,-31.978586,-31.660228|3.921274,-31.977345,-31.613773,13.022655,28.939233,0.111803|3.921303,-31.976659,-31.614975,13.023341,28.940757,0.111803
198|3.941998,-31.338701,-32.293743|3.941299,-31.337426,-32.247261,13.662574,30.361275,0.111803|3.941328,-31.336735,-32.248451,13.663265,30.362812,0.111803
199|3.962009,-30.686267,-32.914328|3.961324,-30.684960,-32.867819,14.315040,31.811200,0.111803|3.961354,-30.684263,-32.868996,14.315737,31.812748,0.111803
200|3.982019,-30.021548,-33.521734|3.981350,-30.020208,-33.475197,14.979792,33.288427,0.111803|3.981379,-30.019506,-33.476361,14.980494,33.289987,0.111803
201|4.002029,-29.344807,-34.115719|4.001377,-29.343436,-34.069152,15.656564,34.792364,0.111803|4.001405,-29.342729,-34.070304,15.657271,34.793935,0.111803
202|4.022039,-28.656318,-34.696044|4.021403,-28.654916,-34.649448,16.345084,36.322410,0.111803|4.021431,-28.654204,-34.650586,16.345796,36.323992,0.111803
203|4.042049,-27.956354,-35.262476|4.041430,-27.954922,-35.215851,17.045078,37.877951,0.111803|4.041458,-27.954205,-35.216976,17.045795,37.879544,0.111803
204|4.062059,-27.245197,-35.814790|4.061457,-27.243736,-35.768134,17.756264,39.458365,0.111803|4.061485,-27.243014,-35.769246,17.756986,39.459969,0.111803
205|4.082069,-26.523132,-36.352764|4.081484,-26.521641,-36.306077,18.478359,41.063019,0.111803|4.081512,-26.520915,-36.307175,18.479085,41.064633,0.111803
206|4.102080,-25.790446,-36.876183|4.101512,-25.788928,-36.829465,19.211072,42.691271,0.111803|4.101539,-25.788198,-36.830548,19.211802,42.692894,0.111803
207|4.122090,-25.047435,-37.384837|4.121540,-25.045889,-37.338086,19.954111,44.342468,0.111803|4.121566,-25.045154,-37.339156,19.954846,44.344101,0.111803
208|4.142100,-24.294394,-37.878522|4.141568,-24.292822,-37.831739,20.707178,46.015950,0.111803|4.141594,-24.292084,-37.832795,20.707916,46.017592,0.111803
209|4.162110,-23.531627,-38.357040|4.161596,-23.530029,-38.310225,21.469971,47.711047,0.111803|4.161622,-23.529286,-38.311266,21.470714,47.712697,0.111803
210|4.182120,-22.759437,-38.820201|4.181624,-22.757815,-38.773353,22.242185,49.427079,0.111803|4.181650,-22.757068,-38.774380,22.242932,49.428738,0.111803
211|4.202130,-21.978135,-39.267819|4.201653,-21.976488,-39.220936,23.023512,51.163360,0.111803|4.201679,-21.975738,-39.221949,23.024262,51.165027,0.111803
212|4.222140,-21.188032,-39.699714|4.221682,-21.186363,-39.652797,23.813637,52.919194,0.111803|4.221707,-21.185609,-39.653795,23.814391,52.920869,0.111803
213|4.242151,-20.389447,-40.115713|4.241711,-20.387755,-40.068762,24.612245,54.693879,0.111803|4.241736,-20.386998,-40.069745,24.613002,54.695561,0.111803
214|4.262161,-19.582697,-40.515651|4.261740,-19.580984,-40.468665,25.419016,56.486703,0.111803|4.261765,-19.580223,-40.469633,25.419777,56.488392,0.111803
215|4.282171,-18.768107,-40.899366|4.281770,-18.766373,-40.852345,26.233627,58.296950,0.111803|4.281794,-18.765609,-40.853298,26.234391,58.298646,0.111803
216|4.302181,-17.946002,-41.266706|4.301799,-17.944248,-41.219648,27.055752,60.123893,0.111803|4.301823,-17.943482,-41.220587,27.056518,60.125596,0.111803
217|4.322191,-17.116712,-41.617523|4.321829,-17.114939,-41.570429,27.885061,61.966803,0.111803|4.321853,-17.114170,-41.571352,27.885830,61.968512,0.111803
218|4.342201,-16.280568,-41.951676|4.341859,-16.278777,-41.904546,28.721223,63.824940,0.111803|4.341882,-16.278005,-41.905454,28.721995,63.826655,0.111803
219|4.362211,-15.437905,-42.269032|4.361889,-15.436098,-42.221865,29.563902,65.697561,0.111803|4.361912,-15.435323,-42.222758,29.564677,65.699281,0.111803
220|4.382222,-14.589062,-42.569464|4.381920,-14.587238,-42.522260,30.412762,67.583916,0.111803|4.381942,-14.586461,-42.523138,30.413539,67.585642,0.111803
221|4.402232,-13.734377,-42.852852|4.401950,-13.732538,-42.805610,31.267462,69.483250,0.111803|4.401972,-13.731759,-42.806473,31.268241,69.484981,0.111803
222|4.422242,-12.874193,-43.119081|4.421981,-12.872339,-43.071801,32.127661,71.394802,0.111803|4.422003,-12.871558,-43.072649,32.128442,71.396537,0.111803
223|4.442252,-12.008854,-43.368046|4.442011,-12.006987,-43.320728,32.993013,73.317807,0.111803|4.442033,-12.006204,-43.321561,32.993796,73.319547,0.111803
224|4.462262,-11.138707,-43.599647|4.462042,-11.136827,-43.552290,33.863173,75.251495,0.111803|4.462063,-11.136043,-43.553108,33.863957,75.253239,0.111803
225|4.482272,-10.264100,-43.813791|4.482073,-10.262209,-43.766395,34.737791,77.195091,0.111803|4.482094,-10.261422,-43.767197,34.738578,77.196839,0.111803
226|4.502282,-9.385383,-44.010392|4.502104,-9.383482,-43.962958,35.616518,79.147818,0.111803|4.502125,-9.382694,-43.963744,35.617306,79.149570,0.111803
227|4.522293,-8.502909,-44.189371|4.522135,-8.500998,-44.141898,36.499002,81.108894,0.111803|4.522155,-8.500208,-44.142669,36.499792,81.110648,0.111803
228|4.542303,-7.617030,-44.350658|4.542166,-7.615110,-44.303145,37.384890,83.077533,0.111803|4.542186,-7.614319,-44.303901,37.385681,83.079290,0.111803
229|4.562313,-6.728101,-44.494187|4.562197,-6.726174,-44.446634,38.273826,85.052947,0.111803|4.562217,-6.725382,-44.447375,38.274618,85.054707,0.111803
230|4.582323,-5.836479,-44.619900|4.582228,-5.834545,-44.572308,39.165455,87.034345,0.111803|4.582248,-5.833751,-44.573034,39.166249,87.036108,0.111803
231|4.602333,-4.942519,-44.727749|4.602260,-4.940580,-44.680116,40.059420,89.020934,0.111803|4.602279,-4.939785,-44.680827,40.060215,89.022700,0.111803
232|4.622343,-4.046581,-44.817688|4.622291,-4.044637,-44.770016,40.955363,91.011919,0.111803|4.622310,-4.043841,-44.770711,40.956159,91.013686,0.111803
233|4.642353,-3.149022,-44.889683|4.642322,-3.147074,-44.841970,41.852926,93.006502,0.111803|4.642341,-3.146278,-44.842651,41.853722,93.008271,0.111803
234|4.662364,-2.250202,-44.943705|4.662354,-2.248252,-44.895951,42.751748,95.003884,0.111803|4.662372,-2.247455,-44.896616,42.752545,95.005655,0.111803
235|4.682374,-1.350482,-44.979731|4.682385,-1.348530,-44.931937,43.651470,97.003267,0.111803|4.682403,-1.347732,-44.932587,43.652268,97.005039,0.111803
236|4.702384,-0.450221,-44.997748|4.702417,-0.448268,-44.949913,44.551732,99.003849,0.111803|4.702435,-0.447470,-44.950548,44.552530,99.005622,0.111803
237|4.722394,0.450221,-44.997748|4.722448,0.452173,-44.949872,44.547827,98.995171,0.111803|4.722466,0.452971,-44.950493,44.547029,98.993397,0.111803
238|4.742404,1.350482,-44.979731|4.742480,1.352433,-44.931815,43.647567,96.994594,0.111803|4.742497,1.353231,-44.932420,43.646769,96.992819,0.111803
239|4.762414,2.250202,-44.943705|4.762511,2.252151,-44.895747,42.747849,94.995221,0.111803|4.762528,2.252950,-44.896338,42.747050,94.993445,0.111803
240|4.782424,3.149022,-44.889683|4.782542,3.150967,-44.841685,41.849033,92.997852,0.111803|4.782559,3.151766,-44.842262,41.848234,92.996076,0.111803
241|4.802435,4.046581,-44.817688|4.802574,4.048521,-44.769649,40.951479,91.003287,0.111803|4.802590,4.049320,-44.770211,40.950680,91.001511,0.111803
242|4.822445,4.942519,-44.727749|4.822605,4.944454,-44.679669,40.055546,89.012325,0.111803|4.822621,4.945253,-44.680216,40.054747,89.010549,0.111803
243|4.842455,5.836479,-44.619900|4.842636,5.838407,-44.571779,39.161593,87.025763,0.111803|4.842652,5.839206,-44.572313,39.160794,87.023987,0.111803
244|4.862465,6.728101,-44.494187|4.862667,6.730022,-44.446025,38.269978,85.044396,0.111803|4.862683,6.730821,-44.446544,38.269179,85.042621,0.111803
245|4.882475,7.617030,-44.350658|4.882699,7.618942,-44.302455,37.381058,83.069018,0.111803|4.882714,7.619741,-44.302960,37.380259,83.067243,0.111803
246|4.902485,8.502909,-44.189371|4.902730,8.504811,-44.141128,36.495189,81.100420,0.111803|4.902745,8.505610,-44.141619,36.494390,81.098645,0.111803
247|4.922495,9.385383,-44.010392|4.922761,9.387275,-43.962107,35.612725,79.139389,0.111803|4.922776,9.388073,-43.962585,35.611927,79.137616,0.111803
248|4.942506,10.264100,-43.813791|4.942792,10.265980,-43.765466,34.734020,77.186712,0.111803|4.942806,10.266777,-43.765930,34.733223,77.184939,0.111803
249|4.962516,11.138707,-43.599647|4.962822,11.140574,-43.551281,33.859426,75.243169,0.111803|4.962837,11.141371,-43.551732,33.858629,75.241398,0.111803
250|4.982526,12.008854,-43.368046|4.982853,12.010707,-43.319640,32.989293,73.309540,0.111803|4.982867,12.011504,-43.320077,32.988496,73.307769,0.111803
251|5.002536,12.874193,-43.119081|5.002884,12.876031,-43.070635,32.123969,71.386598,0.111803|5.002898,12.876827,-43.071059,32.123173,71.384828,0.111803
252|5.022546,13.734377,-42.852852|5.022914,13.736199,-42.804365,31.263801,69.475112,0.111803|5.022928,13.736995,-42.804776,31.263005,69.473345,0.111803
253|5.042556,14.589062,-42.569464|5.042944,14.590867,-42.520938,30.409133,67.575850,0.111803|5.042958,14.591662,-42.521336,30.408338,67.574084,0.111803
254|5.062567,15.437905,-42.269032|5.062974,15.439693,-42.220466,29.560307,65.689571,0.111803|5.062988,15.440487,-42.220852,29.559513,65.687806,0.111803
255|5.082577,16.280568,-41.951676|5.083004,16.282337,-41.903071,28.717663,63.817030,0.111803|5.083018,16.283130,-41.903443,28.716870,63.815266,0.111803
256|5.102587,17.116712,-41.617523|5.103034,17.118461,-41.568878,27.881539,61.958976,0.111803|5.103048,17.119253,-41.569238,27.880747,61.957215,0.111803
257|5.122597,17.946002,-41.266706|5.123064,17.947730,-41.218022,27.052270,60.116155,0.111803|5.123077,17.948522,-41.218370,27.051478,60.114396,0.111803
258|5.142607,18.768107,-40.899366|5.143094,18.769813,-40.850644,26.230187,58.289304,0.111803|5.143106,18.770604,-40.850980,26.229396,58.287546,0.111803
259|5.162617,19.582697,-40.515651|5.163123,19.584381,-40.466890,25.415619,56.479154,0.111803|5.163136,19.585171,-40.467214,25.414829,56.477398,0.111803
260|5.182627,20.389447,-40.115713|5.183152,20.391106,-40.066915,24.608894,54.686431,0.111803|5.183165,20.391896,-40.067227,24.608104,54.684676,0.111803
261|5.202638,21.188032,-39.699714|5.203181,21.189667,-39.650877,23.810333,52.911851,0.111803|5.203193,21.190456,-39.651178,23.809544,52.910099,0.111803
262|5.222648,21.978135,-39.267819|5.223210,21.979744,-39.218945,23.020256,51.156125,0.111803|5.223222,21.980531,-39.219234,23.019469,51.154375,0.111803
263|5.242658,22.759437,-38.820201|5.243238,22.761019,-38.771290,22.238981,49.419957,0.111803|5.243250,22.761806,-38.771569,22.238194,49.418209,0.111803
264|5.262668,23.531627,-38.357040|5.263267,23.533181,-38.308093,21.466819,47.704042,0.111803|5.263279,23.533967,-38.308360,21.466033,47.702296,0.111803
265|5.282678,24.294394,-37.878522|5.283295,24.295920,-37.829538,20.704080,46.009066,0.111803|5.283306,24.296705,-37.829794,20.703295,46.007322,0.111803
266|5.302688,25.047435,-37.384837|5.303323,25.048931,-37.335817,19.951069,44.335709,0.111803|5.303334,25.049715,-37.336063,19.950285,44.333967,0.111803
267|5.322698,25.790446,-36.876183|5.323350,25.791912,-36.827128,19.208088,42.684639,0.111803|5.323362,25.792695,-36.827363,19.207305,42.682899,0.111803
268|5.342709,26.523132,-36.352764|5.343378,26.524566,-36.303674,18.475434,41.056519,0.111803|5.343389,26.525348,-36.303899,18.474652,41.054782,0.111803
269|5.362719,27.245197,-35.814790|5.363405,27.246600,-35.765665,17.753400,39.452001,0.111803|5.363416,27.247381,-35.765881,17.752619,39.450265,0.111803
270|5.382729,27.956354,-35.262476|5.383432,27.957723,-35.213317,17.042277,37.871726,0.111803|5.383443,27.958504,-35.213523,17.041496,37.869992,0.111803
271|5.402739,28.656318,-34.696044|5.403459,28.657653,-34.646851,16.342347,36.316327,0.111803|5.403469,28.658432,-34.647047,16.341568,36.314596,0.111803
272|5.422749,29.344807,-34.115719|5.423485,29.346107,-34.066493,15.653893,34.786428,0.111803|5.423495,29.346886,-34.066680,15.653114,34.784698,0.111803
273|5.442759,30.021548,-33.521734|5.443511,30.022812,-33.472476,14.977188,33.282640,0.111803|5.443521,30.023589,-33.472653,14.976411,33.280913,0.111803
274|5.462769,30.686267,-32.914328|5.463537,30.687495,-32.865038,14.312505,31.805567,0.111803|5.463547,30.688271,-32.865206,14.311729,31.803841,0.111803
275|5.482780,31.338701,-32.293743|5.483562,31.339891,-32.244421,13.660109,30.355798,0.111803|5.483572,31.340666,-32.244581,13.659334,30.354075,0.111803
276|5.502790,31.978586,-31.660228|5.503588,31.979738,-31.610875,13.020262,28.933916,0.111803|5.503597,31.980513,-31.611026,13.019487,28.932194,0.111803
277|5.522800,32.605668,-31.014036|5.523613,32.606780,-30.964653,12.393220,27.540488,0.111803|5.523622,32.607554,-30.964796,12.392446,27.538768,0.111803
278|5.542810,33.219694,-30.355427|5.543637,33.220767,-30.306014,11.779233,26.176074,0.111803|5.543647,33.221540,-30.306148,11.778460,26.174356,0.111803
279|5.562820,33.820419,-29.684663|5.563662,33.821452,-29.635221,11.178548,24.841219,0.111803|5.563671,33.822224,-29.635348,11.177776,24.839502,0.111803
280|5.582830,34.407603,-29.002014|5.583686,34.408594,-28.952543,10.591406,23.536457,0.111803|5.583695,34.409366,-28.952662,10.590634,23.534743,0.111803
281|5.602840,34.981011,-28.307753|5.603709,34.981960,-28.258254,10.018040,22.262312,0.111803|5.603718,34.982730,-28.258366,10.017270,22.260599,0.111803
282|5.622851,35.540412,-27.602157|5.623733,35.541318,-27.552632,9.458682,21.019293,0.111803|5.623741,35.542088,-27.552736,9.457912,21.017582,0.111803
283|5.642861,36.085584,-26.885510|5.643756,36.086446,-26.835958,8.913554,19.807898,0.111803|5.643764,36.087215,-26.836055,8.912785,19.806188,0.111803
284|5.662871,36.616306,-26.158098|5.663778,36.617124,-26.108520,8.382876,18.628612,0.111803|5.663787,36.617893,-26.108610,8.382107,18.626904,0.111803
285|5.682881,37.132368,-25.420213|5.683801,37.133142,-25.370609,7.866858,17.481908,0.111803|5.683809,37.133910,-25.370693,7.866090,17.480201,0.111803
286|5.702891,37.633563,-24.672149|5.703823,37.634290,-24.622521,7.365710,16.368244,0.111803|5.703831,37.635058,-24.622599,7.364942,16.366538,0.111803
287|5.722901,38.119689,-23.914207|5.723845,38.120370,-23.864556,6.879630,15.288066,0.111803|5.723852,38.121137,-23.864627,6.878863,15.286362,0.111803
288|5.742911,38.590552,-23.146690|5.743866,38.591187,-23.097016,6.408813,14.241807,0.111803|5.743873,38.591953,-23.097081,6.408047,14.240104,0.111803
289|5.762922,39.045964,-22.369905|5.763887,39.046552,-22.320208,5.953448,13.229885,0.111803|5.763894,39.047317,-22.320268,5.952683,13.228184,0.111803
290|5.782932,39.485743,-21.584164|5.783907,39.486282,-21.534445,5.513718,12.252707,0.111803|5.783915,39.487047,-21.534499,5.512953,12.251007,0.111803
291|5.802942,39.909711,-20.789780|5.803928,39.910202,-20.740041,5.089798,11.310662,0.111803|5.803935,39.910966,-20.740089,5.089034,11.308963,0.111803
292|5.822952,40.317700,-19.987072|5.823948,40.318142,-19.937313,4.681858,10.404129,0.111803|5.823954,40.318906,-19.937356,4.681094,10.402431,0.111803
293|5.842962,40.709546,-19.176362|5.843967,40.709938,-19.126583,4.290062,9.533471,0.111803|5.843973,40.710702,-19.126621,4.289298,9.531774,0.111803
294|5.862972,41.085092,-18.357973|5.863986,41.085434,-18.308176,3.914566,8.699035,0.111803|5.863992,41.086198,-18.308210,3.913802,8.697339,0.111803
295|5.882982,41.444189,-17.532234|5.884005,41.444480,-17.482420,3.555520,7.901156,0.111803|5.884011,41.445243,-17.482448,3.554757,7.899461,0.111803
296|5.902993,41.786691,-16.699475|5.904023,41.786931,-16.649644,3.213069,7.140153,0.111803|5.904029,41.787694,-16.649669,3.212306,7.138459,0.111803
297|5.923003,42.112462,-15.860030|5.924041,42.112651,-15.810183,2.887349,6.416332,0.111803|5.924047,42.113413,-15.810203,2.886587,6.414638,0.111803
298|5.943013,42.421371,-15.014235|5.944059,42.421508,-14.964372,2.578492,5.729982,0.111803|5.944064,42.422270,-14.964389,2.577730,5.728289,0.111803
299|5.963023,42.713296,-14.162428|5.964076,42.713380,-14.112551,2.286620,5.081377,0.111803|5.964081,42.714142,-14.112564,2.285858,5.079685,0.111803
300|5.983033,42.988118,-13.304951|5.984093,42.988150,-13.255060,2.011850,4.470778,0.111803|5.984098,42.988911,-13.255070,2.011089,4.469086,0.111803
301|6.003043,43.245728,-12.442146|6.004109,43.245707,-12.392243,1.754293,3.898429,0.111803|6.004114,43.246468,-12.392249,1.753532,3.896737,0.111803
302|6.023053,43.486023,-11.574360|6.024125,43.485949,-11.524445,1.514051,3.364559,0.111803|6.024129,43.486709,-11.524448,1.513291,3.362868,0.111803
303|6.043064,43.708906,-10.701939|6.044141,43.708778,-10.652013,1.291222,2.869382,0.111803|6.044145,43.709539,-10.652014,1.290461,2.867691,0.111803
304|6.063074,43.914289,-9.825233|6.064156,43.914107,-9.775298,1.085893,2.413095,0.111803|6.064160,43.914868,-9.775295,1.085132,2.411405,0.111803
305|6.083084,44.102089,-8.944594|6.084171,44.101853,-8.894649,0.898147,1.995883,0.111803|6.084174,44.102613,-8.894644,0.897387,1.994193,0.111803
306|6.103094,44.272230,-8.060373|6.104185,44.271940,-8.010419,0.728060,1.617912,0.111803|6.104188,44.272700,-8.010413,0.727300,1.616222,0.111803
307|6.123104,44.424646,-7.172925|6.124199,44.424300,-7.122964,0.575700,1.279332,0.111803|6.124202,44.425061,-7.122955,0.574939,1.277643,0.111803
308|6.143114,44.559274,-6.282604|6.144213,44.558874,-6.232637,0.441126,0.980281,0.111803|6.144215,44.559634,-6.232627,0.440366,0.978592,0.111803
309|6.163124,44.676061,-5.389769|6.164226,44.675605,-5.339796,0.324395,0.720877,0.111803|6.164228,44.676365,-5.339784,0.323635,0.719188,0.111803
310|6.183135,44.774960,-4.494775|6.184239,44.774449,-4.444797,0.225551,0.501224,0.111803|6.184241,44.775209,-4.444784,0.224791,0.499535,0.111803
311|6.203145,44.855931,-3.597981|6.204251,44.855365,-3.548000,0.144635,0.321411,0.111803|6.204253,44.856125,-3.547986,0.143875,0.319722,0.111803
312|6.223155,44.918942,-2.699747|6.224263,44.918321,-2.649763,0.081679,0.181509,0.111803|6.224264,44.919081,-2.649748,0.080919,0.179820,0.111803
313|6.243165,44.963968,-1.800432|6.244274,44.963292,-1.750446,0.036708,0.081574,0.111803|6.244275,44.964052,-1.750430,0.035948,0.079885,0.111803
314|6.263175,44.990991,-0.900396|6.264285,44.990259,-0.850409,0.009741,0.021646,0.111803|6.264286,44.991019,-0.850392,0.008981,0.019958,0.111803
