OneBody4_E-0.05_plotinterval0.100_ecc0.0_RK4.txt
initial value : [x, y, v_x, v_y] = [90.00,0.00,0.00,0.32] , numerical interval dt = 0.02000 , [M, m] = [ 9, 1]

num|given_position|geodesic|newtonian
num| degree1, x1, y1 | degree2, x2, y2, simple error, relative error, d(rho) | degree2, x2, y2, simple error, relative error, dt
  1|0.000000,90.000000,0.000000|0.001111,89.999944,0.100000,0.000056,0.000062,0.316228|0.001111,89.999944,0.100000,0.000056,0.000062,0.316228
  2|0.020010,89.981982,1.800793|0.021121,89.981816,1.900792,0.018184,0.020205,0.316228|0.021121,89.981816,1.900792,0.018184,0.020205,0.316228
  3|0.040020,89.927937,3.600865|0.041131,89.927659,3.700860,0.072341,0.080379,0.316228|0.041131,89.927659,3.700860,0.072341,0.080379,0.316228
  4|0.060030,89.837884,5.399495|0.061140,89.837496,5.499485,0.162504,0.180560,0.316228|0.061140,89.837496,5.499484,0.162504,0.180560,0.316228
  5|0.080041,89.711862,7.195963|0.081148,89.711362,7.295946,0.288638,0.320709,0.316228|0.081148,89.711362,7.295945,0.288638,0.320709,0.316228
  6|0.100051,89.549919,8.989550|0.101157,89.549309,9.089524,0.450691,0.500768,0.316228|0.101157,89.549309,9.089522,0.450691,0.500768,0.316228
  7|0.120061,89.352121,10.779537|0.121164,89.351401,10.879501,0.648599,0.720666,0.316228|0.121164,89.351401,10.879497,0.648599,0.720666,0.316228
  8|0.140071,89.118548,12.565209|0.141172,89.117717,12.665159,0.882283,0.980314,0.316228|0.141172,89.117717,12.665154,0.882283,0.980315,0.316228
  9|0.160081,88.849292,14.345849|0.161179,88.848351,14.445784,1.151649,1.279610,0.316228|0.161179,88.848351,14.445778,1.151649,1.279610,0.316228
 10|0.180091,88.544461,16.120746|0.181185,88.543411,16.220664,1.456589,1.618432,0.316228|0.181185,88.543411,16.220655,1.456589,1.618432,0.316228
 11|0.200101,88.204178,17.889188|0.201192,88.203019,17.989087,1.796981,1.996645,0.316228|0.201192,88.203019,17.989076,1.796981,1.996646,0.316228
 12|0.220112,87.828578,19.650467|0.221197,87.827311,19.750345,2.172689,2.414099,0.316228|0.221197,87.827311,19.750332,2.172689,2.414099,0.316228
 13|0.240122,87.417813,21.403878|0.241203,87.416438,21.503733,2.583562,2.870625,0.316228|0.241203,87.416437,21.503718,2.583563,2.870626,0.316228
 14|0.260132,86.972046,23.148719|0.261208,86.970564,23.248550,3.029436,3.366040,0.316228|0.261208,86.970563,23.248532,3.029437,3.366042,0.316228
 15|0.280142,86.491456,24.884292|0.281212,86.489867,24.984096,3.510133,3.900148,0.316228|0.281212,86.489866,24.984075,3.510134,3.900149,0.316228
 16|0.300152,85.976236,26.609901|0.301216,85.974541,26.709676,4.025459,4.472732,0.316228|0.301216,85.974539,26.709652,4.025461,4.472734,0.316228
 17|0.320162,85.426591,28.324856|0.321220,85.424791,28.424600,4.575209,5.083566,0.316228|0.321220,85.424789,28.424573,4.575211,5.083568,0.316228
 18|0.340172,84.842743,30.028470|0.341224,84.840838,30.128182,5.159162,5.732403,0.316228|0.341223,84.840835,30.128151,5.159165,5.732406,0.316228
 19|0.360183,84.224924,31.720061|0.361227,84.222915,31.819738,5.777085,6.418984,0.316228|0.361226,84.222912,31.819703,5.777088,6.418987,0.316228
 20|0.380193,83.573381,33.398951|0.381229,83.571270,33.498592,6.428730,7.143034,0.316228|0.381229,83.571266,33.498553,6.428734,7.143038,0.316228
 21|0.400203,82.888377,35.064468|0.401231,82.886163,35.164071,7.113837,7.904263,0.316228|0.401231,82.886159,35.164029,7.113841,7.904268,0.316228
 22|0.420213,82.170185,36.715946|0.421233,82.167870,36.815510,7.832130,8.702367,0.316228|0.421233,82.167865,36.815462,7.832135,8.702372,0.316228
 23|0.440223,81.419092,38.352723|0.441235,81.416677,38.452245,8.583323,9.537026,0.316228|0.441234,81.416671,38.452193,8.583329,9.537032,0.316228
 24|0.460233,80.635400,39.974144|0.461236,80.632886,40.073623,9.367114,10.407905,0.316228|0.461235,80.632879,40.073566,9.367121,10.407912,0.316228
 25|0.480243,79.819422,41.579560|0.481236,79.816810,41.678993,10.183190,11.314656,0.316228|0.481236,79.816802,41.678931,10.183198,11.314664,0.316228
 26|0.500254,78.971485,43.168328|0.501237,78.968776,43.267714,11.031224,12.256916,0.316228|0.501236,78.968767,43.267646,11.031233,12.256925,0.316228
 27|0.520264,78.091929,44.739811|0.521236,78.089123,44.839148,11.910877,13.234308,0.316228|0.521236,78.089114,44.839075,11.910886,13.234318,0.316228
 28|0.540274,77.181105,46.293381|0.541236,77.178204,46.392668,12.821796,14.246440,0.316228|0.541235,77.178194,46.392588,12.821806,14.246451,0.316228
 29|0.560284,76.239378,47.828415|0.561235,76.236384,47.927650,13.763616,15.292907,0.316228|0.561234,76.236373,47.927565,13.763627,15.292919,0.316228
 30|0.580294,75.267125,49.344299|0.581234,75.264039,49.443481,14.735961,16.373290,0.316228|0.581233,75.264027,49.443389,14.735973,16.373303,0.316228
 31|0.600304,74.264737,50.840426|0.601233,74.261559,50.939553,15.738441,17.487156,0.316228|0.601232,74.261546,50.939454,15.738454,17.487171,0.316228
 32|0.620314,73.232613,52.316197|0.621231,73.229346,52.415267,16.770654,18.634060,0.316228|0.621230,73.229331,52.415161,16.770669,18.634077,0.316228
 33|0.640325,72.171167,53.771021|0.641229,72.167812,53.870032,17.832188,19.813542,0.316228|0.641228,72.167796,53.869919,17.832204,19.813560,0.316228
 34|0.660335,71.080825,55.204315|0.661226,71.077382,55.303267,18.922618,21.025131,0.316228|0.661225,71.077365,55.303146,18.922635,21.025150,0.316228
 35|0.680345,69.962022,56.615506|0.681223,69.958494,56.714397,20.041506,22.268340,0.316228|0.681222,69.958475,56.714268,20.041525,22.268361,0.316228
 36|0.700355,68.815207,58.004028|0.701220,68.811595,58.102857,21.188405,23.542672,0.316228|0.701219,68.811575,58.102720,21.188425,23.542695,0.316228
 37|0.720365,67.640839,59.369326|0.721216,67.637145,59.468091,22.362855,24.847617,0.316228|0.721215,67.637122,59.467946,22.362878,24.847642,0.316228
 38|0.740375,66.439388,60.710854|0.741213,66.435613,60.809552,23.564387,26.182653,0.316228|0.741212,66.435589,60.809399,23.564411,26.182679,0.316228
 39|0.760385,65.211335,62.028073|0.761208,65.207480,62.126704,24.792520,27.547244,0.316228|0.761207,65.207455,62.126542,24.792545,27.547272,0.316228
 40|0.780396,63.957172,63.320456|0.781204,63.953240,63.419020,26.046760,28.940845,0.316228|0.781203,63.953212,63.418848,26.046788,28.940875,0.316228
 41|0.800406,62.677401,64.587486|0.801199,62.673392,64.685981,27.326608,30.362897,0.316228|0.801198,62.673363,64.685799,27.326637,30.362930,0.316228
 42|0.820416,61.372535,65.828656|0.821194,61.368451,65.927080,28.631549,31.812832,0.316228|0.821193,61.368420,65.926889,28.631580,31.812866,0.316228
 43|0.840426,60.043095,67.043469|0.841189,60.038939,67.141821,29.961061,33.290068,0.316228|0.841188,60.038906,67.141620,29.961094,33.290105,0.316228
 44|0.860436,58.689615,68.231438|0.861183,58.685387,68.329716,31.314613,34.794014,0.316228|0.861182,58.685352,68.329505,31.314648,34.794053,0.316228
 45|0.880446,57.312636,69.392087|0.881177,57.308338,69.490292,32.691662,36.324068,0.316228|0.881176,57.308302,69.490070,32.691698,36.324109,0.316228
 46|0.900456,55.912709,70.524953|0.901171,55.908344,70.623082,34.091656,37.879618,0.316228|0.901170,55.908305,70.622849,34.091695,37.879661,0.316228
 47|0.920467,54.490395,71.629581|0.921165,54.485964,71.727633,35.514036,39.460040,0.316228|0.921164,54.485923,71.727389,35.514077,39.460085,0.316228
 48|0.940477,53.046264,72.705529|0.941158,53.041768,72.803504,36.958232,41.064702,0.316228|0.941157,53.041725,72.803248,36.958275,41.064750,0.316228
 49|0.960487,51.580893,73.752366|0.961151,51.576335,73.850262,38.423665,42.692961,0.316228|0.961150,51.576290,73.849995,38.423710,42.693011,0.316228
 50|0.980497,50.094870,74.769673|0.981144,50.090251,74.867490,39.909749,44.344165,0.316228|0.981143,50.090204,74.867211,39.909796,44.344218,0.316228
 51|1.000507,48.588789,75.757043|1.001137,48.584112,75.854780,41.415888,46.017654,0.316228|1.001135,48.584062,75.854488,41.415938,46.017708,0.316228
 52|1.020517,47.063253,76.714081|1.021129,47.058519,76.811736,42.941481,47.712756,0.316228|1.021128,47.058468,76.811431,42.941532,47.712813,0.316228
 53|1.040528,45.518874,77.640403|1.041121,45.514085,77.737975,44.485915,49.428795,0.316228|1.041120,45.514032,77.737658,44.485968,49.428854,0.316228
 54|1.060538,43.956269,78.535638|1.061113,43.951427,78.633128,46.048573,51.165081,0.316228|1.061112,43.951372,78.632797,46.048628,51.165142,0.316228
 55|1.080548,42.376065,79.399428|1.081105,42.371172,79.496834,47.628828,52.920920,0.316228|1.081104,42.371114,79.496489,47.628886,52.920984,0.316228
 56|1.100558,40.778893,80.231427|1.101096,40.773951,80.328748,49.226049,54.695610,0.316228|1.101095,40.773891,80.328390,49.226109,54.695676,0.316228
 57|1.120568,39.165394,81.031302|1.121088,39.160404,81.128538,50.839596,56.488439,0.316228|1.121086,39.160343,81.128165,50.839657,56.488508,0.316228
 58|1.140578,37.536214,81.798733|1.141079,37.531179,81.895883,52.468821,58.298690,0.316228|1.141078,37.531115,81.895496,52.468885,58.298761,0.316228
 59|1.160588,35.892004,82.533412|1.161070,35.886925,82.630475,54.113075,60.125638,0.316228|1.161069,35.886860,82.630074,54.113140,60.125711,0.316228
 60|1.180599,34.233423,83.235045|1.181061,34.228303,83.332022,55.771697,61.968552,0.316228|1.181059,34.228236,83.331605,55.771764,61.968627,0.316228
 61|1.200609,32.561136,83.903352|1.201051,32.555977,84.000240,57.444023,63.826693,0.316228|1.201050,32.555907,83.999808,57.444093,63.826769,0.316228
 62|1.220619,30.875811,84.538064|1.221042,30.870614,84.634865,59.129386,65.699317,0.316228|1.221041,30.870544,84.634417,59.129456,65.699396,0.316228
 63|1.240629,29.178124,85.138928|1.241032,29.172892,85.235640,60.827108,67.585676,0.316228|1.241031,29.172819,85.235176,60.827181,67.585756,0.316228
 64|1.260639,27.468754,85.705703|1.261022,27.463489,85.802326,62.536511,69.485012,0.316228|1.261021,27.463415,85.801846,62.536585,69.485095,0.316228
 65|1.280649,25.748385,86.238162|1.281012,25.743089,86.334695,64.256911,71.396567,0.316228|1.281011,25.743014,86.334199,64.256986,71.396652,0.316228
 66|1.300659,24.017708,86.736092|1.301002,24.012383,86.832535,65.987617,73.319575,0.316228|1.301001,24.012305,86.832022,65.987695,73.319661,0.316228
 67|1.320670,22.277414,87.199294|1.320992,22.272061,87.295646,67.727939,75.253265,0.316228|1.320991,22.271983,87.295116,67.728017,75.253353,0.316228
 68|1.340680,20.528200,87.627581|1.340981,20.522822,87.723843,69.477178,77.196864,0.316228|1.340981,20.522742,87.723296,69.477258,77.196953,0.316228
 69|1.360690,18.770767,88.020783|1.360971,18.765366,88.116955,71.234634,79.149593,0.316228|1.360971,18.765285,88.116390,71.234715,79.149683,0.316228
 70|1.380700,17.005818,88.378743|1.380961,17.000396,88.474823,72.999604,81.110671,0.316228|1.380960,17.000314,88.474240,72.999686,81.110762,0.316228
 71|1.400710,15.234060,88.701316|1.400950,15.228619,88.797305,74.771381,83.079312,0.316228|1.400950,15.228536,88.796704,74.771464,83.079404,0.316228
 72|1.420720,13.456202,88.988373|1.420939,13.450745,89.084271,76.549255,85.054728,0.316228|1.420939,13.450661,89.083652,76.549339,85.054821,0.316228
 73|1.440730,11.672957,89.239801|1.440929,11.667485,89.335607,78.332515,87.036128,0.316228|1.440929,11.667400,89.334970,78.332600,87.036222,0.316228
 74|1.460741,9.885038,89.455497|1.460918,9.879553,89.551212,80.120447,89.022719,0.316228|1.460918,9.879468,89.550556,80.120532,89.022813,0.316228
 75|1.480751,8.093161,89.635377|1.480907,8.087665,89.731000,81.912335,91.013705,0.316228|1.480907,8.087580,89.730325,81.912420,91.013800,0.316228
 76|1.500761,6.298044,89.779366|1.500896,6.292539,89.874899,83.707461,93.008290,0.316228|1.500896,6.292454,89.874204,83.707546,93.008385,0.316228
 77|1.520771,4.500405,89.887409|1.520885,4.494893,89.982850,85.505107,95.005674,0.316228|1.520886,4.494808,89.982136,85.505192,95.005769,0.316228
 78|1.540781,2.700964,89.959462|1.540874,2.695448,90.054811,87.304552,97.005058,0.316228|1.540875,2.695363,90.054078,87.304637,97.005152,0.316228
 79|1.560791,0.900441,89.995495|1.560863,0.894923,90.090754,89.105077,99.005641,0.316228|1.560864,0.894838,90.090000,89.105162,99.005735,0.316228
 80|1.580801,-0.900441,89.995495|1.580852,-0.905961,90.090663,89.094039,98.993377,0.316228|1.580853,-0.906045,90.089889,89.093955,98.993284,0.316228
 81|1.600812,-2.700964,89.959462|1.600841,-2.706482,90.054538,87.293518,96.992798,0.316228|1.600842,-2.706565,90.053745,87.293435,96.992706,0.316228
 82|1.620822,-4.500405,89.887409|1.620830,-4.505919,89.982395,85.494081,94.993423,0.316228|1.620831,-4.506001,89.981581,85.493999,94.993332,0.316228
 83|1.640832,-6.298044,89.779366|1.640819,-6.303553,89.874262,83.696447,92.996052,0.316228|1.640821,-6.303634,89.873428,83.696366,92.995962,0.316228
 84|1.660842,-8.093161,89.635377|1.660808,-8.098663,89.730182,81.901337,91.001486,0.316228|1.660810,-8.098742,89.729327,81.901258,91.001397,0.316228
 85|1.680852,-9.885038,89.455497|1.680797,-9.890530,89.550213,80.109470,89.010522,0.316228|1.680799,-9.890608,89.549338,80.109392,89.010435,0.316228
 86|1.700862,-11.672957,89.239801|1.700786,-11.678438,89.334428,78.321562,87.023958,0.316228|1.700788,-11.678514,89.333531,78.321486,87.023873,0.316228
 87|1.720872,-13.456202,88.988373|1.720776,-13.461670,89.082911,76.538330,85.042589,0.316228|1.720778,-13.461744,89.081994,76.538256,85.042507,0.316228
 88|1.740883,-15.234060,88.701316|1.740765,-15.239512,88.795765,74.760488,83.067209,0.316228|1.740767,-15.239583,88.794826,74.760417,83.067130,0.316228
 89|1.760893,-17.005818,88.378743|1.760754,-17.011253,88.473104,72.988747,81.098608,0.316228|1.760757,-17.011321,88.472144,72.988679,81.098532,0.316228
 90|1.780903,-18.770767,88.020783|1.780743,-18.776182,88.115058,71.223818,79.137575,0.316228|1.780746,-18.776248,88.114076,71.223752,79.137502,0.316228
 91|1.800913,-20.528200,87.627581|1.800733,-20.533594,87.721769,69.466406,77.184895,0.316228|1.800736,-20.533657,87.720766,69.466343,77.184825,0.316228
 92|1.820923,-22.277414,87.199294|1.820722,-22.282785,87.293395,67.717215,75.241350,0.316228|1.820726,-22.282845,87.292370,67.717155,75.241284,0.316228
 93|1.840933,-24.017708,86.736092|1.840712,-24.023055,86.830108,65.976945,73.307717,0.316228|1.840716,-24.023110,86.829062,65.976890,73.307655,0.316228
 94|1.860943,-25.748385,86.238162|1.860702,-25.753706,86.332093,64.246294,71.384771,0.316228|1.860706,-25.753757,86.331025,64.246243,71.384714,0.316228
 95|1.880954,-27.468754,85.705703|1.880692,-27.474045,85.799549,62.525955,69.473283,0.316228|1.880696,-27.474093,85.798460,62.525907,69.473230,0.316228
 96|1.900964,-29.178124,85.138928|1.900682,-29.183385,85.232691,60.816615,67.574017,0.316228|1.900686,-29.183428,85.231579,60.816572,67.573969,0.316228
 97|1.920974,-30.875811,84.538064|1.920672,-30.881040,84.631744,59.118960,65.687733,0.316228|1.920676,-30.881078,84.630611,59.118922,65.687691,0.316228
 98|1.940984,-32.561136,83.903352|1.940662,-32.566331,83.996949,57.433669,63.815188,0.316228|1.940667,-32.566363,83.995795,57.433637,63.815152,0.316228
 99|1.960994,-34.233423,83.235045|1.960652,-34.238583,83.328561,55.761417,61.957130,0.316228|1.960658,-34.238610,83.327385,55.761390,61.957100,0.316228
100|1.981004,-35.892004,82.533412|1.980643,-35.897126,82.626847,54.102874,60.114304,0.316228|1.980648,-35.897147,82.625649,54.102853,60.114281,0.316228
101|2.001014,-37.536214,81.798733|2.000634,-37.541297,81.892088,52.458703,58.287448,0.316228|2.000639,-37.541312,81.890869,52.458688,58.287431,0.316228
102|2.021025,-39.165394,81.031302|2.020624,-39.170436,81.124579,50.829564,56.477293,0.316228|2.020630,-39.170445,81.123338,50.829555,56.477283,0.316228
103|2.041035,-40.778893,80.231427|2.040615,-40.783893,80.324626,49.216107,54.684563,0.316228|2.040622,-40.783895,80.323363,49.216105,54.684561,0.316228
104|2.061045,-42.376065,79.399428|2.060607,-42.381020,79.492550,47.618980,52.909977,0.316228|2.060613,-42.381015,79.491265,47.618985,52.909983,0.316228
105|2.081055,-43.956269,78.535638|2.080598,-43.961179,78.628684,46.038821,51.154246,0.316228|2.080605,-43.961166,78.627378,46.038834,51.154259,0.316228
106|2.101065,-45.518874,77.640403|2.100590,-45.523736,77.733374,44.476264,49.418071,0.316228|2.100597,-45.523716,77.732047,44.476284,49.418093,0.316228
107|2.121075,-47.063253,76.714081|2.120582,-47.068066,76.806978,42.931934,47.702148,0.316228|2.120589,-47.068038,76.805630,42.931962,47.702180,0.316228
108|2.141085,-48.588789,75.757043|2.140574,-48.593551,75.849867,41.406449,46.007165,0.316228|2.140581,-48.593515,75.848498,41.406485,46.007206,0.316228
109|2.161096,-50.094870,74.769673|2.160566,-50.099580,74.862425,39.900420,44.333800,0.316228|2.160574,-50.099535,74.861035,39.900465,44.333850,0.316228
110|2.181106,-51.580893,73.752366|2.180558,-51.585550,73.845047,38.414450,42.682722,0.316228|2.180567,-51.585495,73.843636,38.414505,42.682783,0.316228
111|2.201116,-53.046264,72.705529|2.200551,-53.050865,72.798140,36.949135,41.054594,0.316228|2.200560,-53.050802,72.796709,36.949198,41.054665,0.316228
112|2.221126,-54.490395,71.629581|2.220544,-54.494940,71.722123,35.505060,39.450067,0.316228|2.220553,-54.494867,71.720672,35.505133,39.450148,0.316228
113|2.241136,-55.912709,70.524953|2.240537,-55.917196,70.617428,34.082804,37.869782,0.316228|2.240547,-55.917112,70.615956,34.082888,37.869875,0.316228
114|2.261146,-57.312636,69.392087|2.260531,-57.317063,69.484496,32.682937,36.314374,0.316228|2.260541,-57.316969,69.483004,32.683031,36.314478,0.316228
115|2.281156,-58.689615,68.231438|2.280525,-58.693982,68.323781,31.306018,34.784465,0.316228|2.280535,-58.693877,68.322270,31.306123,34.784581,0.316228
116|2.301167,-60.043095,67.043469|2.300519,-60.047400,67.135749,29.952600,33.280667,0.316228|2.300529,-60.047284,67.134217,29.952716,33.280795,0.316228
117|2.321177,-61.372535,65.828656|2.320513,-61.376776,65.920873,28.623224,31.803583,0.316228|2.320524,-61.376649,65.919323,28.623351,31.803723,0.316228
118|2.341187,-62.677401,64.587486|2.340508,-62.681577,64.679642,27.318423,30.353803,0.316228|2.340519,-62.681439,64.678072,27.318561,30.353957,0.316228
119|2.361197,-63.957172,63.320456|2.360502,-63.961282,63.412551,26.038718,28.931909,0.316228|2.360514,-63.961132,63.410963,26.038868,28.932076,0.316228
120|2.381207,-65.211335,62.028073|2.380498,-65.215378,62.120109,24.784622,27.538469,0.316228|2.380509,-65.215215,62.118502,24.784785,27.538650,0.316228
121|2.401217,-66.439388,60.710854|2.400493,-66.443362,60.802833,23.556638,26.174042,0.316228|2.400505,-66.443187,60.801208,23.556813,26.174237,0.316228
122|2.421227,-67.640839,59.369326|2.420489,-67.644743,59.461249,22.355257,24.839175,0.316228|2.420501,-67.644555,59.459606,22.355445,24.839383,0.316228
123|2.441238,-68.815207,58.004028|2.440485,-68.819040,58.095896,21.180960,23.534400,0.316228|2.440498,-68.818839,58.094236,21.181161,23.534624,0.316228
124|2.461248,-69.962022,56.615506|2.460482,-69.965783,56.707320,20.034217,22.260241,0.316228|2.460494,-69.965568,56.705643,20.034432,22.260480,0.316228
125|2.481258,-71.080825,55.204315|2.480478,-71.084512,55.296077,18.915488,21.017208,0.316228|2.480492,-71.084284,55.294383,18.915716,21.017462,0.316228
126|2.501268,-72.171167,53.771021|2.500475,-72.174781,53.862732,17.825219,19.805799,0.316228|2.500489,-72.174538,53.861021,17.825462,19.806069,0.316228
127|2.521278,-73.232613,52.316197|2.520473,-73.236151,52.407859,16.763849,18.626499,0.316228|2.520487,-73.235894,52.406132,16.764106,18.626784,0.316228
128|2.541288,-74.264737,50.840426|2.540471,-74.268199,50.932040,15.731801,17.479779,0.316228|2.540485,-74.267927,50.930297,15.732073,17.480081,0.316228
129|2.561298,-75.267125,49.344299|2.560469,-75.270510,49.435866,14.729490,16.366100,0.316228|2.560483,-75.270224,49.434108,14.729776,16.366418,0.316228
130|2.581309,-76.239378,47.828415|2.580467,-76.242684,47.919937,13.757316,15.285906,0.316228|2.580482,-76.242383,47.918164,13.757617,15.286242,0.316228
131|2.601319,-77.181105,46.293381|2.600466,-77.184332,46.384859,12.815668,14.239631,0.316228|2.600481,-77.184015,46.383072,12.815985,14.239984,0.316228
132|2.621329,-78.091929,44.739811|2.620465,-78.095076,44.831248,11.904924,13.227694,0.316228|2.620481,-78.094743,44.829446,11.905257,13.228063,0.316228
133|2.641339,-78.971485,43.168328|2.640465,-78.974551,43.259724,11.025449,12.250498,0.316228|2.640481,-78.974203,43.257908,11.025797,12.250886,0.316228
134|2.661349,-79.819422,41.579560|2.660465,-79.822407,41.670917,10.177593,11.308437,0.316228|2.660481,-79.822042,41.669089,10.177958,11.308842,0.316228
135|2.681359,-80.635400,39.974144|2.680465,-80.638302,40.065464,9.361698,10.401887,0.316228|2.680481,-80.637921,40.063623,9.362079,10.402310,0.316228
136|2.701369,-81.419092,38.352723|2.700466,-81.421911,38.444007,8.578089,9.531210,0.316228|2.700482,-81.421513,38.442153,8.578487,9.531652,0.316228
137|2.721380,-82.170185,36.715946|2.720467,-82.172919,36.807195,7.827081,8.696756,0.316228|2.720484,-82.172505,36.805330,7.827495,8.697217,0.316228
138|2.741390,-82.888377,35.064468|2.740468,-82.891027,35.155684,7.108973,7.898859,0.316228|2.740486,-82.890595,35.153808,7.109405,7.899339,0.316228
139|2.761400,-83.573381,33.398951|2.760470,-83.575946,33.490135,6.424054,7.137838,0.316228|2.760488,-83.575497,33.488248,6.424503,7.138337,0.316228
140|2.781410,-84.224924,31.720061|2.780472,-84.227402,31.811215,5.772598,6.413998,0.316228|2.780490,-84.226935,31.809317,5.773065,6.414516,0.316228
141|2.801420,-84.842743,30.028470|2.800475,-84.845134,30.119596,5.154866,5.727629,0.316228|2.800493,-84.844650,30.117689,5.155350,5.728167,0.316228
142|2.821430,-85.426591,28.324856|2.820478,-85.428896,28.415956,4.571104,5.079005,0.316228|2.820496,-85.428394,28.414039,4.571606,5.079563,0.316228
143|2.841440,-85.976236,26.609901|2.840481,-85.978453,26.700976,4.021547,4.468386,0.316228|2.840500,-85.977932,26.699050,4.022068,4.468964,0.316228
144|2.861451,-86.491456,24.884292|2.860485,-86.493585,24.975343,3.506415,3.896017,0.316228|2.860504,-86.493046,24.973409,3.506954,3.896615,0.316228
145|2.881461,-86.972046,23.148719|2.880489,-86.974086,23.239748,3.025914,3.362127,0.316228|2.880509,-86.973529,23.237806,3.026471,3.362745,0.316228
146|2.901471,-87.417813,21.403878|2.900494,-87.419763,21.494886,2.580237,2.866930,0.316228|2.900514,-87.419188,21.492937,2.580812,2.867569,0.316228
147|2.921481,-87.828578,19.650467|2.920499,-87.830439,19.741456,2.169561,2.410623,0.316228|2.920519,-87.829846,19.739501,2.170154,2.411283,0.316228
148|2.941491,-88.204178,17.889188|2.940505,-88.205949,17.980160,1.794051,1.993390,0.316228|2.940525,-88.205336,17.978198,1.794664,1.994071,0.316228
149|2.961501,-88.544461,16.120746|2.960511,-88.546142,16.211702,1.453858,1.615398,0.316228|2.960531,-88.545511,16.209735,1.454489,1.616099,0.316228
150|2.981511,-88.849292,14.345849|2.980517,-88.850882,14.436792,1.149118,1.276798,0.316228|2.980537,-88.850232,14.434820,1.149768,1.277520,0.316228
151|3.001522,-89.118548,12.565209|3.000524,-89.120047,12.656139,0.879953,0.977726,0.316228|3.000544,-89.119378,12.654163,0.880622,0.978469,0.316228
152|3.021532,-89.352121,10.779537|3.020531,-89.353530,10.870457,0.646470,0.718300,0.316228|3.020552,-89.352841,10.868477,0.647159,0.719065,0.316228
153|3.041542,-89.549919,8.989550|3.040538,-89.551236,9.080461,0.448764,0.498627,0.316228|3.040560,-89.550529,9.078477,0.449471,0.499412,0.316228
154|3.061552,-89.711862,7.195963|3.060546,-89.713087,7.286866,0.286913,0.318792,0.316228|3.060568,-89.712361,7.284880,0.287639,0.319599,0.316228
155|3.081562,-89.837884,5.399495|3.080555,-89.839018,5.490393,0.160982,0.178869,0.316228|3.080576,-89.838273,5.488404,0.161727,0.179697,0.316228
156|3.101572,-89.927937,3.600865|3.100564,-89.928979,3.691759,0.071021,0.078912,0.316228|3.100585,-89.928214,3.689769,0.071786,0.079762,0.316228
157|3.121583,-89.981982,1.800793|3.120573,-89.982933,1.891684,0.017067,0.018963,0.316228|3.120595,-89.982149,1.889693,0.017851,0.019835,0.316228
158|3.141593,-90.000000,0.000000|3.140583,-90.000859,0.090891,0.000859,0.000954,0.316228|3.140605,-90.000055,0.088899,0.000055,0.000061,0.316228
159|3.161603,-89.981982,-1.800793|3.160593,-89.982749,-1.709901,0.017251,0.019167,0.316228|3.160615,-89.981926,-1.711892,0.018074,0.020082,0.316228
160|3.181613,-89.927937,-3.600865|3.180603,-89.928612,-3.509970,0.071388,0.079320,0.316228|3.180626,-89.927770,-3.511961,0.072230,0.080256,0.316228
161|3.201623,-89.837884,-5.399495|3.200614,-89.838468,-5.308596,0.161532,0.179480,0.316228|3.200637,-89.837606,-5.310585,0.162394,0.180437,0.316228
162|3.221633,-89.711862,-7.195963|3.220626,-89.712354,-7.105059,0.287646,0.319607,0.316228|3.220649,-89.711473,-7.107046,0.288527,0.320586,0.316228
163|3.241643,-89.549919,-8.989550|3.240638,-89.550320,-8.898638,0.449680,0.499645,0.316228|3.240661,-89.549420,-8.900623,0.450580,0.500645,0.316228
164|3.261654,-89.352121,-10.779537|3.260650,-89.352431,-10.688617,0.647569,0.719522,0.316228|3.260673,-89.351511,-10.690598,0.648489,0.720543,0.316228
165|3.281664,-89.118548,-12.565209|3.280663,-89.118766,-12.474277,0.881234,0.979149,0.316228|3.280686,-89.117828,-12.476255,0.882172,0.980192,0.316228
166|3.301674,-88.849292,-14.345849|3.300676,-88.849419,-14.254905,1.150581,1.278424,0.316228|3.300699,-88.848462,-14.256879,1.151538,1.279487,0.316228
167|3.321684,-88.544461,-16.120746|3.320689,-88.544498,-16.029788,1.455502,1.617225,0.316228|3.320713,-88.543521,-16.031757,1.456479,1.618310,0.316228
168|3.341694,-88.204178,-17.889188|3.340703,-88.204124,-17.798214,1.795876,1.995418,0.316228|3.340727,-88.203129,-17.800178,1.796871,1.996523,0.316228
169|3.361704,-87.828578,-19.650467|3.360718,-87.828435,-19.559476,2.171565,2.412850,0.316228|3.360741,-87.827421,-19.561434,2.172579,2.413977,0.316228
170|3.381714,-87.417813,-21.403878|3.380733,-87.417580,-21.312869,2.582420,2.869356,0.316228|3.380756,-87.416547,-21.314820,2.583453,2.870503,0.316228
171|3.401725,-86.972046,-23.148719|3.400748,-86.971724,-23.057690,3.028276,3.364751,0.316228|3.400772,-86.970673,-23.059634,3.029327,3.365919,0.316228
172|3.421735,-86.491456,-24.884292|3.420763,-86.491045,-24.793240,3.508955,3.898839,0.316228|3.420787,-86.489976,-24.795177,3.510024,3.900027,0.316228
173|3.441745,-85.976236,-26.609901|3.440779,-85.975737,-26.518826,4.024263,4.471404,0.316228|3.440804,-85.974649,-26.520754,4.025351,4.472612,0.316228
174|3.461755,-85.426591,-28.324856|3.460796,-85.426004,-28.233756,4.573996,5.082218,0.316228|3.460820,-85.424899,-28.235675,4.575101,5.083446,0.316228
175|3.481765,-84.842743,-30.028470|3.480813,-84.842068,-29.937343,5.157932,5.731035,0.316228|3.480837,-84.840945,-29.939253,5.159055,5.732284,0.316228
176|3.501775,-84.224924,-31.720061|3.500830,-84.224162,-31.628905,5.775838,6.417597,0.316228|3.500854,-84.223021,-31.630806,5.776979,6.418865,0.316228
177|3.521785,-83.573381,-33.398951|3.520848,-83.572534,-33.307765,6.427466,7.141629,0.316228|3.520872,-83.571375,-33.309656,6.428625,7.142916,0.316228
178|3.541796,-82.888377,-35.064468|3.540866,-82.887444,-34.973251,7.112556,7.902840,0.316228|3.540890,-82.886268,-34.975131,7.113732,7.904146,0.316228
179|3.561806,-82.170185,-36.715946|3.560884,-82.169167,-36.624696,7.830833,8.700925,0.316228|3.560909,-82.167974,-36.626565,7.832026,8.702251,0.316228
180|3.581816,-81.419092,-38.352723|3.580903,-81.417991,-38.261438,8.582009,9.535566,0.316228|3.580927,-81.416781,-38.263296,8.583219,9.536910,0.316228
181|3.601826,-80.635400,-39.974144|3.600922,-80.634215,-39.882823,9.365785,10.406427,0.316228|3.600947,-80.632988,-39.884668,9.367012,10.407791,0.316228
182|3.621836,-79.819422,-41.579560|3.620942,-79.818155,-41.488201,10.181845,11.313161,0.316228|3.620966,-79.816911,-41.490034,10.183089,11.314543,0.316228
183|3.641846,-78.971485,-43.168328|3.640962,-78.970136,-43.076930,11.029864,12.255404,0.316228|3.640986,-78.968876,-43.078749,11.031124,12.256804,0.316228
184|3.661856,-78.091929,-44.739811|3.660982,-78.090498,-44.648372,11.909502,13.232780,0.316228|3.661007,-78.089223,-44.650178,11.910777,13.234197,0.316228
185|3.681867,-77.181105,-46.293381|3.681003,-77.179594,-46.201900,12.820406,14.244895,0.316228|3.681028,-77.178303,-46.203691,12.821697,14.246330,0.316228
186|3.701877,-76.239378,-47.828415|3.701024,-76.237788,-47.736890,13.762212,15.291346,0.316228|3.701049,-76.236481,-47.738667,13.763519,15.292799,0.316228
187|3.721887,-75.267125,-49.344299|3.721046,-75.265457,-49.252729,14.734543,16.371714,0.316228|3.721070,-75.264135,-49.254492,14.735865,16.373183,0.316228
188|3.741897,-74.264737,-50.840426|3.741067,-74.262991,-50.748810,15.737009,17.485565,0.316228|3.741092,-74.261654,-50.750557,15.738346,17.487051,0.316228
189|3.761907,-73.232613,-52.316197|3.761090,-73.230791,-52.224533,16.769209,18.632455,0.316228|3.761114,-73.229439,-52.226264,16.770561,18.633957,0.316228
190|3.781917,-72.171167,-53.771021|3.781112,-72.169270,-53.679307,17.830730,19.811922,0.316228|3.781137,-72.167903,-53.681022,17.832097,19.813441,0.316228
191|3.801927,-71.080825,-55.204315|3.801135,-71.078853,-55.112551,18.921147,21.023497,0.316228|3.801159,-71.077472,-55.114249,18.922528,21.025031,0.316228
192|3.821938,-69.962022,-56.615506|3.821158,-69.959977,-56.523690,20.040023,22.266692,0.316228|3.821183,-69.958582,-56.525371,20.041418,22.268242,0.316228
193|3.841948,-68.815207,-58.004028|3.841182,-68.813090,-57.912158,21.186910,23.541011,0.316228|3.841206,-68.811682,-57.913823,21.188318,23.542576,0.316228
194|3.861958,-67.640839,-59.369326|3.861206,-67.638651,-59.277402,22.361349,24.845944,0.316228|3.861230,-67.637229,-59.279049,22.362771,24.847523,0.316228
195|3.881968,-66.439388,-60.710854|3.881230,-66.437130,-60.618873,23.562870,26.180967,0.316228|3.881254,-66.435696,-60.620502,23.564304,26.182560,0.316228
196|3.901978,-65.211335,-62.028073|3.901254,-65.209008,-61.936034,24.790992,27.545546,0.316228|3.901279,-65.207561,-61.937645,24.792439,27.547154,0.316228
197|3.921988,-63.957172,-63.320456|3.921279,-63.954778,-63.228358,26.045222,28.939136,0.316228|3.921303,-63.953319,-63.229951,26.046681,28.940757,0.316228
198|3.941998,-62.677401,-64.587486|3.941304,-62.674941,-64.495329,27.325059,30.361177,0.316228|3.941328,-62.673470,-64.496902,27.326530,30.362812,0.316228
199|3.962009,-61.372535,-65.828656|3.961330,-61.370009,-65.736437,28.629991,31.811101,0.316228|3.961354,-61.368526,-65.737991,28.631474,31.812748,0.316228
200|3.982019,-60.043095,-67.043469|3.981356,-60.040506,-66.951187,29.959494,33.288326,0.316228|3.981379,-60.039012,-66.952722,29.960988,33.289987,0.316228
201|4.002029,-58.689615,-68.231438|4.001382,-58.686964,-68.139092,31.313036,34.792263,0.316228|4.001405,-58.685458,-68.140607,31.314542,34.793935,0.316228
202|4.022039,-57.312636,-69.392087|4.021408,-57.309923,-69.299677,32.690077,36.322307,0.316228|4.021431,-57.308407,-69.301172,32.691593,36.323992,0.316228
203|4.042049,-55.912709,-70.524953|4.041434,-55.909937,-70.432476,34.090063,37.877848,0.316228|4.041458,-55.908410,-70.433951,34.091590,37.879544,0.316228
204|4.062059,-54.490395,-71.629581|4.061461,-54.487565,-71.537036,35.512435,39.458261,0.316228|4.061485,-54.486028,-71.538491,35.513972,39.459969,0.316228
205|4.082069,-53.046264,-72.705529|4.081488,-53.043377,-72.612916,36.956623,41.062915,0.316228|4.081512,-53.041831,-72.614350,36.958169,41.064633,0.316228
206|4.102080,-51.580893,-73.752366|4.101516,-51.577951,-73.659683,38.422049,42.691166,0.316228|4.101539,-51.576395,-73.661097,38.423605,42.692894,0.316228
207|4.122090,-50.094870,-74.769673|4.121543,-50.091874,-74.676920,39.908126,44.342362,0.316228|4.121566,-50.090309,-74.678312,39.909691,44.344101,0.316228
208|4.142100,-48.588789,-75.757043|4.141571,-48.585741,-75.664218,41.414259,46.015844,0.316228|4.141594,-48.584167,-75.665589,41.415833,46.017592,0.316228
209|4.162110,-47.063253,-76.714081|4.161599,-47.060154,-76.621182,42.939846,47.710940,0.316228|4.161622,-47.058572,-76.622533,42.941428,47.712697,0.316228
210|4.182120,-45.518874,-77.640403|4.181627,-45.515726,-77.547430,44.484274,49.426971,0.316228|4.181650,-45.514136,-77.548759,44.485864,49.428738,0.316228
211|4.202130,-43.956269,-78.535638|4.201656,-43.953074,-78.442590,46.046926,51.163251,0.316228|4.201679,-43.951476,-78.443898,46.048524,51.165027,0.316228
212|4.222140,-42.376065,-79.399428|4.221685,-42.372823,-79.306304,47.627177,52.919085,0.316228|4.221707,-42.371218,-79.307590,47.628782,52.920869,0.316228
213|4.242151,-40.778893,-80.231427|4.241714,-40.775607,-80.138227,49.224393,54.693769,0.316228|4.241736,-40.773995,-80.139491,49.226005,54.695561,0.316228
214|4.262161,-39.165394,-81.031302|4.261743,-39.162066,-80.938024,50.837934,56.486594,0.316228|4.261765,-39.160447,-80.939266,50.839553,56.488392,0.316228
215|4.282171,-37.536214,-81.798733|4.281772,-37.532844,-81.705376,52.467156,58.296840,0.316228|4.281794,-37.531219,-81.706596,52.468781,58.298646,0.316228
216|4.302181,-35.892004,-82.533412|4.301801,-35.888595,-82.439975,54.111405,60.123783,0.316228|4.301823,-35.886964,-82.441174,54.113036,60.125596,0.316228
217|4.322191,-34.233423,-83.235045|4.321831,-34.229977,-83.141528,55.770023,61.966692,0.316228|4.321853,-34.228339,-83.142705,55.771661,61.968512,0.316228
218|4.342201,-32.561136,-83.903352|4.341861,-32.557653,-83.809754,57.442347,63.824829,0.316228|4.341882,-32.556011,-83.810908,57.443989,63.826655,0.316228
219|4.362211,-30.875811,-84.538064|4.361891,-30.872295,-84.444384,59.127705,65.697450,0.316228|4.361912,-30.870647,-84.445517,59.129353,65.699281,0.316228
220|4.382222,-29.178124,-85.138928|4.381921,-29.174575,-85.045165,60.825425,67.583805,0.316228|4.381942,-29.172922,-85.046276,60.827078,67.585642,0.316228
221|4.402232,-27.468754,-85.705703|4.401951,-27.465175,-85.611857,62.534825,69.483139,0.316228|4.401972,-27.463517,-85.612945,62.536483,69.484981,0.316228
222|4.422242,-25.748385,-86.238162|4.421981,-25.744778,-86.144232,64.255222,71.394691,0.316228|4.422003,-25.743116,-86.145298,64.256884,71.396537,0.316228
223|4.442252,-24.017708,-86.736092|4.442012,-24.014074,-86.642077,65.985926,73.317696,0.316228|4.442033,-24.012408,-86.643121,65.987592,73.319547,0.316228
224|4.462262,-22.277414,-87.199294|4.462043,-22.273754,-87.105193,67.726246,75.251384,0.316228|4.462063,-22.272085,-87.106215,67.727915,75.253239,0.316228
225|4.482272,-20.528200,-87.627581|4.482073,-20.524517,-87.533394,69.475483,77.194981,0.316228|4.482094,-20.522845,-87.534395,69.477155,77.196839,0.316228
226|4.502282,-18.770767,-88.020783|4.502104,-18.767063,-87.926510,71.232937,79.147708,0.316228|4.502125,-18.765387,-87.927488,71.234613,79.149570,0.316228
227|4.522293,-17.005818,-88.378743|4.522135,-17.002095,-88.284382,72.997905,81.108783,0.316228|4.522155,-17.000416,-88.285339,72.999584,81.110648,0.316228
228|4.542303,-15.234060,-88.701316|4.542166,-15.230320,-88.606867,74.769680,83.077423,0.316228|4.542186,-15.228639,-88.607802,74.771361,83.079290,0.316228
229|4.562313,-13.456202,-88.988373|4.562197,-13.452447,-88.893836,76.547553,85.052837,0.316228|4.562217,-13.450763,-88.894750,76.549237,85.054707,0.316228
230|4.582323,-11.672957,-89.239801|4.582228,-11.669188,-89.145175,78.330812,87.034236,0.316228|4.582248,-11.667503,-89.146067,78.332497,87.036108,0.316228
231|4.602333,-9.885038,-89.455497|4.602259,-9.881257,-89.360783,80.118743,89.020825,0.316228|4.602279,-9.879570,-89.361653,80.120430,89.022700,0.316228
232|4.622343,-8.093161,-89.635377|4.622290,-8.089371,-89.540572,81.910629,91.011810,0.316228|4.622310,-8.087682,-89.541422,81.912318,91.013686,0.316228
233|4.642353,-6.298044,-89.779366|4.642322,-6.294246,-89.684472,83.705754,93.006393,0.316228|4.642341,-6.292556,-89.685301,83.707444,93.008271,0.316228
234|4.662364,-4.500405,-89.887409|4.662353,-4.496601,-89.792425,85.503399,95.003776,0.316228|4.662372,-4.494910,-89.793233,85.505090,95.005655,0.316228
235|4.682374,-2.700964,-89.959462|4.682384,-2.697157,-89.864387,87.302843,97.003159,0.316228|4.682403,-2.695465,-89.865174,87.304535,97.005039,0.316228
236|4.702384,-0.900441,-89.995495|4.702416,-0.896633,-89.900330,89.103367,99.003741,0.316228|4.702435,-0.894940,-89.901097,89.105060,99.005622,0.316228
237|4.722394,0.900441,-89.995495|4.722447,0.904250,-89.900240,89.095750,98.995278,0.316228|4.722466,0.905943,-89.900985,89.094057,98.993397,0.316228
238|4.742404,2.700964,-89.959462|4.742478,2.704770,-89.864115,87.295230,96.994700,0.316228|4.742497,2.706463,-89.864841,87.293537,96.992819,0.316228
239|4.762414,4.500405,-89.887409|4.762510,4.504206,-89.791971,85.495794,94.995326,0.316228|4.762528,4.505899,-89.792677,85.494101,94.993445,0.316228
240|4.782424,6.298044,-89.779366|4.782541,6.301839,-89.683837,83.698161,92.997957,0.316228|4.782559,6.303532,-89.684523,83.696468,92.996076,0.316228
241|4.802435,8.093161,-89.635377|4.802572,8.096948,-89.539756,81.903052,91.003391,0.316228|4.802590,8.098640,-89.540422,81.901360,91.001511,0.316228
242|4.822445,9.885038,-89.455497|4.822603,9.888814,-89.359786,80.111186,89.012429,0.316228|4.822621,9.890506,-89.360433,80.109494,89.010549,0.316228
243|4.842455,11.672957,-89.239801|4.842635,11.676720,-89.143998,78.323280,87.025866,0.316228|4.842652,11.678412,-89.144626,78.321588,87.023987,0.316228
244|4.862465,13.456202,-88.988373|4.862666,13.459951,-88.892479,76.540049,85.044499,0.316228|4.862683,13.461641,-88.893088,76.538359,85.042621,0.316228
245|4.882475,15.234060,-88.701316|4.882697,15.237792,-88.605331,74.762208,83.069120,0.316228|4.882714,15.239481,-88.605920,74.760519,83.067243,0.316228
246|4.902485,17.005818,-88.378743|4.902728,17.009531,-88.282667,72.990469,81.100521,0.316228|4.902745,17.011219,-88.283238,72.988781,81.098645,0.316228
247|4.922495,18.770767,-88.020783|4.922759,18.774459,-87.924617,71.225541,79.139490,0.316228|4.922776,18.776146,-87.925170,71.223854,79.137616,0.316228
248|4.942506,20.528200,-87.627581|4.942790,20.531869,-87.531324,69.468131,77.186812,0.316228|4.942806,20.533555,-87.531859,69.466445,77.184939,0.316228
249|4.962516,22.277414,-87.199294|4.962820,22.281058,-87.102946,67.718942,75.243269,0.316228|4.962837,22.282742,-87.103464,67.717258,75.241398,0.316228
250|4.982526,24.017708,-86.736092|4.982851,24.021325,-86.639655,65.978675,73.309639,0.316228|4.982867,24.023008,-86.640155,65.976992,73.307769,0.316228
251|5.002536,25.748385,-86.238162|5.002881,25.751974,-86.141635,64.248026,71.386696,0.316228|5.002898,25.753655,-86.142118,64.246345,71.384828,0.316228
252|5.022546,27.468754,-85.705703|5.022912,27.472311,-85.609087,62.527689,69.475210,0.316228|5.022928,27.473990,-85.609552,62.526010,69.473345,0.316228
253|5.042556,29.178124,-85.138928|5.042942,29.181648,-85.042223,60.818352,67.575947,0.316228|5.042958,29.183325,-85.042672,60.816675,67.574084,0.316228
254|5.062567,30.875811,-84.538064|5.062972,30.879300,-84.441270,59.120700,65.689667,0.316228|5.062988,30.880975,-84.441703,59.119025,65.687806,0.316228
255|5.082577,32.561136,-83.903352|5.083002,32.564588,-83.806470,57.435412,63.817125,0.316228|5.083018,32.566260,-83.806887,57.433740,63.815266,0.316228
256|5.102587,34.233423,-83.235045|5.103032,34.236836,-83.138076,55.763164,61.959071,0.316228|5.103048,34.238507,-83.138477,55.761493,61.957215,0.316228
257|5.122597,35.892004,-82.533412|5.123062,35.895376,-82.436355,54.104624,60.116249,0.316228|5.123077,35.897044,-82.436741,54.102956,60.114396,0.316228
258|5.142607,37.536214,-81.798733|5.143091,37.539542,-81.701590,52.460458,58.289398,0.316228|5.143106,37.541208,-81.701960,52.458792,58.287546,0.316228
259|5.162617,39.165394,-81.031302|5.163121,39.168678,-80.934074,50.831322,56.479247,0.316228|5.163136,39.170342,-80.934429,50.829658,56.477398,0.316228
260|5.182627,40.778893,-80.231427|5.183150,40.782130,-80.134113,49.217870,54.686523,0.316228|5.183165,40.783791,-80.134454,49.216209,54.684676,0.316228
261|5.202638,42.376065,-79.399428|5.203179,42.379252,-79.302030,47.620748,52.911942,0.316228|5.203193,42.380911,-79.302356,47.619089,52.910099,0.316228
262|5.222648,43.956269,-78.535638|5.223208,43.959406,-78.438156,46.040594,51.156216,0.316228|5.223222,43.961062,-78.438469,46.038938,51.154375,0.316228
263|5.242658,45.518874,-77.640403|5.243236,45.521957,-77.542839,44.478043,49.420047,0.316228|5.243250,45.523612,-77.543137,44.476388,49.418209,0.316228
264|5.262668,47.063253,-76.714081|5.263265,47.066282,-76.616435,42.933718,47.704131,0.316228|5.263279,47.067934,-76.616720,42.932066,47.702296,0.316228
265|5.282678,48.588789,-75.757043|5.283293,48.591761,-75.659316,41.408239,46.009155,0.316228|5.283306,48.593410,-75.659588,41.406590,46.007322,0.316228
266|5.302688,50.094870,-74.769673|5.303321,50.097783,-74.671866,39.902217,44.335797,0.316228|5.303334,50.099430,-74.672125,39.900570,44.333967,0.316228
267|5.322698,51.580893,-73.752366|5.323348,51.583746,-73.654480,38.416254,42.684727,0.316228|5.323362,51.585391,-73.654726,38.414609,42.682899,0.316228
268|5.342709,53.046264,-72.705529|5.343376,53.049054,-72.607564,36.950946,41.056606,0.316228|5.343389,53.050697,-72.607799,36.949303,41.054782,0.316228
269|5.362719,54.490395,-71.629581|5.363403,54.493122,-71.531539,35.506878,39.452087,0.316228|5.363416,54.494761,-71.531762,35.505239,39.450265,0.316228
270|5.382729,55.912709,-70.524953|5.383430,55.915370,-70.426835,34.084630,37.871811,0.316228|5.383443,55.917007,-70.427046,34.082993,37.869992,0.316228
271|5.402739,57.312636,-69.392087|5.403457,57.315229,-69.293894,32.684771,36.316412,0.316228|5.403469,57.316864,-69.294094,32.683136,36.314596,0.316228
272|5.422749,58.689615,-68.231438|5.423483,58.692139,-68.133171,31.307861,34.786513,0.316228|5.423495,58.693771,-68.133359,31.306229,34.784698,0.316228
273|5.442759,60.043095,-67.043469|5.443509,60.045548,-66.945129,29.954452,33.282725,0.316228|5.443521,60.047178,-66.945307,29.952822,33.280913,0.316228
274|5.462769,61.372535,-65.828656|5.463535,61.374915,-65.730245,28.625085,31.805650,0.316228|5.463547,61.376543,-65.730412,28.623457,31.803841,0.316228
275|5.482780,62.677401,-64.587486|5.483561,62.679707,-64.489004,27.320293,30.355881,0.316228|5.483572,62.681333,-64.489162,27.318667,30.354075,0.316228
276|5.502790,63.957172,-63.320456|5.503586,63.959401,-63.221905,26.040599,28.933998,0.316228|5.503597,63.961025,-63.222052,26.038975,28.932194,0.316228
277|5.522800,65.211335,-62.028073|5.523611,65.213487,-61.929453,24.786513,27.540570,0.316228|5.523622,65.215108,-61.929592,24.784892,27.538768,0.316228
278|5.542810,66.439388,-60.710854|5.543636,66.441460,-60.612168,23.558540,26.176155,0.316228|5.543647,66.443080,-60.612297,23.556920,26.174356,0.316228
279|5.562820,67.640839,-59.369326|5.563660,67.642830,-59.270576,22.357170,24.841300,0.316228|5.563671,67.644448,-59.270696,22.355552,24.839502,0.316228
280|5.582830,68.815207,-58.004028|5.583684,68.817116,-57.905214,21.182884,23.536538,0.316228|5.583695,68.818732,-57.905325,21.181268,23.534743,0.316228
281|5.602840,69.962022,-56.615506|5.603708,69.963847,-56.516629,20.036153,22.262392,0.316228|5.603718,69.965461,-56.516732,20.034539,22.260599,0.316228
282|5.622851,71.080825,-55.204315|5.623731,71.082564,-55.105377,18.917436,21.019373,0.316228|5.623741,71.084177,-55.105472,18.915823,21.017582,0.316228
283|5.642861,72.171167,-53.771021|5.643754,72.172820,-53.672023,17.827180,19.807978,0.316228|5.643764,72.174430,-53.672110,17.825570,19.806188,0.316228
284|5.662871,73.232613,-52.316197|5.663777,73.234178,-52.217142,16.765822,18.628692,0.316228|5.663787,73.235786,-52.217221,16.764214,18.626904,0.316228
285|5.682881,74.264737,-50.840426|5.683800,74.266212,-50.741314,15.733788,17.481987,0.316228|5.683809,74.267819,-50.741386,15.732181,17.480201,0.316228
286|5.702891,75.267125,-49.344299|5.703822,75.268510,-49.245132,14.731490,16.368322,0.316228|5.703831,75.270116,-49.245197,14.729884,16.366538,0.316228
287|5.722901,76.239378,-47.828415|5.723843,76.240670,-47.729195,13.759330,15.288144,0.316228|5.723852,76.242274,-47.729253,13.757726,15.286362,0.316228
288|5.742911,77.181105,-46.293381|5.743865,77.182304,-46.194109,12.817696,14.241885,0.316228|5.743873,77.183906,-46.194161,12.816094,14.240104,0.316228
289|5.762922,78.091929,-44.739811|5.763886,78.093033,-44.640490,11.906967,13.229963,0.316228|5.763894,78.094634,-44.640535,11.905366,13.228184,0.316228
290|5.782932,78.971485,-43.168328|5.783906,78.972494,-43.068958,11.027506,12.252785,0.316228|5.783915,78.974094,-43.068998,11.025906,12.251007,0.316228
291|5.802942,79.819422,-41.579560|5.803927,79.820334,-41.480144,10.179666,11.310740,0.316228|5.803935,79.821933,-41.480178,10.178067,11.308963,0.316228
292|5.822952,80.635400,-39.974144|5.823947,80.636214,-39.874684,9.363786,10.404207,0.316228|5.823954,80.637812,-39.874712,9.362188,10.402431,0.316228
293|5.842962,81.419092,-38.352723|5.843966,81.419807,-38.253220,8.580193,9.533548,0.316228|5.843973,81.421404,-38.253243,8.578596,9.531774,0.316228
294|5.862972,82.170185,-36.715946|5.863985,82.170799,-36.616401,7.829201,8.699112,0.316228|5.863992,82.172395,-36.616419,7.827605,8.697339,0.316228
295|5.882982,82.888377,-35.064468|5.884004,82.888891,-34.964884,7.111109,7.901233,0.316228|5.884011,82.890486,-34.964897,7.109514,7.899461,0.316228
296|5.902993,83.573381,-33.398951|5.904023,83.573793,-33.299328,6.426207,7.140230,0.316228|5.904029,83.575387,-33.299337,6.424613,7.138459,0.316228
297|5.923003,84.224924,-31.720061|5.924041,84.225232,-31.620402,5.774768,6.416409,0.316228|5.924047,84.226826,-31.620407,5.773174,6.414638,0.316228
298|5.943013,84.842743,-30.028470|5.944058,84.842948,-29.928778,5.157052,5.730058,0.316228|5.944064,84.844540,-29.928778,5.155460,5.728289,0.316228
299|5.963023,85.426591,-28.324856|5.964075,85.426692,-28.225132,4.573308,5.081454,0.316228|5.964081,85.428284,-28.225128,4.571716,5.079685,0.316228
300|5.983033,85.976236,-26.609901|5.984092,85.976231,-26.510146,4.023769,4.470854,0.316228|5.984098,85.977822,-26.510140,4.022178,4.469086,0.316228
301|6.003043,86.491456,-24.884292|6.004109,86.491345,-24.784509,3.508655,3.898505,0.316228|6.004114,86.492936,-24.784499,3.507064,3.896737,0.316228
302|6.023053,86.972046,-23.148719|6.024125,86.971828,-23.048910,3.028172,3.364635,0.316228|6.024129,86.973419,-23.048896,3.026581,3.362868,0.316228
303|6.043064,87.417813,-21.403878|6.044140,87.417488,-21.304044,2.582512,2.869458,0.316228|6.044145,87.419078,-21.304028,2.580922,2.867691,0.316228
304|6.063074,87.828578,-19.650467|6.064156,87.828146,-19.550610,2.171854,2.413172,0.316228|6.064160,87.829735,-19.550591,2.170265,2.411405,0.316228
305|6.083084,88.204178,-17.889188|6.084171,88.203637,-17.789310,1.796363,1.995959,0.316228|6.084174,88.205226,-17.789289,1.794774,1.994193,0.316228
306|6.103094,88.544461,-16.120746|6.104185,88.543811,-16.020849,1.456189,1.617988,0.316228|6.104188,88.545400,-16.020826,1.454600,1.616222,0.316228
307|6.123104,88.849292,-14.345849|6.124199,88.848532,-14.245936,1.151468,1.279409,0.316228|6.124202,88.850121,-14.245911,1.149879,1.277643,0.316228
308|6.143114,89.118548,-12.565209|6.144213,89.117679,-12.465281,0.882321,0.980357,0.316228|6.144215,89.119267,-12.465253,0.880733,0.978592,0.316228
309|6.163124,89.352121,-10.779537|6.164226,89.351142,-10.679596,0.648858,0.720953,0.316228|6.164228,89.352731,-10.679568,0.647269,0.719188,0.316228
310|6.183135,89.549919,-8.989550|6.184239,89.548830,-8.889598,0.451170,0.501300,0.316228|6.184241,89.550418,-8.889568,0.449582,0.499535,0.316228
311|6.203145,89.711862,-7.195963|6.204251,89.710662,-7.096002,0.289338,0.321487,0.316228|6.204253,89.712250,-7.095971,0.287750,0.319722,0.316228
312|6.223155,89.837884,-5.399495|6.224263,89.836574,-5.299527,0.163426,0.181585,0.316228|6.224264,89.838162,-5.299495,0.161838,0.179820,0.316228
313|6.243165,89.927937,-3.600865|6.244274,89.926515,-3.500893,0.073485,0.081650,0.316228|6.244275,89.928103,-3.500860,0.071897,0.079885,0.316228
314|6.263175,89.981982,-1.800793|6.264285,89.980450,-1.700818,0.019550,0.021722,0.316228|6.264286,89.982038,-1.700785,0.017962,0.019958,0.316228
