1.0 -1.8749294984576892e-05
0.9988907871291587 -1.860974725986786e-05
0.9955765093975415 -1.8191818479285082e-05
0.9900968729740325 -1.7512020285659347e-05
0.9825168189384758 -1.6589617201412388e-05
0.9729247346301186 -1.547153056968842e-05
0.9614300745900454 -1.4166659115577573e-05
0.9481605045075002 -1.2736375263000532e-05
0.9332586987951961 -1.1218990458639055e-05
0.9168789305429483 -9.645351009557324e-06
0.8991835917473199 -8.051684234677836e-06
0.8803397727887394 -6.510076482335592e-06
0.8605160146343799 -4.983490679344449e-06
0.839879327069163 -3.565040718855883e-06
0.8185925434174832 -2.2468956853982647e-06
0.7968120586495852 -1.0395700280607656e-06
0.7746859751479425 4.980150436484365e-08
0.7523526600524034 9.980925238517457e-07
0.729939700903331 1.8156632806132222e-06
0.7075632327427447 2.5264966629912067e-06
0.6853276000319595 3.112268558203013e-06
0.663325310524072 3.5589880449382605e-06
0.64163723520374 3.954089804025784e-06
0.6203330080594824 4.166357404411514e-06
0.5994715812135815 4.379959097744468e-06
0.5791018942323328 4.517871194931189e-06
0.5592636207496521 4.511963895170723e-06
0.5399879604052463 4.512193683248178e-06
0.5212984491534401 4.490445276505994e-06
0.5032117659548887 4.370960233535115e-06
0.485738518516156 4.268613153890488e-06
0.46888399495798 4.122994853306139e-06
0.4526488719975255 3.974774119230862e-06
0.4370298733951406 3.819525894732667e-06
0.4220203750487416 3.622059222274654e-06
0.4076109552496715 3.4741263812976264e-06
0.3937898902885798 3.3485028483326573e-06
0.38054359687265965 3.1751548791314477e-06
0.36785702374334345 2.930805528489344e-06
0.35571399552235716 2.794606852041248e-06
0.3440975122163559 2.5841149182137535e-06
0.3329900080237957 2.4484256374579516e-06
0.32237357315401644 2.3698548020090193e-06
0.3122301423235627 2.1368245481934167e-06
0.30254165346858075 2.0637389470112844e-06
0.29329018002940804 1.8858640414842753e-06
0.28445803994402635 1.7782005299893378e-06
0.2760278842465433 1.6974734312058537e-06
0.2679827679173468 1.6066657246294191e-06
0.2603062053820568 1.4588054134678785e-06
0.2529822128134703 1.402410317263847e-06
0.24599533915892757 1.3254042023624901e-06
0.23933068759791834 1.1614315633678984e-06
0.2329739289330824 1.0588437870662215e-06
0.22691130823287006 1.093714338429308e-06
0.2211296458761762 1.0272868206928631e-06
0.2156163339978811 8.600364456157195e-07
0.21035932919873082 8.823844336314224e-07
0.20534714226243936 7.577085169019337e-07
0.20056882551622043 7.13843443578277e-07
0.19601395837703928 7.195940881776774e-07
0.19167263154355518 6.399009008783985e-07
0.18753543022187746 6.42066118022866e-07
0.1835934167108048 5.466521657004897e-07
0.17983811261813196 5.498315850116509e-07
0.1762614809329457 5.65937392199567e-07
0.1728559081387217 4.671337585915314e-07
0.16961418651767957 4.7466006994345555e-07
0.16652949676754458 3.8865644957919443e-07
0.16359539102695017 4.0287304051145334e-07
0.16080577638463225 4.185240226051157e-07
0.15815489892979592 3.92369631313505e-07
0.15563732838613714 3.417217590839794e-07
0.1532479433595725 3.244312782868519e-07
0.1509819172194308 2.7438904762200345e-07
0.1488347046243831 2.852594637170469e-07
0.14680202869746636 2.971062934287172e-07
0.14487986884897133 2.5218886010036634e-07
0.1430644492415058 2.6588694793105994e-07
0.141352227888049 2.4332618711597753e-07
0.13973988637112678 2.1160369576000981e-07
0.13822432016923694 2.1896445670521736e-07
0.13680262957522887 2.1845856601476754e-07
0.13547211119039715 2.2005704977678953e-07
0.13423024997750854 1.9879502624609025e-07
0.13307471185577294 1.9295047540279775e-07
0.13200333682083853 1.8019796996227022e-07
0.13101413257318725 1.7423558706930464e-07
0.13010526863879027 1.757356820064615e-07
0.12927507096651578 1.7096238610903036e-07
0.12852201698754168 1.5784760337700376e-07
0.12784473112287675 1.7066086421824167e-07
0.1272419807260338 1.5623831545186206e-07
0.12671267244888856 1.7043081493306467e-07
0.12625584901980738 1.5614176143707859e-07
0.12587068642420504 1.4941718934347037e-07
0.12555649147880785 1.5336091097051252e-07
0.1253126997920258 1.395637465873012e-07
0.12513887410398877 1.343850729862428e-07
0.1250347030009589 1.4622092420202293e-07
