0.5858377786964932 -2.4630199192410274e-06
0.585629535939694 -2.4572895727104083e-06
0.5850057523927098 -2.4365769573098106e-06
0.5839692522686308 -2.3981316266130648e-06
0.5825247095889278 -2.356180302309774e-06
0.580678599342767 -2.296717278471583e-06
0.578439130409417 -2.230102779554599e-06
0.5758161614966317 -2.1445431989119967e-06
0.5728211016416922 -2.0582104511834842e-06
0.5694667970712545 -1.960321868610393e-06
0.5657674064153262 -1.8517997953937382e-06
0.5617382664156891 -1.7443416668871947e-06
0.5573957503580061 -1.6367212526402497e-06
0.5527571214899318 -1.5161496178528466e-06
0.5478403836668628 -1.3734987295288548e-06
0.5426641313963936 -1.267100381951991e-06
0.5372474013372688 -1.1183654782254138e-06
0.5316095271551048 -1.0011841220514128e-06
0.5257699994524275 -8.65177640085868e-07
0.5197483322822841 -7.476485077706485e-07
0.5135639375303829 -6.274727846200534e-07
0.5072360082178702 -5.240731439926094e-07
0.5007834115423597 -3.9527069117806235e-07
0.494224592244963 -3.005329341498886e-07
0.48757748667122996 -2.0602692635263153e-07
0.4808594476885735 -1.23463159529269e-07
0.47408718043543685 -2.196993453829066e-08
0.46727668871068945 4.9057424456044885e-08
0.46044323166710943 1.2325731352236247e-07
0.45360129035108454 2.1700217139875022e-07
0.4467645435318138 2.8534165713578474e-07
0.4399458521866755 3.267217495439567e-07
0.4331572519538627 3.6170934886170514e-07
0.4264099528272809 4.2846935571771994e-07
0.4197143453501854 4.4956488359781943e-07
0.4130800125610472 5.060127028500006e-07
0.40651574695552356 5.194404064656766e-07
0.40002957175001574 5.490299143096067e-07
0.39362876576301853 5.50564101697848e-07
0.38731989126832794 6.058713394319071e-07
0.3811088242173138 6.291776789013603e-07
0.3750007862742328 6.207796072743577e-07
0.36900037815748427 6.172182478447752e-07
0.36311161382950763 6.476420028045382e-07
0.3573379551276166 6.569526777022716e-07
0.3516823464765821 6.26677151061017e-07
0.3461472493704761 5.971890474354424e-07
0.3407346763556515 6.439452673867585e-07
0.3354462242883409 6.086813867933749e-07
0.3302831066789411 6.092889756059705e-07
0.32524618497044566 6.415855213770527e-07
0.32033599863063394 5.884209255957451e-07
0.31555279396651675 6.007892404680248e-07
0.31089655159526103 5.930499684114743e-07
0.30636701252847853 5.547803682004471e-07
0.301963702846522 5.499442830569912e-07
0.2976859569564812 5.410365218616597e-07
0.2935329394420795 5.469632527455026e-07
0.28950366552588935 5.146689948665184e-07
0.2855970201743758 4.854623932848412e-07
0.2818117758844898 4.778287800433212e-07
0.2781466091970413 4.723855537291932e-07
0.27460011598710465 4.6572256218180286e-07
0.2711708255853988 4.734414074114568e-07
0.2678572137871516 4.41753697288938e-07
0.26465771480652467 4.217484931845483e-07
0.2615707322354053 4.175464652367289e-07
0.2585946490653956 3.9846065214010906e-07
0.2557278368312586 4.1341112499981847e-07
0.25296866393302464 3.753487790580934e-07
0.2503155031925149 3.716348314086737e-07
0.24776673869827504 3.590940807762788e-07
0.2453207719909227 3.640217276501545e-07
0.2429760276387239 3.686937407321178e-07
0.24073095825092597 3.6209260625974515e-07
0.23858404897398772 3.4425017755856935e-07
0.23653382151342736 3.318679960562232e-07
0.23457883772158286 3.1222695798249767e-07
0.23271770278916049 3.174461326305167e-07
0.2309490680760737 3.058887109441688e-07
0.22927163361475145 3.028454124698321e-07
0.2276841503168381 2.83435516584829e-07
0.2261854219120318 2.890454026682754e-07
0.22477430664570783 2.7671429178588447e-07
0.2234497187599732 2.758853304696274e-07
0.22221062978087378 2.685697896021022e-07
0.22105606963265828 2.611687335840607e-07
0.21998512759826266 2.4957558153460013e-07
0.21899695314353693 2.544354925360093e-07
0.21809075662117403 2.530311425386067e-07
0.21726580986882515 2.4303337059494723e-07
0.21652144671448603 2.494557400922748e-07
0.21585706340091457 2.446262061528426e-07
0.2152721189395833 2.441608582814947e-07
0.21476613540347655 2.3194485793132102e-07
0.2143386981669059 2.3195480858273498e-07
0.21398945609943482 2.335670035991111e-07
0.21371812171996454 2.4220005850894566e-07
0.21352447131603264 2.3800290080422393e-07
0.21340834503241393 2.3332822648991502e-07
