0.9247147092323763 -1.4281985441400025e-05
0.9238244236760186 -1.4188757971544952e-05
0.9211629937761915 -1.3908225449221767e-05
0.9167584661778102 -1.34518361631919e-05
0.9106568168226876 -1.2833754644003825e-05
0.9029208339587353 -1.2072785148919962e-05
0.893628623232227 -1.1183523760727176e-05
0.8828717980760117 -1.0197826531999077e-05
0.870753429195792 -9.138708558786846e-06
0.8573858329437957 -8.032402045499154e-06
0.8428882796822967 -6.902650036000324e-06
0.8273847001817687 -5.770596739673728e-06
0.8110014612833238 -4.668386626160981e-06
0.7938652723159915 -3.6195570334296434e-06
0.7761012720469181 -2.6197764281254976e-06
0.7578313332251851 -1.6841493384323059e-06
0.7391726089569658 -8.21408468243412e-07
0.7202363329873849 -1.725926546125578e-08
0.7011268750546348 6.553709984702394e-07
0.6819410432273285 1.2519750178796585e-06
0.66276761775435 1.7928419232537962e-06
0.6436870955015227 2.231090002746683e-06
0.62477162044184 2.5628142157341216e-06
0.6060850737283779 2.895808184466553e-06
0.5876832963711155 3.0759295501781025e-06
0.5696144181891206 3.2649305109488935e-06
0.5519192682413707 3.394920815247282e-06
0.5346318440909053 3.4546002553037525e-06
0.5177798197941803 3.4681335991937345e-06
0.5013850752323349 3.4613615648160234e-06
0.4854642321541119 3.382950729602374e-06
0.47002918496013546 3.346217854471867e-06
0.45508761673877657 3.2909342650433437e-06
0.4406434933091508 3.2083356451551026e-06
0.42669753000632366 3.099714811882759e-06
0.4132476276469408 2.929096697690259e-06
0.400289275544654 2.845957682129363e-06
0.38781592061883524 2.6978560857537914e-06
0.3758193025789783 2.5863668406955753e-06
0.36428975589658813 2.466595191819021e-06
0.3532164798234853 2.3532667229320126e-06
0.34258777810741653 2.2038706334881475e-06
0.3323912703184647 2.1097139716319546e-06
0.32261407685669485 2.0243578230938475e-06
0.31324297978396687 1.8951893950291954e-06
0.3042645616294803 1.7681000988312157e-06
0.29566532427523073 1.6248328395529477e-06
0.28743178994754154 1.5989748349265476e-06
0.2795505862351996 1.469016298660808e-06
0.2720085169324013 1.3829121225383822e-06
0.264792620372822 1.3002741464096523e-06
0.2578902167852018 1.2179080863816694e-06
0.2512889460651054 1.1209920385280014e-06
0.24497679722510213 1.0868647301875978e-06
0.23894213065873995 1.0054511995483129e-06
0.23317369423387269 9.422674475123571e-07
0.22766063411907247 9.231478994564668e-07
0.22239250114352624 8.787561054657278e-07
0.21735925339612053 8.080631641593783e-07
0.21255125568328237 7.788310307788038e-07
0.20795927638728576 6.632221295210794e-07
0.2035744821967582 6.991200441064382e-07
0.19938843111854712 6.466174709285344e-07
0.19539306412441257 6.170488942025543e-07
0.19158069573664654 5.527963032325722e-07
0.1879440038131431 4.87845534496989e-07
0.1844760187541017 4.813887700683139e-07
0.18117011231895583 4.5322129288427604e-07
0.1780199862127585 4.6431656722245584e-07
0.17501966057570714 4.1761720129263047e-07
0.17216346248730924 4.216753715369226e-07
0.16944601457750633 3.9090891465476396e-07
0.16686222382053933 3.7779532571780017e-07
0.16440727057312746 3.7827531654266444e-07
0.16207659790637716 3.1754851814724816e-07
0.15986590127047207 2.927570466881857e-07
0.1577711185223916 3.211641839695467e-07
0.1557884203394806 3.0087404379042226e-07
0.15391420103544393 2.819661760466996e-07
0.15214506979012715 2.4444999566219927e-07
0.15047784230012715 2.2498281690430666e-07
0.14890953285372402 2.4772560094921126e-07
0.14743734683074622 2.3210883359769952e-07
0.1460586736256641 2.2619620326791434e-07
0.14477107999039254 2.248589091868869e-07
0.14357230379187733 2.2459952933595595e-07
0.1424602481785048 1.9499923115118278e-07
0.1414329761486364 2.033148317759359e-07
0.14048870551409925 1.745284183285456e-07
0.13962580425120838 1.9360104766552588e-07
0.13884278623183519 1.6388398635380774e-07
0.13813830732712296 1.7893647405453628e-07
0.1375111618766812 1.7076069688815032e-07
0.1369602795164223 1.7320502035400587e-07
0.13648472235863332 1.5602806544001702e-07
0.1360836825183804 1.6919673917481504e-07
0.13575647998091384 1.6702001506829767e-07
0.13550256080535772 1.6086919615854178e-07
0.13532149566063417 1.5571701009187144e-07
0.13521297869026447 1.6247757794740636e-07
