0.4941058844013092 -1.0856866223818429e-06
0.494003044295971 -1.0839633817205652e-06
0.4936948392936111 -1.077890321388164e-06
0.49318221314485977 -1.0645363862638035e-06
0.4924667314940722 -1.0555966649117288e-06
0.4915505710659121 -1.0346970837904479e-06
0.4904365047178213 -1.0181784217966339e-06
0.4891278825450896 -9.876350172688397e-07
0.48762860927219137 -9.657837002352565e-07
0.48594311820652536 -9.366162668777989e-07
0.4840763420678716 -9.001388655005549e-07
0.4820336810382159 -8.602661553114288e-07
0.47982096840161537 -8.282830228911742e-07
0.477444434162244 -7.867286223595116e-07
0.47491066704051904 -7.543990399039302e-07
0.4722265752523501 -6.959234141734605e-07
0.46939934647523457 -6.584443477675173e-07
0.46643640739753506 -6.254335315758475e-07
0.4633453832342026 -5.695903847469097e-07
0.46013405757409587 -5.356429385594552e-07
0.45681033290145373 -4.7541293107800087e-07
0.4533821921077494 -4.30336340673243e-07
0.44985766128080507 -4.0564520231711754e-07
0.44624477402639706 -3.4791934483413556e-07
0.4425515375444048 -3.0778216120186386e-07
0.4387859006475205 -2.4767532080804955e-07
0.43495572387632936 -2.3258333636810846e-07
0.4310687518308031 -1.6803966707001905e-07
0.4271325878054431 -1.4986043089804113e-07
0.42315467078397795 -1.0714333731343118e-07
0.41914225482003054 -5.318440643442557e-08
0.41510239080284284 -3.9435340659643714e-08
0.4110419105822659 -6.149091180684962e-09
0.4069674134048939 1.9606947065931024e-08
0.40288525459361163 5.711852452128241e-08
0.398801536385928 1.0052726828746472e-07
0.3947221008322791 9.94886594218869e-08
0.39065252464394334 1.4428457756343605e-07
0.38659811587119547 1.6513804357298767e-07
0.3825639122856984 1.7206193486662968e-07
0.3785546813367259 2.1418405204975954e-07
0.37457492154842376 2.180214255798063e-07
0.3706288652247766 2.3580654412436175e-07
0.3667204823300039 2.1333641875287412e-07
0.3628534854145992 2.623872987217446e-07
0.35903133546090915 2.404466438177266e-07
0.35525724852684293 2.9298352838269537e-07
0.35153420307180766 2.750196966827545e-07
0.34786494785512395 3.1196061983651546e-07
0.3442520103037942 2.972325798267228e-07
0.3406977052534527 3.102258774312361e-07
0.33720414397347825 3.2476763578426215e-07
0.3337732433944743 3.311639617531448e-07
0.33040673546352584 2.914195263437058e-07
0.3271061765597303 3.3992848974540024e-07
0.32387295690941 3.082545407817605e-07
0.32070830994706984 3.191932946844389e-07
0.317613321574539 2.96811536293351e-07
0.3145889392767693 3.083626776700932e-07
0.3116359810584576 3.232709047118476e-07
0.3087551441709601 3.223116004091864e-07
0.30594701360391 3.3390925696652474e-07
0.3032120703204827 2.999559845506816e-07
0.30055069921941807 3.088309665222333e-07
0.297963196810693 3.24796784800796e-07
0.295449778595152 3.179431072863892e-07
0.2930105861414711 3.0419023189232064e-07
0.29064569385655775 2.8775001903458275e-07
0.2883551154479029 2.9218259733898577e-07
0.2861388100785105 2.963221799601179e-07
0.2839966882168652 2.9851438182459944e-07
0.2819286171859712 2.8129502854801203e-07
0.27993442641683075 2.725364321998214e-07
0.2780139124128433 2.728502756510487e-07
0.2761668434325225 2.669458271098435e-07
0.2743929638986629 2.805406453809667e-07
0.27269199854265047 2.661066343945251e-07
0.271063656293036 2.7314723533011787e-07
0.26950763391777977 2.5968719463698164e-07
0.2680236194297405 2.482319407803857e-07
0.26661129526505667 2.6799648500386297e-07
0.2652703412440375 2.4787827013206254e-07
0.26400043732407946 2.4464101167076535e-07
0.2628012661539489 2.5539276532482447e-07
0.2616725154385397 2.4672860782226635e-07
0.260613880122922 2.456970208952747e-07
0.2596250644041789 2.4026339967564425e-07
0.2587057835791471 2.393724275462361e-07
0.2578557657357929 2.3062874937584965e-07
0.25707475329551505 2.4043217144997797e-07
0.25636250441323394 2.305302235217077e-07
0.25571879424164856 2.4035784768061674e-07
0.2551434160655747 2.3218432965155245e-07
0.2546361823117828 2.286092677938889e-07
0.2541969254392543 2.2762313089952357e-07
0.2538254987142732 2.2336745825191073e-07
0.2535217768742554 2.2241755098795224e-07
0.25328565668370384 2.2909610003507552e-07
0.2531170573851624 2.2864348114826072e-07
0.25301592104751613 2.2784184822155495e-07
