0.5336923960257046 -1.6056284757315353e-06
0.5335479308883376 -1.6026268890856343e-06
0.5331150686384424 -1.5900919350109177e-06
0.5323954042362594 -1.5752288614612198e-06
0.5313915809307895 -1.5466470250080633e-06
0.5301072679754623 -1.5212362645122823e-06
0.5285471299095659 -1.4785625709334838e-06
0.5267167878710441 -1.4396562979523964e-06
0.5246227735199872 -1.3899068225242672e-06
0.5222724762523192 -1.340193886201213e-06
0.519674084467763 -1.2878158890394786e-06
0.5168365217236056 -1.2133214983833795e-06
0.513769378655132 -1.1492865471529612e-06
0.5104828415743824 -1.0838752145803099e-06
0.5069876186712513 -1.0186817011037519e-06
0.5032948647355091 -9.411382814183966e-07
0.49941610529615543 -8.6021603756814e-07
0.4953631610371174 -8.003217703000942e-07
0.49114807329745314 -7.158316925881536e-07
0.4867830314019761 -6.498181299718908e-07
0.4822803024967561 -5.798165900738894e-07
0.47765216448554493 -4.970878708099313e-07
0.47291084258007265 -4.401105993534493e-07
0.46806844989154 -3.724163681328996e-07
0.46313693240456 -3.133728489479459e-07
0.45812801859009195 -2.2970790675147512e-07
0.4530531738322475 -1.6938510394304274e-07
0.4479235597665964 -1.1902079000147836e-07
0.44274999855589364 -7.931350032297502e-08
0.4375429420638715 1.7969813970175608e-09
0.4323124458295004 3.6353895616070275e-08
0.4270681476932973 7.013033437308636e-08
0.42181925088400174 9.984018406461459e-08
0.41657451133822665 1.8385338562687537e-07
0.4113422289972907 2.2168299590452634e-07
0.4061302428040257 2.1157087043421896e-07
0.40094592910745513 2.7324660434313586e-07
0.39579620317433606 2.8311053595908575e-07
0.39068752350302494 3.13597789680653e-07
0.3856258986363649 3.07937853993856e-07
0.38061689617564276 3.442207262560615e-07
0.37566565370648836 3.5643282719766134e-07
0.3707768913592949 3.840414454781005e-07
0.36595492574070676 3.765368148944681e-07
0.36120368498844657 3.904469693116752e-07
0.3565267247187166 4.130007033587013e-07
0.3519272446531723 4.248661937822362e-07
0.3474081057306382 4.161406505498455e-07
0.34297184752698073 4.423784694673749e-07
0.33862070582457254 4.1894103813833183e-07
0.334356630190349 4.0810256518586385e-07
0.3301813014383732 4.5006826454585536e-07
0.32609614886893423 4.2907626929267195e-07
0.322102367191406 4.4924866948736764e-07
0.318200933052288 4.28750222658536e-07
0.31439262110301675 4.2366821739747706e-07
0.31067801955421837 4.3346822997669676e-07
0.3070575451740944 4.03172791318962e-07
0.3035314576985915 4.3131613042257655e-07
0.3000998736299407 3.841498937284804e-07
0.29676277940808865 3.9285365033281394e-07
0.2935200439465606 4.0042462062794826e-07
0.2903714305304014 4.0608037688016907e-07
0.2873166080791482 3.745711810165808e-07
0.2843551617823117 3.7626907256615993e-07
0.28148660311867496 3.733550044127121e-07
0.27871037927390707 3.6475031961469284e-07
0.2760258819735985 3.385836538360998e-07
0.2734324557509081 3.565937029548216e-07
0.27092940566963725 3.284954307458676e-07
0.26851600452475227 3.375881356126875e-07
0.26619149954321664 3.21036019823584e-07
0.26395511860852416 3.11844677469697e-07
0.2618060760325677 3.178564968453479e-07
0.25974357789848895 3.1627890090257793e-07
0.2577668269979654 3.159300723809544e-07
0.25587502738601997 2.9853556038350604e-07
0.2540673885759376 2.9660352407478996e-07
0.25234312939624176 2.9198008649755636e-07
0.2507014815309695 2.7733095997461987e-07
0.24914169276367887 2.850671123322268e-07
0.24766302994477538 2.753804579092023e-07
0.24626478170083937 2.770290207787518e-07
0.24494626090370322 2.765480640876117e-07
0.24370680691608632 2.612624473707914e-07
0.2425457876296191 2.4936964804211925e-07
0.24146260131013372 2.531913575465339e-07
0.2404566782641263 2.5475839446342796e-07
0.23952748233934656 2.612890790676392e-07
0.23867451227151604 2.4565537443121954e-07
0.23789730288825495 2.489999758326089e-07
0.23719542618037417 2.452169341193855e-07
0.2365684922497946 2.4170174028892433e-07
0.2360161501424759 2.363665045079788e-07
0.23553808857387176 2.3693682971170915e-07
0.23513403655358572 2.3008132976620743e-07
0.23480376391507476 2.421641099592531e-07
0.23454708175542988 2.3428724418850244e-07
0.2343638427894701 2.3891461750635834e-07
0.2342539416215939 2.3534879675657372e-07
