1.2285414273121253 -3.7546417300360346e-05
1.2266056925437092 -3.715549168892274e-05
1.2208307748227925 -3.5998513041368696e-05
1.211312277450545 -3.4130816371158446e-05
1.1982054386009777 -3.164353421669652e-05
1.1817192771286065 -2.8646690335198954e-05
1.1621089576012558 -2.5257724310945306e-05
1.1396668642486645 -2.1633361337203283e-05
1.1147129237116247 -1.7895825644709262e-05
1.0875847177860007 -1.4176614679506372e-05
1.0586278848448238 -1.0552153522525032e-05
1.0281872319166336 -7.171876968969926e-06
0.9965988806961454 -4.064724277608178e-06
0.9641836627618148 -1.262976371596558e-06
0.9312418734109762 1.1611671090205888e-06
0.898049398764703 3.217824337764519e-06
0.8648551530619312 4.9502264926060136e-06
0.8318797052232699 6.308332387905402e-06
0.7993149360504321 7.359312886423552e-06
0.7673245480891958 8.12613607958923e-06
0.7360452462234472 8.634338578117351e-06
0.7055884149078325 8.928234712990424e-06
0.6760421339691739 9.056063426271521e-06
0.6474733958289728 9.06477990425536e-06
0.6199304100884698 8.893306899016018e-06
0.5934449045764563 8.678413170426502e-06
0.5680343537144443 8.37030992706378e-06
0.5437040844816888 8.017390362380361e-06
0.5204492268911024 7.599390331125555e-06
0.49825648958322855 7.230579161077166e-06
0.47710575201296523 6.805681921850937e-06
0.4569714729958483 6.3038372493107175e-06
0.4378239214306908 5.914610847312929e-06
0.4196302391855561 5.551856143537481e-06
0.40235534878068724 5.108339813375551e-06
0.38596271995356873 4.764654850941685e-06
0.3704150097364421 4.417031571557484e-06
0.35567459055979567 4.0300726641406825e-06
0.3417039803169296 3.7989928534098993e-06
0.32846618744417017 3.4593247721370624e-06
0.31592498301205585 3.1948707781004337e-06
0.30404511067757506 3.0125505160460975e-06
0.29279244418369504 2.709941450240727e-06
0.282134100957119 2.5246617779695057e-06
0.27203851927964606 2.3098633685214587e-06
0.26247550551185467 2.1247470999852247e-06
0.2534162569401153 1.9762394773970016e-06
0.2448333650028207 1.8713027279959604e-06
0.23670080292819434 1.6725669589323644e-06
0.2289939011801542 1.515455168937807e-06
0.22168931355457797 1.4414896304659752e-06
0.21476497628906457 1.3016689152378635e-06
0.20820006213752978 1.2041528755779574e-06
0.20197493100939914 1.1086490683542838e-06
0.19607107847462651 9.875587667629304e-07
0.1904710831836477 8.865391537826728e-07
0.18515855403953027 8.829034250645851e-07
0.18011807778247854 8.86296093155492e-07
0.17533516749954425 7.736160110571877e-07
0.17079621245050086 7.501124461017916e-07
0.16648842950053647 6.179189107891059e-07
0.16239981636836548 6.246375482965583e-07
0.15851910683166875 5.082636919950811e-07
0.15483572797796671 4.630013334949723e-07
0.15133975954599083 5.495566676450014e-07
0.14802189536853114 4.490572514115332e-07
0.14487340690107328 3.88241145177215e-07
0.14188610879999797 4.215395650042364e-07
0.1390523264986082 3.8896501938778805e-07
0.1363648657178526 3.623918629624967e-07
0.13381698384056573 3.7635846875105905e-07
0.13140236307270176 2.575425741002668e-07
0.1291150853118646 2.381990330257988e-07
0.12694960864199428 2.4164762316147836e-07
0.12490074537298958 3.025647151433386e-07
0.12296364154503381 2.1684408084421403e-07
0.12113375781918767 2.485494601939253e-07
0.1194068516782327 1.8914147352500077e-07
0.11777896086461666 1.8987268976533578e-07
0.11624638798553986 2.0626802541001688e-07
0.11480568621862329 1.825395646026795e-07
0.11345364605513435 1.788279366254919e-07
0.11218728302133633 1.6902812201291528e-07
0.11100382632213752 1.561474988892586e-07
0.10990070835479349 1.6539443110918928e-07
0.10887555504393545 1.643426373459933e-07
0.10792617695263826 1.2822642753151925e-07
0.1070505611275906 1.247422207889537e-07
0.1062468636396682 1.3884603339286983e-07
0.10551340278434754 1.5140900541665836e-07
0.10484865290941597 1.3979155365217988e-07
0.10425123884034726 1.1480182687817475e-07
0.10371993087651313 1.3160175507676009e-07
0.1032536403341037 1.0561511584739058e-07
0.10285141561423236 1.1268492625116089e-07
0.10251243877721623 1.2886288837388182e-07
0.1022360226064565 1.339294389696155e-07
0.10202160814770238 1.255581468101452e-07
0.10186876271178005 9.280548150802925e-08
0.10177717833110947 1.109947326827232e-07
