0.7607257743127303 -7.0436302069820655e-06
0.7602255522471595 -7.0111698373676035e-06
0.7587286622757644 -6.913671787844855e-06
0.7562463663096818 -6.752608340376831e-06
0.7527972137791172 -6.537355163982461e-06
0.7484067183414559 -6.261500141602205e-06
0.743106919578901 -5.9390524486113705e-06
0.7369358431442141 -5.57591100758259e-06
0.7299368755147978 -5.176459773603703e-06
0.7221580714702686 -4.736092998336439e-06
0.7136514135610958 -4.296818394755597e-06
0.704472043179762 -3.831209300031446e-06
0.6946774824218018 -3.35926581884749e-06
0.6843268648125034 -2.896645732719527e-06
0.6734801912874461 -2.441040205969358e-06
0.6621976256833215 -1.998946729031559e-06
0.6505388415611049 -1.56294493069975e-06
0.6385624295876087 -1.1427925087348356e-06
0.6263253720753673 -7.589143496966599e-07
0.6138825887402727 -4.094872602111721e-07
0.6012865553762262 -9.221883734422676e-08
0.5885869950380811 1.9332960210505234e-07
0.5758306395165513 4.6393071573280764e-07
0.5630610574075577 7.257665790572077e-07
0.5503185439299291 9.282266406618334e-07
0.5376400668191629 1.0959469118887455e-06
0.5250592620981285 1.2556737949420693e-06
0.5126064732659695 1.353558511385522e-06
0.500308827416363 1.5026273805229806e-06
0.48819034195552125 1.5612918246588059e-06
0.4762720558986021 1.656196011501354e-06
0.4645721801423461 1.645842703679179e-06
0.45310626160685763 1.6906007170303106e-06
0.4418873566799034 1.7408372240956815e-06
0.43092620995694825 1.712121144137324e-06
0.42023143482830183 1.7143163368871228e-06
0.4098096930046075 1.6927772206742908e-06
0.3996658705812599 1.6990730852262104e-06
0.3898032487126145 1.6389600522304093e-06
0.3802236673927846 1.6176703014347815e-06
0.37092768121877095 1.5268847610716563e-06
0.3619147063431147 1.4917142230896907e-06
0.35318315810837575 1.4469058101651555e-06
0.34473057909680427 1.4473703458528497e-06
0.33655375752875866 1.3534885923704998e-06
0.32864883610640283 1.2917832522552075e-06
0.32101141152885765 1.2851025872895327e-06
0.31363662500530254 1.2478213485822565e-06
0.3065192441673816 1.1658628307764651e-06
0.29965373683536006 1.152282978700292e-06
0.2930343371272374 1.0937309164460451e-06
0.2866551044195705 1.0416135517443692e-06
0.28050997567589087 9.816832127751418e-07
0.2745928116557944 9.482193434884323e-07
0.26889743750716927 8.748377408607233e-07
0.2634176782274832 8.82838291638155e-07
0.2581473894591088 7.989564931309978e-07
0.253080484059664 8.108343717561084e-07
0.24821095486235106 7.703398872960232e-07
0.2435328940141806 6.622899582087172e-07
0.2390405092524764 6.677441516389493e-07
0.23472813745272503 6.308970444401929e-07
0.23059025575409883 6.054158158408374e-07
0.2266214905431572 5.884812934453532e-07
0.22281662455155865 5.578592383037595e-07
0.21917060230024862 5.615865310837354e-07
0.2156785341006333 5.111982648575708e-07
0.21233569880274808 4.6347691587400597e-07
0.20913754546141206 4.3890766576737406e-07
0.20607969407379265 4.535277293160611e-07
0.20315793552566766 4.2120612533946833e-07
0.20036823086890154 4.064981019291647e-07
0.19770671003918963 3.9591060088661756e-07
0.19516967011088768 3.5155704844469504e-07
0.19275357317467548 3.5379488144693383e-07
0.19045504391380177 3.244304840333001e-07
0.1882708669456577 3.45466400736294e-07
0.18619798398734963 3.3695449128123833e-07
0.184233490896712 3.198191018127794e-07
0.18237463463373738 2.7508490427208265e-07
0.18061881018165402 3.0041978330008767e-07
0.1789635574617652 2.7710733818686606e-07
0.17740655827163926 2.569961035370216e-07
0.17594563327222718 2.5961608546287707e-07
0.17457873904596036 2.4229220074722946e-07
0.17330396524476854 2.394576003594828e-07
0.17211953184423595 2.2025440168937926e-07
0.17102378651772948 2.3774555268918363e-07
0.17001520214225538 2.138778318616641e-07
0.16909237444599093 2.0836573919047474e-07
0.16825401980587532 2.1030360369822532e-07
0.16749897320228666 2.0820054949521882e-07
0.16682618633667096 2.21352920076745e-07
0.1662347259169866 2.0666744646180568e-07
0.1657237721149738 2.0238939846262127e-07
0.16529261719852786 2.1279003648011496e-07
0.16494066434183396 2.0670700165426048e-07
0.16466742661539174 1.8695644465882566e-07
0.1644725261576035 2.068701143720375e-07
0.16435569352921373 1.969932346967962e-07
