0.6572361810832018 -3.992305826927556e-06
0.6569235810266959 -3.977856464665308e-06
0.6559875737454182 -3.937273349130521e-06
0.6544335138775903 -3.8656035838968705e-06
0.652270246313772 -3.776176812464449e-06
0.6495099889514739 -3.6533048157760817e-06
0.646168172501843 -3.5185100817347603e-06
0.6422632411200043 -3.348180663831357e-06
0.6378164184638834 -3.1762437122662135e-06
0.6328514444544759 -2.9763386188985663e-06
0.6273942884953899 -2.774812104644475e-06
0.6214728452019025 -2.5502205305283354e-06
0.6151166187895373 -2.3302004759084838e-06
0.6083564021875733 -2.1069189054534476e-06
0.601223956689438 -1.8774224267437134e-06
0.5937516975513707 -1.6246234314509778e-06
0.5859723904289225 -1.4253496275484778e-06
0.5779188629265108 -1.1761084689476675e-06
0.569623734857941 -9.672917284930804e-07
0.5611191701046289 -7.836017346107838e-07
0.5524366522403225 -5.878791394797744e-07
0.5436067853906568 -3.861052046971736e-07
0.5346591211333944 -2.0808660716742367e-07
0.5256220116371068 -5.317810003457879e-08
0.5165224886944542 9.628759145563492e-08
0.5073861678390607 2.1317549736554753e-07
0.49823717634632153 3.38289127543856e-07
0.48909810360892175 4.4759037681751934e-07
0.47998997214508266 5.427499387700152e-07
0.47093222733700724 6.268320573710184e-07
0.46194274390226003 7.295156386755153e-07
0.45303784706442385 7.909027139318958e-07
0.444232346403119 8.382597318501439e-07
0.43553958041894497 9.018910753222364e-07
0.4269714699378529 8.933041218961435e-07
0.41853857859404414 9.669070442086536e-07
0.410250178763482 9.621342382803988e-07
0.40211432146507914 9.835792083023875e-07
0.39413790889795425 9.893285464190882e-07
0.3863267684361186 9.979066437626471e-07
0.3786857270526548 9.68417201985261e-07
0.37121868529081453 1.01233653787558e-06
0.3639286900371576 9.748641664475421e-07
0.35681800548018855 9.84318460905964e-07
0.34988818175583364 9.267023610703973e-07
0.3431401208879218 9.325308033547586e-07
0.3365741397273751 8.926114047902445e-07
0.3301900296781891 8.882092900619476e-07
0.3239871130718629 8.898663543810414e-07
0.3179642961152606 8.713943943083891e-07
0.3121201183906257 8.070551169581108e-07
0.30645279893141586 8.07738454955409e-07
0.30096027893454225 7.709423829882489e-07
0.2956402611993545 7.383510338687671e-07
0.2904902464070708 7.05250507049282e-07
0.28550756637214686 6.759173635240145e-07
0.28068941440999307 6.690464046665845e-07
0.27603287297422147 6.742316018271133e-07
0.2715349387218398 6.435597250109559e-07
0.267192545167091 6.446334510634699e-07
0.26300258308447333 5.859198599633686e-07
0.2589619188193413 5.541284942012226e-07
0.25506741066075606 5.415936591979253e-07
0.251315923426305 5.187404975570686e-07
0.2477043414027158 5.166931851541268e-07
0.2442295797795392 5.046312997469826e-07
0.24088859470614996 4.7139833259102204e-07
0.23767839209502767 4.29690781789116e-07
0.2345960352868635 4.5518404626077036e-07
0.23163865168561745 4.3419462528171415e-07
0.2288034384643281 4.2592426380272386e-07
0.22608766743532643 3.8956450487681593e-07
0.22348868917158526 3.7706385017099997e-07
0.2210039364592909 3.473160215539117e-07
0.218630927155393 3.6932143457346633e-07
0.21636726651787588 3.5329035899533956e-07
0.21421064907083104 3.4788741409830237e-07
0.21215886006108853 3.3230558549313116e-07
0.2102097765581863 3.1411423237481806e-07
0.20836136824481968 3.157089689675985e-07
0.20661169794060338 2.978898371031047e-07
0.2049589218979886 2.7445242645196544e-07
0.20340128990549025 2.9352033051321946e-07
0.20193714522998252 2.8250133071727745e-07
0.20056492442669568 2.8155655801276325e-07
0.19928315704267952 2.594930496591097e-07
0.19809046523686766 2.599231919142575e-07
0.19698556333747133 2.4938539461283327e-07
0.19596725735523116 2.4310258214810254e-07
0.19503444446904078 2.5403226289189007e-07
0.19418611249862136 2.3289868439357875e-07
0.19342133937724404 2.3437632989953272e-07
0.1927392926359625 2.215340502431662e-07
0.1921392289094114 2.387307065643274e-07
0.19162049347193547 2.2649700659460592e-07
0.1911825198116247 2.1963268459490592e-07
0.19082482924873895 2.116292559251054e-07
0.19054703060397918 2.2390704371155756e-07
0.19034881992111966 2.2817025008281533e-07
0.19022998024761295 2.2185036843702655e-07
