OneBody1_E-0.05_ecc0.0_RK4.txt
initial value : [x, y, v_x, v_y] = [90.00,0.00,0.00,0.32] , numerical interval dt = 0.02000 , [M, m] = [ 9, 1]

num|given_position|geodesic|newtonian
num| degree1, x1, y1 | degree2, x2, y2, simple error, relative error, d(rho) | degree2, x2, y2, simple error, relative error, dt
  1|0.000000,90.000000,0.000000|0.000070,90.000000,0.006325,0.000000,0.000000,0.020000|0.000070,90.000000,0.006325,0.000000,0.000000,0.020000
  2|0.020010,89.981982,1.800793|0.020080,89.981982,1.807117,0.018018,0.020020,0.020000|0.020080,89.981982,1.807117,0.018018,0.020020,0.020000
  3|0.040020,89.927937,3.600865|0.040091,89.927935,3.607189,0.072065,0.080072,0.020000|0.040091,89.927935,3.607189,0.072065,0.080072,0.020000
  4|0.060030,89.837884,5.399495|0.060101,89.837883,5.405819,0.162117,0.180130,0.020000|0.060101,89.837883,5.405819,0.162117,0.180130,0.020000
  5|0.080041,89.711862,7.195963|0.080111,89.711860,7.202287,0.288140,0.320156,0.020000|0.080111,89.711860,7.202287,0.288140,0.320156,0.020000
  6|0.100051,89.549919,8.989550|0.100121,89.549917,8.995874,0.450083,0.500093,0.020000|0.100121,89.549917,8.995874,0.450083,0.500093,0.020000
  7|0.120061,89.352121,10.779537|0.120131,89.352118,10.785862,0.647882,0.719868,0.020000|0.120131,89.352118,10.785862,0.647882,0.719868,0.020000
  8|0.140071,89.118548,12.565209|0.140141,89.118544,12.571533,0.881456,0.979395,0.020000|0.140141,89.118544,12.571533,0.881456,0.979395,0.020000
  9|0.160081,88.849292,14.345849|0.160151,88.849288,14.352173,1.150712,1.278569,0.020000|0.160151,88.849288,14.352173,1.150712,1.278569,0.020000
 10|0.180091,88.544461,16.120746|0.180160,88.544457,16.127070,1.455543,1.617270,0.020000|0.180160,88.544457,16.127070,1.455543,1.617270,0.020000
 11|0.200101,88.204178,17.889188|0.200170,88.204173,17.895512,1.795827,1.995363,0.020000|0.200170,88.204173,17.895512,1.795827,1.995363,0.020000
 12|0.220112,87.828578,19.650467|0.220180,87.828573,19.656791,2.171427,2.412696,0.020000|0.220180,87.828573,19.656791,2.171427,2.412696,0.020000
 13|0.240122,87.417813,21.403878|0.240190,87.417807,21.410202,2.582193,2.869103,0.020000|0.240190,87.417807,21.410202,2.582193,2.869103,0.020000
 14|0.260132,86.972046,23.148719|0.260200,86.972040,23.155043,3.027960,3.364400,0.020000|0.260200,86.972040,23.155043,3.027960,3.364400,0.020000
 15|0.280142,86.491456,24.884292|0.280210,86.491450,24.890616,3.508550,3.898389,0.020000|0.280210,86.491450,24.890616,3.508550,3.898389,0.020000
 16|0.300152,85.976236,26.609901|0.300219,85.976229,26.616225,4.023771,4.470857,0.020000|0.300219,85.976229,26.616225,4.023771,4.470857,0.020000
 17|0.320162,85.426591,28.324856|0.320229,85.426584,28.331180,4.573416,5.081573,0.020000|0.320229,85.426584,28.331180,4.573416,5.081573,0.020000
 18|0.340172,84.842743,30.028470|0.340239,84.842735,30.034794,5.157265,5.730294,0.020000|0.340239,84.842735,30.034793,5.157265,5.730294,0.020000
 19|0.360183,84.224924,31.720061|0.360248,84.224915,31.726384,5.775085,6.416761,0.020000|0.360248,84.224915,31.726384,5.775085,6.416761,0.020000
 20|0.380193,83.573381,33.398951|0.380258,83.573373,33.405274,6.426627,7.140697,0.020000|0.380258,83.573373,33.405274,6.426627,7.140697,0.020000
 21|0.400203,82.888377,35.064468|0.400268,82.888368,35.070791,7.111632,7.901813,0.020000|0.400268,82.888368,35.070791,7.111632,7.901813,0.020000
 22|0.420213,82.170185,36.715946|0.420277,82.170176,36.722269,7.829824,8.699805,0.020000|0.420277,82.170176,36.722269,7.829824,8.699805,0.020000
 23|0.440223,81.419092,38.352723|0.440287,81.419083,38.359046,8.580917,9.534353,0.020000|0.440287,81.419083,38.359046,8.580917,9.534353,0.020000
 24|0.460233,80.635400,39.974144|0.460296,80.635390,39.980467,9.364610,10.405122,0.020000|0.460296,80.635390,39.980467,9.364610,10.405122,0.020000
 25|0.480243,79.819422,41.579560|0.480306,79.819412,41.585882,10.180588,11.311765,0.020000|0.480306,79.819412,41.585882,10.180588,11.311765,0.020000
 26|0.500254,78.971485,43.168328|0.500315,78.971474,43.174650,11.028526,12.253917,0.020000|0.500315,78.971474,43.174649,11.028526,12.253917,0.020000
 27|0.520264,78.091929,44.739811|0.520325,78.091917,44.746133,11.908083,13.231203,0.020000|0.520325,78.091917,44.746132,11.908083,13.231203,0.020000
 28|0.540274,77.181105,46.293381|0.540334,77.181093,46.299702,12.818907,14.243230,0.020000|0.540334,77.181093,46.299702,12.818907,14.243230,0.020000
 29|0.560284,76.239378,47.828415|0.560344,76.239366,47.834736,13.760634,15.289593,0.020000|0.560344,76.239366,47.834736,13.760634,15.289593,0.020000
 30|0.580294,75.267125,49.344299|0.580353,75.267113,49.350620,14.732887,16.369874,0.020000|0.580353,75.267113,49.350620,14.732887,16.369874,0.020000
 31|0.600304,74.264737,50.840426|0.600362,74.264724,50.846747,15.735276,17.483640,0.020000|0.600362,74.264724,50.846747,15.735276,17.483640,0.020000
 32|0.620314,73.232613,52.316197|0.620372,73.232600,52.322518,16.767400,18.630445,0.020000|0.620372,73.232600,52.322517,16.767400,18.630445,0.020000
 33|0.640325,72.171167,53.771021|0.640381,72.171154,53.777341,17.828846,19.809829,0.020000|0.640381,72.171154,53.777341,17.828846,19.809829,0.020000
 34|0.660335,71.080825,55.204315|0.660390,71.080811,55.210635,18.919189,21.021321,0.020000|0.660390,71.080811,55.210635,18.919189,21.021321,0.020000
 35|0.680345,69.962022,56.615506|0.680400,69.962008,56.621826,20.037992,22.264436,0.020000|0.680400,69.962008,56.621825,20.037992,22.264436,0.020000
 36|0.700355,68.815207,58.004028|0.700409,68.815192,58.010348,21.184808,23.538675,0.020000|0.700409,68.815192,58.010348,21.184808,23.538675,0.020000
 37|0.720365,67.640839,59.369326|0.720418,67.640824,59.375646,22.359176,24.843529,0.020000|0.720418,67.640824,59.375646,22.359176,24.843529,0.020000
 38|0.740375,66.439388,60.710854|0.740427,66.439373,60.717173,23.560627,26.178475,0.020000|0.740427,66.439373,60.717172,23.560627,26.178475,0.020000
 39|0.760385,65.211335,62.028073|0.760436,65.211320,62.034392,24.788680,27.542978,0.020000|0.760436,65.211320,62.034391,24.788680,27.542978,0.020000
 40|0.780396,63.957172,63.320456|0.780446,63.957156,63.326775,26.042844,28.936493,0.020000|0.780446,63.957156,63.326774,26.042844,28.936493,0.020000
 41|0.800406,62.677401,64.587486|0.800455,62.677385,64.593805,27.322615,30.358461,0.020000|0.800455,62.677385,64.593804,27.322615,30.358461,0.020000
 42|0.820416,61.372535,65.828656|0.820464,61.372518,65.834974,28.627482,31.808313,0.020000|0.820464,61.372518,65.834974,28.627482,31.808313,0.020000
 43|0.840426,60.043095,67.043469|0.840473,60.043078,67.049787,29.956922,33.285468,0.020000|0.840473,60.043078,67.049786,29.956922,33.285468,0.020000
 44|0.860436,58.689615,68.231438|0.860482,58.689598,68.237755,31.310402,34.789336,0.020000|0.860482,58.689598,68.237755,31.310402,34.789336,0.020000
 45|0.880446,57.312636,69.392087|0.880491,57.312618,69.398405,32.687382,36.319313,0.020000|0.880491,57.312618,69.398404,32.687382,36.319313,0.020000
 46|0.900456,55.912709,70.524953|0.900500,55.912691,70.531270,34.087309,37.874788,0.020000|0.900500,55.912691,70.531269,34.087309,37.874788,0.020000
 47|0.920467,54.490395,71.629581|0.920509,54.490377,71.635898,35.509623,39.455137,0.020000|0.920509,54.490377,71.635897,35.509623,39.455137,0.020000
 48|0.940477,53.046264,72.705529|0.940518,53.046245,72.711845,36.953755,41.059727,0.020000|0.940518,53.046245,72.711844,36.953755,41.059727,0.020000
 49|0.960487,51.580893,73.752366|0.960527,51.580875,73.758682,38.419125,42.687917,0.020000|0.960527,51.580875,73.758681,38.419125,42.687917,0.020000
 50|0.980497,50.094870,74.769673|0.980536,50.094851,74.775989,39.905149,44.339054,0.020000|0.980536,50.094851,74.775988,39.905149,44.339055,0.020000
 51|1.000507,48.588789,75.757043|1.000545,48.588770,75.763359,41.411230,46.012478,0.020000|1.000545,48.588770,75.763358,41.411230,46.012478,0.020000
 52|1.020517,47.063253,76.714081|1.020554,47.063234,76.720396,42.936766,47.707518,0.020000|1.020554,47.063234,76.720395,42.936766,47.707518,0.020000
 53|1.040528,45.518874,77.640403|1.040563,45.518855,77.646717,44.481145,49.423495,0.020000|1.040563,45.518855,77.646716,44.481145,49.423495,0.020000
 54|1.060538,43.956269,78.535638|1.060572,43.956250,78.541952,46.043750,51.159723,0.020000|1.060572,43.956250,78.541951,46.043750,51.159723,0.020000
 55|1.080548,42.376065,79.399428|1.080581,42.376045,79.405742,47.623955,52.915506,0.020000|1.080581,42.376045,79.405741,47.623955,52.915506,0.020000
 56|1.100558,40.778893,80.231427|1.100590,40.778873,80.237741,49.221127,54.690141,0.020000|1.100590,40.778873,80.237739,49.221127,54.690141,0.020000
 57|1.120568,39.165394,81.031302|1.120599,39.165374,81.037615,50.834626,56.482918,0.020000|1.120599,39.165374,81.037614,50.834626,56.482918,0.020000
 58|1.140578,37.536214,81.798733|1.140608,37.536193,81.805046,52.463807,58.293119,0.020000|1.140608,37.536193,81.805044,52.463807,58.293119,0.020000
 59|1.160588,35.892004,82.533412|1.160617,35.891983,82.539724,54.108017,60.120019,0.020000|1.160617,35.891983,82.539723,54.108017,60.120019,0.020000
 60|1.180599,34.233423,83.235045|1.180625,34.233402,83.241357,55.766598,61.962886,0.020000|1.180625,34.233402,83.241356,55.766598,61.962886,0.020000
 61|1.200609,32.561136,83.903352|1.200634,32.561115,83.909664,57.438885,63.820984,0.020000|1.200634,32.561115,83.909662,57.438885,63.820984,0.020000
 62|1.220619,30.875811,84.538064|1.220643,30.875790,84.544376,59.124210,65.693567,0.020000|1.220643,30.875790,84.544374,59.124210,65.693567,0.020000
 63|1.240629,29.178124,85.138928|1.240652,29.178102,85.145239,60.821898,67.579886,0.020000|1.240652,29.178102,85.145238,60.821898,67.579886,0.020000
 64|1.260639,27.468754,85.705703|1.260661,27.468732,85.712014,62.531268,69.479186,0.020000|1.260661,27.468732,85.712012,62.531268,69.479186,0.020000
 65|1.280649,25.748385,86.238162|1.280670,25.748364,86.244473,64.251636,71.390707,0.020000|1.280670,25.748364,86.244471,64.251636,71.390707,0.020000
 66|1.300659,24.017708,86.736092|1.300678,24.017686,86.742402,65.982314,73.313682,0.020000|1.300678,24.017686,86.742401,65.982314,73.313682,0.020000
 67|1.320670,22.277414,87.199294|1.320687,22.277392,87.205603,67.722608,75.247342,0.020000|1.320687,22.277392,87.205602,67.722608,75.247342,0.020000
 68|1.340680,20.528200,87.627581|1.340696,20.528178,87.633890,69.471822,77.190913,0.020000|1.340696,20.528178,87.633889,69.471822,77.190913,0.020000
 69|1.360690,18.770767,88.020783|1.360705,18.770745,88.027092,71.229255,79.143617,0.020000|1.360705,18.770745,88.027090,71.229255,79.143617,0.020000
 70|1.380700,17.005818,88.378743|1.380713,17.005796,88.385051,72.994204,81.104671,0.020000|1.380713,17.005796,88.385049,72.994204,81.104671,0.020000
 71|1.400710,15.234060,88.701316|1.400722,15.234038,88.707624,74.765962,83.073291,0.020000|1.400722,15.234038,88.707622,74.765962,83.073291,0.020000
 72|1.420720,13.456202,88.988373|1.420731,13.456180,88.994681,76.543820,85.048689,0.020000|1.420731,13.456180,88.994679,76.543820,85.048689,0.020000
 73|1.440730,11.672957,89.239801|1.440740,11.672935,89.246108,78.327065,87.030072,0.020000|1.440740,11.672935,89.246106,78.327065,87.030072,0.020000
 74|1.460741,9.885038,89.455497|1.460748,9.885016,89.461804,80.114984,89.016649,0.020000|1.460748,9.885016,89.461802,80.114984,89.016649,0.020000
 75|1.480751,8.093161,89.635377|1.480757,8.093139,89.641683,81.906861,91.007623,0.020000|1.480757,8.093139,89.641681,81.906861,91.007623,0.020000
 76|1.500761,6.298044,89.779366|1.500766,6.298022,89.785672,83.701978,93.002198,0.020000|1.500766,6.298022,89.785670,83.701978,93.002198,0.020000
 77|1.520771,4.500405,89.887409|1.520775,4.500382,89.893715,85.499618,94.999575,0.020000|1.520775,4.500382,89.893713,85.499618,94.999575,0.020000
 78|1.540781,2.700964,89.959462|1.540783,2.700941,89.965767,87.299059,96.998954,0.020000|1.540783,2.700941,89.965765,87.299059,96.998954,0.020000
 79|1.560791,0.900441,89.995495|1.560792,0.900419,90.001800,89.099581,98.999534,0.020000|1.560792,0.900419,90.001798,89.099581,98.999534,0.020000
 80|1.580801,-0.900441,89.995495|1.580801,-0.900464,90.001800,89.099536,98.999485,0.020000|1.580801,-0.900464,90.001798,89.099536,98.999485,0.020000
 81|1.600812,-2.700964,89.959462|1.600810,-2.700986,89.965766,87.299014,96.998904,0.020000|1.600810,-2.700986,89.965764,87.299014,96.998904,0.020000
 82|1.620822,-4.500405,89.887409|1.620818,-4.500427,89.893713,85.499573,94.999525,0.020000|1.620818,-4.500427,89.893711,85.499573,94.999525,0.020000
 83|1.640832,-6.298044,89.779366|1.640827,-6.298066,89.785670,83.701934,93.002149,0.020000|1.640827,-6.298066,89.785667,83.701934,93.002149,0.020000
 84|1.660842,-8.093161,89.635377|1.660836,-8.093184,89.641679,81.906816,91.007574,0.020000|1.660836,-8.093184,89.641677,81.906816,91.007574,0.020000
 85|1.680852,-9.885038,89.455497|1.680845,-9.885060,89.461800,80.114940,89.016600,0.020000|1.680845,-9.885060,89.461797,80.114940,89.016600,0.020000
 86|1.700862,-11.672957,89.239801|1.700853,-11.672979,89.246103,78.327021,87.030023,0.020000|1.700853,-11.672979,89.246100,78.327021,87.030023,0.020000
 87|1.720872,-13.456202,88.988373|1.720862,-13.456225,88.994675,76.543775,85.048639,0.020000|1.720862,-13.456225,88.994673,76.543775,85.048639,0.020000
 88|1.740883,-15.234060,88.701316|1.740871,-15.234082,88.707617,74.765918,83.073242,0.020000|1.740871,-15.234082,88.707614,74.765918,83.073242,0.020000
 89|1.760893,-17.005818,88.378743|1.760880,-17.005840,88.385044,72.994160,81.104622,0.020000|1.760880,-17.005840,88.385041,72.994160,81.104622,0.020000
 90|1.780903,-18.770767,88.020783|1.780888,-18.770789,88.027084,71.229211,79.143568,0.020000|1.780888,-18.770789,88.027081,71.229211,79.143568,0.020000
 91|1.800913,-20.528200,87.627581|1.800897,-20.528222,87.633881,69.471778,77.190865,0.020000|1.800897,-20.528222,87.633879,69.471778,77.190865,0.020000
 92|1.820923,-22.277414,87.199294|1.820906,-22.277435,87.205594,67.722565,75.247294,0.020000|1.820906,-22.277435,87.205591,67.722565,75.247294,0.020000
 93|1.840933,-24.017708,86.736092|1.840915,-24.017729,86.742392,65.982271,73.313634,0.020000|1.840915,-24.017729,86.742389,65.982271,73.313634,0.020000
 94|1.860943,-25.748385,86.238162|1.860924,-25.748407,86.244461,64.251593,71.390659,0.020000|1.860924,-25.748407,86.244458,64.251593,71.390659,0.020000
 95|1.880954,-27.468754,85.705703|1.880932,-27.468775,85.712002,62.531225,69.479139,0.020000|1.880932,-27.468775,85.711999,62.531225,69.479139,0.020000
 96|1.900964,-29.178124,85.138928|1.900941,-29.178145,85.145226,60.821855,67.579839,0.020000|1.900941,-29.178145,85.145223,60.821855,67.579839,0.020000
 97|1.920974,-30.875811,84.538064|1.920950,-30.875832,84.544362,59.124168,65.693520,0.020000|1.920950,-30.875832,84.544359,59.124168,65.693520,0.020000
 98|1.940984,-32.561136,83.903352|1.940959,-32.561156,83.909649,57.438844,63.820937,0.020000|1.940959,-32.561156,83.909646,57.438844,63.820937,0.020000
 99|1.960994,-34.233423,83.235045|1.960968,-34.233444,83.241342,55.766556,61.962840,0.020000|1.960968,-34.233444,83.241339,55.766556,61.962840,0.020000
100|1.981004,-35.892004,82.533412|1.980977,-35.892024,82.539709,54.107976,60.119973,0.020000|1.980977,-35.892024,82.539705,54.107976,60.119973,0.020000
101|2.001014,-37.536214,81.798733|2.000985,-37.536234,81.805029,52.463766,58.293073,0.020000|2.000985,-37.536234,81.805026,52.463766,58.293073,0.020000
102|2.021025,-39.165394,81.031302|2.020994,-39.165414,81.037598,50.834586,56.482873,0.020000|2.020994,-39.165414,81.037595,50.834586,56.482873,0.020000
103|2.041035,-40.778893,80.231427|2.041003,-40.778913,80.237723,49.221087,54.690096,0.020000|2.041003,-40.778913,80.237719,49.221087,54.690096,0.020000
104|2.061045,-42.376065,79.399428|2.061012,-42.376085,79.405723,47.623915,52.915462,0.020000|2.061012,-42.376085,79.405720,47.623915,52.915462,0.020000
105|2.081055,-43.956269,78.535638|2.081021,-43.956289,78.541933,46.043711,51.159679,0.020000|2.081021,-43.956289,78.541929,46.043711,51.159679,0.020000
106|2.101065,-45.518874,77.640403|2.101030,-45.518893,77.646697,44.481107,49.423452,0.020000|2.101030,-45.518893,77.646694,44.481107,49.423452,0.020000
107|2.121075,-47.063253,76.714081|2.121039,-47.063272,76.720375,42.936728,47.707475,0.020000|2.121039,-47.063272,76.720372,42.936728,47.707475,0.020000
108|2.141085,-48.588789,75.757043|2.141048,-48.588808,75.763337,41.411192,46.012436,0.020000|2.141048,-48.588808,75.763334,41.411192,46.012436,0.020000
109|2.161096,-50.094870,74.769673|2.161057,-50.094888,74.775967,39.905112,44.339013,0.020000|2.161057,-50.094888,74.775963,39.905112,44.339013,0.020000
110|2.181106,-51.580893,73.752366|2.181066,-51.580911,73.758659,38.419089,42.687876,0.020000|2.181066,-51.580911,73.758656,38.419089,42.687876,0.020000
111|2.201116,-53.046264,72.705529|2.201075,-53.046282,72.711822,36.953718,41.059687,0.020000|2.201075,-53.046282,72.711818,36.953718,41.059687,0.020000
112|2.221126,-54.490395,71.629581|2.221084,-54.490413,71.635873,35.509587,39.455097,0.020000|2.221084,-54.490413,71.635870,35.509587,39.455097,0.020000
113|2.241136,-55.912709,70.524953|2.241093,-55.912726,70.531245,34.087274,37.874748,0.020000|2.241093,-55.912726,70.531242,34.087274,37.874748,0.020000
114|2.261146,-57.312636,69.392087|2.261102,-57.312653,69.398379,32.687347,36.319274,0.020000|2.261102,-57.312653,69.398376,32.687347,36.319274,0.020000
115|2.281156,-58.689615,68.231438|2.281111,-58.689632,68.237730,31.310368,34.789298,0.020000|2.281111,-58.689632,68.237726,31.310368,34.789298,0.020000
116|2.301167,-60.043095,67.043469|2.301120,-60.043112,67.049760,29.956888,33.285431,0.020000|2.301120,-60.043112,67.049756,29.956888,33.285431,0.020000
117|2.321177,-61.372535,65.828656|2.321129,-61.372551,65.834947,28.627449,31.808276,0.020000|2.321129,-61.372551,65.834943,28.627449,31.808276,0.020000
118|2.341187,-62.677401,64.587486|2.341138,-62.677417,64.593777,27.322583,30.358425,0.020000|2.341138,-62.677417,64.593773,27.322583,30.358425,0.020000
119|2.361197,-63.957172,63.320456|2.361147,-63.957188,63.326746,26.042812,28.936458,0.020000|2.361148,-63.957188,63.326742,26.042812,28.936458,0.020000
120|2.381207,-65.211335,62.028073|2.381157,-65.211351,62.034363,24.788649,27.542944,0.020000|2.381157,-65.211351,62.034359,24.788649,27.542944,0.020000
121|2.401217,-66.439388,60.710854|2.401166,-66.439403,60.717144,23.560597,26.178441,0.020000|2.401166,-66.439403,60.717140,23.560597,26.178441,0.020000
122|2.421227,-67.640839,59.369326|2.421175,-67.640854,59.375616,22.359146,24.843496,0.020000|2.421175,-67.640854,59.375612,22.359146,24.843496,0.020000
123|2.441238,-68.815207,58.004028|2.441184,-68.815221,58.010318,21.184779,23.538643,0.020000|2.441184,-68.815221,58.010314,21.184779,23.538643,0.020000
124|2.461248,-69.962022,56.615506|2.461194,-69.962036,56.621795,20.037964,22.264404,0.020000|2.461194,-69.962036,56.621791,20.037964,22.264404,0.020000
125|2.481258,-71.080825,55.204315|2.481203,-71.080838,55.210604,18.919162,21.021291,0.020000|2.481203,-71.080838,55.210600,18.919162,21.021291,0.020000
126|2.501268,-72.171167,53.771021|2.501212,-72.171181,53.777309,17.828819,19.809799,0.020000|2.501212,-72.171181,53.777305,17.828819,19.809799,0.020000
127|2.521278,-73.232613,52.316197|2.521221,-73.232626,52.322485,16.767374,18.630416,0.020000|2.521221,-73.232626,52.322481,16.767374,18.630416,0.020000
128|2.541288,-74.264737,50.840426|2.541231,-74.264749,50.846714,15.735251,17.483612,0.020000|2.541231,-74.264749,50.846710,15.735251,17.483612,0.020000
129|2.561298,-75.267125,49.344299|2.561240,-75.267138,49.350587,14.732862,16.369847,0.020000|2.561240,-75.267138,49.350583,14.732862,16.369847,0.020000
130|2.581309,-76.239378,47.828415|2.581250,-76.239390,47.834703,13.760610,15.289567,0.020000|2.581250,-76.239390,47.834698,13.760610,15.289567,0.020000
131|2.601319,-77.181105,46.293381|2.601259,-77.181116,46.299668,12.818884,14.243204,0.020000|2.601259,-77.181116,46.299664,12.818884,14.243204,0.020000
132|2.621329,-78.091929,44.739811|2.621268,-78.091940,44.746098,11.908060,13.231178,0.020000|2.621268,-78.091940,44.746094,11.908060,13.231178,0.020000
133|2.641339,-78.971485,43.168328|2.641278,-78.971496,43.174615,11.028504,12.253893,0.020000|2.641278,-78.971496,43.174610,11.028504,12.253893,0.020000
134|2.661349,-79.819422,41.579560|2.661287,-79.819433,41.585847,10.180567,11.311741,0.020000|2.661287,-79.819433,41.585843,10.180567,11.311741,0.020000
135|2.681359,-80.635400,39.974144|2.681297,-80.635410,39.980431,9.364590,10.405099,0.020000|2.681297,-80.635410,39.980427,9.364590,10.405100,0.020000
136|2.701369,-81.419092,38.352723|2.701306,-81.419102,38.359010,8.580898,9.534331,0.020000|2.701306,-81.419102,38.359006,8.580898,9.534331,0.020000
137|2.721380,-82.170185,36.715946|2.721316,-82.170194,36.722233,7.829806,8.699784,0.020000|2.721316,-82.170194,36.722228,7.829806,8.699784,0.020000
138|2.741390,-82.888377,35.064468|2.741325,-82.888386,35.070755,7.111614,7.901793,0.020000|2.741326,-82.888386,35.070750,7.111614,7.901793,0.020000
139|2.761400,-83.573381,33.398951|2.761335,-83.573390,33.405237,6.426610,7.140678,0.020000|2.761335,-83.573390,33.405233,6.426610,7.140678,0.020000
140|2.781410,-84.224924,31.720061|2.781345,-84.224932,31.726347,5.775068,6.416743,0.020000|2.781345,-84.224932,31.726342,5.775068,6.416743,0.020000
141|2.801420,-84.842743,30.028470|2.801354,-84.842750,30.034756,5.157250,5.730277,0.020000|2.801354,-84.842750,30.034752,5.157250,5.730277,0.020000
142|2.821430,-85.426591,28.324856|2.821364,-85.426599,28.331142,4.573401,5.081557,0.020000|2.821364,-85.426599,28.331138,4.573401,5.081557,0.020000
143|2.841440,-85.976236,26.609901|2.841374,-85.976243,26.616187,4.023757,4.470841,0.020000|2.841374,-85.976243,26.616183,4.023757,4.470841,0.020000
144|2.861451,-86.491456,24.884292|2.861384,-86.491463,24.890578,3.508537,3.898375,0.020000|2.861384,-86.491463,24.890573,3.508537,3.898375,0.020000
145|2.881461,-86.972046,23.148719|2.881393,-86.972052,23.155005,3.027948,3.364387,0.020000|2.881393,-86.972052,23.155000,3.027948,3.364387,0.020000
146|2.901471,-87.417813,21.403878|2.901403,-87.417819,21.410163,2.582181,2.869091,0.020000|2.901403,-87.417818,21.410159,2.582182,2.869091,0.020000
147|2.921481,-87.828578,19.650467|2.921413,-87.828583,19.656752,2.171417,2.412685,0.020000|2.921413,-87.828583,19.656747,2.171417,2.412685,0.020000
148|2.941491,-88.204178,17.889188|2.941423,-88.204183,17.895473,1.795817,1.995353,0.020000|2.941423,-88.204182,17.895468,1.795818,1.995353,0.020000
149|2.961501,-88.544461,16.120746|2.961433,-88.544465,16.127031,1.455535,1.617261,0.020000|2.961433,-88.544465,16.127026,1.455535,1.617261,0.020000
150|2.981511,-88.849292,14.345849|2.981443,-88.849296,14.352134,1.150704,1.278561,0.020000|2.981443,-88.849295,14.352130,1.150705,1.278561,0.020000
151|3.001522,-89.118548,12.565209|3.001453,-89.118551,12.571494,0.881449,0.979388,0.020000|3.001453,-89.118551,12.571489,0.881449,0.979388,0.020000
152|3.021532,-89.352121,10.779537|3.021462,-89.352124,10.785822,0.647876,0.719862,0.020000|3.021463,-89.352124,10.785817,0.647876,0.719862,0.020000
153|3.041542,-89.549919,8.989550|3.041472,-89.549922,8.995835,0.450078,0.500087,0.020000|3.041473,-89.549921,8.995830,0.450079,0.500087,0.020000
154|3.061552,-89.711862,7.195963|3.061482,-89.711864,7.202248,0.288136,0.320151,0.020000|3.061483,-89.711864,7.202243,0.288136,0.320152,0.020000
155|3.081562,-89.837884,5.399495|3.081493,-89.837886,5.405779,0.162114,0.180127,0.020000|3.081493,-89.837886,5.405775,0.162114,0.180127,0.020000
156|3.101572,-89.927937,3.600865|3.101503,-89.927938,3.607149,0.072062,0.080069,0.020000|3.101503,-89.927938,3.607145,0.072062,0.080069,0.020000
157|3.121583,-89.981982,1.800793|3.121513,-89.981983,1.807078,0.018017,0.020019,0.020000|3.121513,-89.981983,1.807073,0.018017,0.020019,0.020000
158|3.141593,-90.000000,0.000000|3.141523,-90.000000,0.006285,0.000000,0.000001,0.020000|3.141523,-90.000000,0.006280,0.000000,0.000000,0.020000
159|3.161603,-89.981982,-1.800793|3.161533,-89.981982,-1.794508,0.018018,0.020020,0.020000|3.161533,-89.981982,-1.794513,0.018018,0.020020,0.020000
160|3.181613,-89.927937,-3.600865|3.181543,-89.927936,-3.594580,0.072064,0.080071,0.020000|3.181543,-89.927936,-3.594584,0.072064,0.080071,0.020000
161|3.201623,-89.837884,-5.399495|3.201553,-89.837883,-5.393210,0.162117,0.180129,0.020000|3.201553,-89.837883,-5.393214,0.162117,0.180130,0.020000
162|3.221633,-89.711862,-7.195963|3.221564,-89.711860,-7.189678,0.288140,0.320155,0.020000|3.221564,-89.711860,-7.189683,0.288140,0.320155,0.020000
163|3.241643,-89.549919,-8.989550|3.241574,-89.549917,-8.983265,0.450083,0.500092,0.020000|3.241574,-89.549917,-8.983269,0.450083,0.500092,0.020000
164|3.261654,-89.352121,-10.779537|3.261584,-89.352119,-10.773252,0.647881,0.719868,0.020000|3.261584,-89.352119,-10.773257,0.647881,0.719868,0.020000
165|3.281664,-89.118548,-12.565209|3.281595,-89.118545,-12.558924,0.881455,0.979394,0.020000|3.281595,-89.118545,-12.558928,0.881455,0.979395,0.020000
166|3.301674,-88.849292,-14.345849|3.301605,-88.849289,-14.339564,1.150711,1.278568,0.020000|3.301605,-88.849288,-14.339569,1.150712,1.278569,0.020000
167|3.321684,-88.544461,-16.120746|3.321615,-88.544457,-16.114461,1.455543,1.617270,0.020000|3.321615,-88.544457,-16.114465,1.455543,1.617270,0.020000
168|3.341694,-88.204178,-17.889188|3.341626,-88.204174,-17.882902,1.795826,1.995362,0.020000|3.341626,-88.204174,-17.882907,1.795826,1.995363,0.020000
169|3.361704,-87.828578,-19.650467|3.361636,-87.828574,-19.644181,2.171426,2.412696,0.020000|3.361636,-87.828574,-19.644186,2.171426,2.412696,0.020000
170|3.381714,-87.417813,-21.403878|3.381647,-87.417808,-21.397593,2.582192,2.869102,0.020000|3.381647,-87.417808,-21.397597,2.582192,2.869102,0.020000
171|3.401725,-86.972046,-23.148719|3.401657,-86.972041,-23.142434,3.027959,3.364399,0.020000|3.401657,-86.972041,-23.142438,3.027959,3.364399,0.020000
172|3.421735,-86.491456,-24.884292|3.421668,-86.491451,-24.878007,3.508549,3.898388,0.020000|3.421668,-86.491450,-24.878011,3.508550,3.898389,0.020000
173|3.441745,-85.976236,-26.609901|3.441678,-85.976230,-26.603616,4.023770,4.470856,0.020000|3.441678,-85.976230,-26.603620,4.023770,4.470856,0.020000
174|3.461755,-85.426591,-28.324856|3.461689,-85.426585,-28.318570,4.573415,5.081572,0.020000|3.461689,-85.426585,-28.318575,4.573415,5.081573,0.020000
175|3.481765,-84.842743,-30.028470|3.481699,-84.842736,-30.022184,5.157264,5.730294,0.020000|3.481699,-84.842735,-30.022189,5.157265,5.730294,0.020000
176|3.501775,-84.224924,-31.720061|3.501710,-84.224916,-31.713775,5.775084,6.416760,0.020000|3.501710,-84.224916,-31.713779,5.775084,6.416760,0.020000
177|3.521785,-83.573381,-33.398951|3.521721,-83.573374,-33.392665,6.426626,7.140696,0.020000|3.521721,-83.573373,-33.392669,6.426627,7.140696,0.020000
178|3.541796,-82.888377,-35.064468|3.541731,-82.888369,-35.058182,7.111631,7.901812,0.020000|3.541731,-82.888369,-35.058187,7.111631,7.901813,0.020000
179|3.561806,-82.170185,-36.715946|3.561742,-82.170176,-36.709660,7.829824,8.699804,0.020000|3.561742,-82.170176,-36.709664,7.829824,8.699804,0.020000
180|3.581816,-81.419092,-38.352723|3.581753,-81.419083,-38.346437,8.580917,9.534352,0.020000|3.581753,-81.419083,-38.346441,8.580917,9.534352,0.020000
181|3.601826,-80.635400,-39.974144|3.601763,-80.635391,-39.967858,9.364609,10.405121,0.020000|3.601763,-80.635391,-39.967862,9.364609,10.405122,0.020000
182|3.621836,-79.819422,-41.579560|3.621774,-79.819413,-41.573273,10.180587,11.311764,0.020000|3.621774,-79.819412,-41.573277,10.180588,11.311764,0.020000
183|3.641846,-78.971485,-43.168328|3.641785,-78.971475,-43.162040,11.028525,12.253916,0.020000|3.641785,-78.971475,-43.162045,11.028525,12.253917,0.020000
184|3.661856,-78.091929,-44.739811|3.661796,-78.091918,-44.733523,11.908082,13.231202,0.020000|3.661796,-78.091918,-44.733528,11.908082,13.231202,0.020000
185|3.681867,-77.181105,-46.293381|3.681807,-77.181094,-46.287093,12.818906,14.243229,0.020000|3.681807,-77.181093,-46.287097,12.818907,14.243229,0.020000
186|3.701877,-76.239378,-47.828415|3.701818,-76.239367,-47.822127,13.760633,15.289593,0.020000|3.701818,-76.239366,-47.822131,13.760634,15.289593,0.020000
187|3.721887,-75.267125,-49.344299|3.721828,-75.267114,-49.338011,14.732886,16.369873,0.020000|3.721829,-75.267113,-49.338015,14.732887,16.369874,0.020000
188|3.741897,-74.264737,-50.840426|3.741839,-74.264725,-50.834138,15.735275,17.483639,0.020000|3.741839,-74.264724,-50.834142,15.735276,17.483640,0.020000
189|3.761907,-73.232613,-52.316197|3.761850,-73.232600,-52.309908,16.767400,18.630444,0.020000|3.761850,-73.232600,-52.309912,16.767400,18.630444,0.020000
190|3.781917,-72.171167,-53.771021|3.781861,-72.171154,-53.764732,17.828846,19.809828,0.020000|3.781861,-72.171154,-53.764736,17.828846,19.809829,0.020000
191|3.801927,-71.080825,-55.204315|3.801872,-71.080812,-55.198026,18.919188,21.021321,0.020000|3.801872,-71.080811,-55.198030,18.919189,21.021321,0.020000
192|3.821938,-69.962022,-56.615506|3.821883,-69.962008,-56.609217,20.037992,22.264435,0.020000|3.821883,-69.962008,-56.609221,20.037992,22.264435,0.020000
193|3.841948,-68.815207,-58.004028|3.841894,-68.815193,-57.997739,21.184807,23.538674,0.020000|3.841894,-68.815193,-57.997743,21.184807,23.538675,0.020000
194|3.861958,-67.640839,-59.369326|3.861905,-67.640825,-59.363037,22.359175,24.843528,0.020000|3.861905,-67.640824,-59.363041,22.359176,24.843528,0.020000
195|3.881968,-66.439388,-60.710854|3.881917,-66.439373,-60.704564,23.560627,26.178474,0.020000|3.881917,-66.439373,-60.704568,23.560627,26.178474,0.020000
196|3.901978,-65.211335,-62.028073|3.901928,-65.211320,-62.021782,24.788680,27.542977,0.020000|3.901928,-65.211320,-62.021786,24.788680,27.542978,0.020000
197|3.921988,-63.957172,-63.320456|3.921939,-63.957157,-63.314165,26.042843,28.936492,0.020000|3.921939,-63.957157,-63.314169,26.042843,28.936493,0.020000
198|3.941998,-62.677401,-64.587486|3.941950,-62.677386,-64.581195,27.322614,30.358460,0.020000|3.941950,-62.677386,-64.581199,27.322614,30.358461,0.020000
199|3.962009,-61.372535,-65.828656|3.961961,-61.372519,-65.822365,28.627481,31.808312,0.020000|3.961961,-61.372519,-65.822369,28.627481,31.808312,0.020000
200|3.982019,-60.043095,-67.043469|3.981972,-60.043079,-67.037177,29.956921,33.285467,0.020000|3.981972,-60.043079,-67.037181,29.956921,33.285468,0.020000
201|4.002029,-58.689615,-68.231438|4.001983,-58.689599,-68.225146,31.310401,34.789335,0.020000|4.001983,-58.689598,-68.225150,31.310402,34.789335,0.020000
202|4.022039,-57.312636,-69.392087|4.021995,-57.312619,-69.385795,32.687381,36.319312,0.020000|4.021995,-57.312619,-69.385799,32.687381,36.319313,0.020000
203|4.042049,-55.912709,-70.524953|4.042006,-55.912692,-70.518661,34.087308,37.874787,0.020000|4.042006,-55.912692,-70.518664,34.087308,37.874787,0.020000
204|4.062059,-54.490395,-71.629581|4.062017,-54.490378,-71.623288,35.509622,39.455136,0.020000|4.062017,-54.490378,-71.623292,35.509622,39.455136,0.020000
205|4.082069,-53.046264,-72.705529|4.082028,-53.046246,-72.699236,36.953754,41.059726,0.020000|4.082028,-53.046246,-72.699240,36.953754,41.059727,0.020000
206|4.102080,-51.580893,-73.752366|4.102040,-51.580875,-73.746073,38.419125,42.687916,0.020000|4.102040,-51.580875,-73.746076,38.419125,42.687917,0.020000
207|4.122090,-50.094870,-74.769673|4.122051,-50.094852,-74.763380,39.905148,44.339054,0.020000|4.122051,-50.094851,-74.763383,39.905149,44.339054,0.020000
208|4.142100,-48.588789,-75.757043|4.142062,-48.588771,-75.750749,41.411229,46.012477,0.020000|4.142062,-48.588770,-75.750753,41.411230,46.012478,0.020000
209|4.162110,-47.063253,-76.714081|4.162074,-47.063235,-76.707787,42.936765,47.707517,0.020000|4.162074,-47.063234,-76.707790,42.936766,47.707517,0.020000
210|4.182120,-45.518874,-77.640403|4.182085,-45.518855,-77.634108,44.481145,49.423494,0.020000|4.182085,-45.518855,-77.634111,44.481145,49.423494,0.020000
211|4.202130,-43.956269,-78.535638|4.202096,-43.956251,-78.529343,46.043749,51.159722,0.020000|4.202096,-43.956250,-78.529346,46.043750,51.159722,0.020000
212|4.222140,-42.376065,-79.399428|4.222108,-42.376046,-79.393133,47.623954,52.915505,0.020000|4.222108,-42.376045,-79.393136,47.623955,52.915505,0.020000
213|4.242151,-40.778893,-80.231427|4.242119,-40.778874,-80.225131,49.221126,54.690140,0.020000|4.242119,-40.778874,-80.225135,49.221126,54.690140,0.020000
214|4.262161,-39.165394,-81.031302|4.262130,-39.165375,-81.025006,50.834625,56.482917,0.020000|4.262131,-39.165374,-81.025009,50.834626,56.482917,0.020000
215|4.282171,-37.536214,-81.798733|4.282142,-37.536194,-81.792436,52.463806,58.293118,0.020000|4.282142,-37.536194,-81.792440,52.463806,58.293118,0.020000
216|4.302181,-35.892004,-82.533412|4.302153,-35.891984,-82.527115,54.108016,60.120018,0.020000|4.302153,-35.891984,-82.527118,54.108016,60.120018,0.020000
217|4.322191,-34.233423,-83.235045|4.322165,-34.233403,-83.228748,55.766597,61.962885,0.020000|4.322165,-34.233403,-83.228751,55.766597,61.962886,0.020000
218|4.342201,-32.561136,-83.903352|4.342176,-32.561116,-83.897054,57.438884,63.820983,0.020000|4.342176,-32.561115,-83.897058,57.438885,63.820983,0.020000
219|4.362211,-30.875811,-84.538064|4.362188,-30.875791,-84.531766,59.124209,65.693566,0.020000|4.362188,-30.875790,-84.531770,59.124210,65.693567,0.020000
220|4.382222,-29.178124,-85.138928|4.382199,-29.178103,-85.132630,60.821897,67.579885,0.020000|4.382199,-29.178103,-85.132633,60.821897,67.579886,0.020000
221|4.402232,-27.468754,-85.705703|4.402211,-27.468733,-85.699405,62.531267,69.479185,0.020000|4.402211,-27.468733,-85.699408,62.531267,69.479186,0.020000
222|4.422242,-25.748385,-86.238162|4.422222,-25.748365,-86.231863,64.251635,71.390706,0.020000|4.422222,-25.748364,-86.231866,64.251636,71.390706,0.020000
223|4.442252,-24.017708,-86.736092|4.442234,-24.017687,-86.729793,65.982313,73.313681,0.020000|4.442234,-24.017687,-86.729796,65.982313,73.313681,0.020000
224|4.462262,-22.277414,-87.199294|4.462245,-22.277393,-87.192994,67.722607,75.247341,0.020000|4.462245,-22.277392,-87.192997,67.722608,75.247342,0.020000
225|4.482272,-20.528200,-87.627581|4.482257,-20.528179,-87.621281,69.471821,77.190912,0.020000|4.482257,-20.528178,-87.621284,69.471822,77.190913,0.020000
226|4.502282,-18.770767,-88.020783|4.502268,-18.770746,-88.014483,71.229254,79.143616,0.020000|4.502268,-18.770745,-88.014486,71.229255,79.143617,0.020000
227|4.522293,-17.005818,-88.378743|4.522280,-17.005797,-88.372442,72.994203,81.104670,0.020000|4.522280,-17.005796,-88.372445,72.994204,81.104671,0.020000
228|4.542303,-15.234060,-88.701316|4.542291,-15.234039,-88.695015,74.765961,83.073290,0.020000|4.542291,-15.234038,-88.695017,74.765962,83.073291,0.020000
229|4.562313,-13.456202,-88.988373|4.562303,-13.456181,-88.982072,76.543819,85.048688,0.020000|4.562303,-13.456181,-88.982074,76.543819,85.048688,0.020000
230|4.582323,-11.672957,-89.239801|4.582314,-11.672936,-89.233499,78.327064,87.030071,0.020000|4.582314,-11.672935,-89.233501,78.327065,87.030072,0.020000
231|4.602333,-9.885038,-89.455497|4.602326,-9.885017,-89.449195,80.114983,89.016648,0.020000|4.602326,-9.885016,-89.449198,80.114984,89.016649,0.020000
232|4.622343,-8.093161,-89.635377|4.622337,-8.093140,-89.629074,81.906860,91.007622,0.020000|4.622337,-8.093139,-89.629076,81.906861,91.007623,0.020000
233|4.642353,-6.298044,-89.779366|4.642349,-6.298022,-89.773063,83.701978,93.002197,0.020000|4.642349,-6.298022,-89.773066,83.701978,93.002198,0.020000
234|4.662364,-4.500405,-89.887409|4.662360,-4.500383,-89.881106,85.499617,94.999574,0.020000|4.662360,-4.500383,-89.881108,85.499617,94.999575,0.020000
235|4.682374,-2.700964,-89.959462|4.682372,-2.700942,-89.953158,87.299058,96.998953,0.020000|4.682372,-2.700942,-89.953160,87.299058,96.998953,0.020000
236|4.702384,-0.900441,-89.995495|4.702383,-0.900420,-89.989191,89.099580,98.999533,0.020000|4.702383,-0.900419,-89.989193,89.099581,98.999534,0.020000
237|4.722394,0.900441,-89.995495|4.722395,0.900463,-89.989191,89.099537,98.999486,0.020000|4.722395,0.900463,-89.989193,89.099537,98.999485,0.020000
238|4.742404,2.700964,-89.959462|4.742407,2.700985,-89.953157,87.299015,96.998905,0.020000|4.742407,2.700986,-89.953159,87.299014,96.998905,0.020000
239|4.762414,4.500405,-89.887409|4.762418,4.500426,-89.881104,85.499574,94.999526,0.020000|4.762418,4.500427,-89.881106,85.499573,94.999526,0.020000
240|4.782424,6.298044,-89.779366|4.782430,6.298065,-89.773060,83.701935,93.002150,0.020000|4.782430,6.298066,-89.773063,83.701934,93.002149,0.020000
241|4.802435,8.093161,-89.635377|4.802441,8.093183,-89.629070,81.906817,91.007575,0.020000|4.802441,8.093183,-89.629072,81.906817,91.007574,0.020000
242|4.822445,9.885038,-89.455497|4.822453,9.885060,-89.449191,80.114940,89.016601,0.020000|4.822453,9.885060,-89.449193,80.114940,89.016600,0.020000
243|4.842455,11.672957,-89.239801|4.842464,11.672978,-89.233494,78.327022,87.030024,0.020000|4.842464,11.672979,-89.233496,78.327021,87.030023,0.020000
244|4.862465,13.456202,-88.988373|4.862476,13.456224,-88.982066,76.543776,85.048640,0.020000|4.862476,13.456224,-88.982068,76.543776,85.048640,0.020000
245|4.882475,15.234060,-88.701316|4.882487,15.234081,-88.695008,74.765919,83.073243,0.020000|4.882487,15.234082,-88.695010,74.765918,83.073243,0.020000
246|4.902485,17.005818,-88.378743|4.902499,17.005839,-88.372434,72.994161,81.104623,0.020000|4.902499,17.005839,-88.372436,72.994161,81.104623,0.020000
247|4.922495,18.770767,-88.020783|4.922510,18.770788,-88.014475,71.229212,79.143569,0.020000|4.922510,18.770788,-88.014476,71.229212,79.143569,0.020000
248|4.942506,20.528200,-87.627581|4.942522,20.528221,-87.621272,69.471779,77.190866,0.020000|4.942522,20.528221,-87.621274,69.471779,77.190865,0.020000
249|4.962516,22.277414,-87.199294|4.962533,22.277435,-87.192984,67.722565,75.247295,0.020000|4.962533,22.277435,-87.192986,67.722565,75.247294,0.020000
250|4.982526,24.017708,-86.736092|4.982545,24.017729,-86.729782,65.982271,73.313635,0.020000|4.982545,24.017729,-86.729784,65.982271,73.313634,0.020000
251|5.002536,25.748385,-86.238162|5.002556,25.748406,-86.231852,64.251594,71.390660,0.020000|5.002556,25.748407,-86.231854,64.251593,71.390659,0.020000
252|5.022546,27.468754,-85.705703|5.022568,27.468774,-85.699393,62.531226,69.479140,0.020000|5.022568,27.468775,-85.699394,62.531225,69.479139,0.020000
253|5.042556,29.178124,-85.138928|5.042579,29.178144,-85.132617,60.821856,67.579840,0.020000|5.042579,29.178144,-85.132619,60.821856,67.579840,0.020000
254|5.062567,30.875811,-84.538064|5.062591,30.875831,-84.531753,59.124169,65.693521,0.020000|5.062591,30.875831,-84.531754,59.124169,65.693521,0.020000
255|5.082577,32.561136,-83.903352|5.082602,32.561156,-83.897040,57.438844,63.820938,0.020000|5.082602,32.561156,-83.897041,57.438844,63.820938,0.020000
256|5.102587,34.233423,-83.235045|5.102614,34.233443,-83.228733,55.766557,61.962841,0.020000|5.102614,34.233443,-83.228734,55.766557,61.962841,0.020000
257|5.122597,35.892004,-82.533412|5.122625,35.892023,-82.527099,54.107977,60.119974,0.020000|5.122625,35.892024,-82.527101,54.107976,60.119973,0.020000
258|5.142607,37.536214,-81.798733|5.142637,37.536233,-81.792420,52.463767,58.293074,0.020000|5.142637,37.536234,-81.792421,52.463766,58.293074,0.020000
259|5.162617,39.165394,-81.031302|5.162648,39.165414,-81.024989,50.834586,56.482874,0.020000|5.162648,39.165414,-81.024990,50.834586,56.482873,0.020000
260|5.182627,40.778893,-80.231427|5.182659,40.778912,-80.225113,49.221088,54.690097,0.020000|5.182659,40.778913,-80.225114,49.221087,54.690097,0.020000
261|5.202638,42.376065,-79.399428|5.202671,42.376084,-79.393114,47.623916,52.915463,0.020000|5.202671,42.376084,-79.393115,47.623916,52.915462,0.020000
262|5.222648,43.956269,-78.535638|5.222682,43.956288,-78.529323,46.043712,51.159680,0.020000|5.222682,43.956288,-78.529325,46.043712,51.159680,0.020000
263|5.242658,45.518874,-77.640403|5.242693,45.518892,-77.634088,44.481108,49.423453,0.020000|5.242693,45.518893,-77.634089,44.481107,49.423452,0.020000
264|5.262668,47.063253,-76.714081|5.262705,47.063271,-76.707766,42.936729,47.707476,0.020000|5.262705,47.063272,-76.707767,42.936728,47.707476,0.020000
265|5.282678,48.588789,-75.757043|5.282716,48.588807,-75.750728,41.411193,46.012437,0.020000|5.282716,48.588807,-75.750729,41.411193,46.012436,0.020000
266|5.302688,50.094870,-74.769673|5.302727,50.094887,-74.763358,39.905113,44.339014,0.020000|5.302727,50.094888,-74.763359,39.905112,44.339013,0.020000
267|5.322698,51.580893,-73.752366|5.322739,51.580910,-73.746050,38.419090,42.687877,0.020000|5.322739,51.580911,-73.746051,38.419089,42.687877,0.020000
268|5.342709,53.046264,-72.705529|5.342750,53.046281,-72.699212,36.953719,41.059688,0.020000|5.342750,53.046281,-72.699213,36.953719,41.059687,0.020000
269|5.362719,54.490395,-71.629581|5.362761,54.490412,-71.623264,35.509588,39.455098,0.020000|5.362761,54.490412,-71.623265,35.509588,39.455097,0.020000
270|5.382729,55.912709,-70.524953|5.382773,55.912726,-70.518636,34.087274,37.874749,0.020000|5.382773,55.912726,-70.518637,34.087274,37.874749,0.020000
271|5.402739,57.312636,-69.392087|5.402784,57.312652,-69.385770,32.687348,36.319276,0.020000|5.402784,57.312653,-69.385771,32.687347,36.319275,0.020000
272|5.422749,58.689615,-68.231438|5.422795,58.689631,-68.225120,31.310369,34.789299,0.020000|5.422795,58.689631,-68.225121,31.310369,34.789298,0.020000
273|5.442759,60.043095,-67.043469|5.442806,60.043111,-67.037151,29.956889,33.285432,0.020000|5.442806,60.043112,-67.037152,29.956888,33.285432,0.020000
274|5.462769,61.372535,-65.828656|5.462817,61.372550,-65.822338,28.627450,31.808277,0.020000|5.462817,61.372551,-65.822339,28.627449,31.808277,0.020000
275|5.482780,62.677401,-64.587486|5.482829,62.677416,-64.581168,27.322584,30.358426,0.020000|5.482829,62.677417,-64.581168,27.322583,30.358426,0.020000
276|5.502790,63.957172,-63.320456|5.502840,63.957187,-63.314137,26.042813,28.936459,0.020000|5.502840,63.957188,-63.314138,26.042812,28.936458,0.020000
277|5.522800,65.211335,-62.028073|5.522851,65.211350,-62.021753,24.788650,27.542945,0.020000|5.522851,65.211350,-62.021754,24.788650,27.542944,0.020000
278|5.542810,66.439388,-60.710854|5.542862,66.439402,-60.704534,23.560598,26.178442,0.020000|5.542862,66.439403,-60.704535,23.560597,26.178442,0.020000
279|5.562820,67.640839,-59.369326|5.562873,67.640853,-59.363007,22.359147,24.843497,0.020000|5.562873,67.640853,-59.363007,22.359147,24.843496,0.020000
280|5.582830,68.815207,-58.004028|5.582884,68.815220,-57.997709,21.184780,23.538644,0.020000|5.582884,68.815221,-57.997709,21.184779,23.538643,0.020000
281|5.602840,69.962022,-56.615506|5.602895,69.962035,-56.609186,20.037965,22.264405,0.020000|5.602895,69.962036,-56.609186,20.037964,22.264405,0.020000
282|5.622851,71.080825,-55.204315|5.622906,71.080837,-55.197995,18.919163,21.021292,0.020000|5.622906,71.080838,-55.197995,18.919162,21.021291,0.020000
283|5.642861,72.171167,-53.771021|5.642917,72.171180,-53.764700,17.828820,19.809800,0.020000|5.642917,72.171180,-53.764700,17.828820,19.809800,0.020000
284|5.662871,73.232613,-52.316197|5.662928,73.232625,-52.309876,16.767375,18.630417,0.020000|5.662928,73.232625,-52.309876,16.767375,18.630416,0.020000
285|5.682881,74.264737,-50.840426|5.682939,74.264748,-50.834105,15.735252,17.483613,0.020000|5.682939,74.264749,-50.834105,15.735251,17.483612,0.020000
286|5.702891,75.267125,-49.344299|5.702950,75.267137,-49.337978,14.732863,16.369848,0.020000|5.702950,75.267137,-49.337978,14.732863,16.369847,0.020000
287|5.722901,76.239378,-47.828415|5.722961,76.239389,-47.822093,13.760611,15.289568,0.020000|5.722961,76.239389,-47.822094,13.760611,15.289567,0.020000
288|5.742911,77.181105,-46.293381|5.742972,77.181115,-46.287059,12.818885,14.243205,0.020000|5.742972,77.181116,-46.287059,12.818884,14.243205,0.020000
289|5.762922,78.091929,-44.739811|5.762983,78.091939,-44.733489,11.908061,13.231179,0.020000|5.762983,78.091940,-44.733489,11.908060,13.231178,0.020000
290|5.782932,78.971485,-43.168328|5.782993,78.971495,-43.162006,11.028505,12.253894,0.020000|5.782993,78.971496,-43.162006,11.028504,12.253894,0.020000
291|5.802942,79.819422,-41.579560|5.803004,79.819432,-41.573238,10.180568,11.311742,0.020000|5.803004,79.819432,-41.573238,10.180568,11.311742,0.020000
292|5.822952,80.635400,-39.974144|5.823015,80.635409,-39.967822,9.364591,10.405101,0.020000|5.823015,80.635410,-39.967822,9.364590,10.405100,0.020000
293|5.842962,81.419092,-38.352723|5.843026,81.419101,-38.346401,8.580899,9.534332,0.020000|5.843026,81.419102,-38.346401,8.580898,9.534332,0.020000
294|5.862972,82.170185,-36.715946|5.863036,82.170193,-36.709624,7.829807,8.699785,0.020000|5.863036,82.170194,-36.709624,7.829806,8.699785,0.020000
295|5.882982,82.888377,-35.064468|5.883047,82.888385,-35.058145,7.111615,7.901794,0.020000|5.883047,82.888386,-35.058146,7.111614,7.901794,0.020000
296|5.902993,83.573381,-33.398951|5.903058,83.573389,-33.392628,6.426611,7.140679,0.020000|5.903058,83.573389,-33.392628,6.426611,7.140678,0.020000
297|5.923003,84.224924,-31.720061|5.923068,84.224931,-31.713737,5.775069,6.416744,0.020000|5.923068,84.224931,-31.713738,5.775069,6.416743,0.020000
298|5.943013,84.842743,-30.028470|5.943079,84.842749,-30.022147,5.157251,5.730278,0.020000|5.943079,84.842750,-30.022147,5.157250,5.730278,0.020000
299|5.963023,85.426591,-28.324856|5.963090,85.426598,-28.318533,4.573402,5.081558,0.020000|5.963090,85.426598,-28.318533,4.573402,5.081558,0.020000
300|5.983033,85.976236,-26.609901|5.983100,85.976242,-26.603578,4.023758,4.470842,0.020000|5.983100,85.976242,-26.603578,4.023758,4.470842,0.020000
301|6.003043,86.491456,-24.884292|6.003111,86.491462,-24.877968,3.508538,3.898376,0.020000|6.003111,86.491462,-24.877968,3.508538,3.898375,0.020000
302|6.023053,86.972046,-23.148719|6.023121,86.972051,-23.142395,3.027949,3.364388,0.020000|6.023121,86.972052,-23.142396,3.027948,3.364387,0.020000
303|6.043064,87.417813,-21.403878|6.043132,87.417817,-21.397554,2.582183,2.869092,0.020000|6.043132,87.417818,-21.397554,2.582182,2.869091,0.020000
304|6.063074,87.828578,-19.650467|6.063142,87.828582,-19.644143,2.171418,2.412686,0.020000|6.063142,87.828583,-19.644143,2.171417,2.412686,0.020000
305|6.083084,88.204178,-17.889188|6.083153,88.204181,-17.882863,1.795819,1.995354,0.020000|6.083153,88.204182,-17.882863,1.795818,1.995353,0.020000
306|6.103094,88.544461,-16.120746|6.103163,88.544464,-16.114421,1.455536,1.617262,0.020000|6.103163,88.544465,-16.114421,1.455535,1.617261,0.020000
307|6.123104,88.849292,-14.345849|6.123174,88.849294,-14.339525,1.150706,1.278562,0.020000|6.123174,88.849295,-14.339525,1.150705,1.278561,0.020000
308|6.143114,89.118548,-12.565209|6.143184,89.118550,-12.558884,0.881450,0.979389,0.020000|6.143184,89.118551,-12.558884,0.881449,0.979388,0.020000
309|6.163124,89.352121,-10.779537|6.163194,89.352123,-10.773213,0.647877,0.719863,0.020000|6.163194,89.352124,-10.773213,0.647876,0.719863,0.020000
310|6.183135,89.549919,-8.989550|6.183205,89.549921,-8.983225,0.450079,0.500088,0.020000|6.183205,89.549921,-8.983225,0.450079,0.500088,0.020000
311|6.203145,89.711862,-7.195963|6.203215,89.711863,-7.189638,0.288137,0.320153,0.020000|6.203215,89.711863,-7.189638,0.288137,0.320152,0.020000
312|6.223155,89.837884,-5.399495|6.223225,89.837885,-5.393170,0.162115,0.180128,0.020000|6.223225,89.837885,-5.393170,0.162115,0.180127,0.020000
313|6.243165,89.927937,-3.600865|6.243235,89.927937,-3.594540,0.072063,0.080070,0.020000|6.243235,89.927937,-3.594540,0.072063,0.080070,0.020000
314|6.263175,89.981982,-1.800793|6.263245,89.981982,-1.794468,0.018018,0.020020,0.020000|6.263245,89.981983,-1.794468,0.018017,0.020019,0.020000
