OneBody1_E-0.25_ecc0.8_RK4.txt
initial value : [x, y, v_x, v_y] = [3.60,0.00,0.00,2.12] , numerical interval dt = 0.02000 , [M, m] = [ 9, 1]

num|given_position|geodesic|newtonian
num| degree1, x1, y1 | degree2, x2, y2, simple error, relative error, d(rho) | degree2, x2, y2, simple error, relative error, dt
  1|0.000000,3.600000,0.000000|0.027776,3.599228,0.099997,0.001389,0.038572,0.047136|0.027776,3.599228,0.099997,0.001389,0.038572,0.047142
  2|0.020010,3.599600,0.072038|0.047781,3.597285,0.172011,0.004542,0.126096,0.047114|0.047781,3.597285,0.172011,0.004542,0.126098,0.047149
  3|0.040020,3.598398,0.144086|0.067780,3.594542,0.244011,0.009136,0.253514,0.047081|0.067780,3.594542,0.244011,0.009136,0.253521,0.047158
  4|0.060030,3.596395,0.216153|0.087774,3.590998,0.316007,0.015172,0.420720,0.047036|0.087774,3.590998,0.316007,0.015172,0.420732,0.047171
  5|0.080041,3.593588,0.288249|0.107762,3.586653,0.388008,0.022652,0.627593,0.046980|0.107762,3.586653,0.388008,0.022652,0.627608,0.047187
  6|0.100051,3.589976,0.360383|0.127745,3.581506,0.460024,0.031578,0.873997,0.046912|0.127745,3.581506,0.460024,0.031579,0.874010,0.047206
  7|0.120061,3.585556,0.432565|0.147722,3.575555,0.532064,0.041955,1.159780,0.046834|0.147722,3.575555,0.532064,0.041955,1.159784,0.047229
  8|0.140071,3.580327,0.504806|0.167694,3.568798,0.604139,0.053787,1.484774,0.046743|0.167694,3.568798,0.604139,0.053787,1.484760,0.047255
  9|0.160081,3.574283,0.577113|0.187660,3.561231,0.676258,0.067080,1.848798,0.046642|0.187660,3.561233,0.676258,0.067079,1.848755,0.047285
 10|0.180091,3.567421,0.649498|0.207621,3.552852,0.748431,0.081841,2.251655,0.046530|0.207621,3.552855,0.748432,0.081838,2.251568,0.047318
 11|0.200101,3.559736,0.721970|0.227576,3.543656,0.820669,0.098077,2.693134,0.046407|0.227576,3.543661,0.820670,0.098071,2.692986,0.047354
 12|0.220112,3.551223,0.794539|0.247526,3.533638,0.892980,0.115797,3.173007,0.046274|0.247526,3.533647,0.892982,0.115789,3.172782,0.047394
 13|0.240122,3.541877,0.867213|0.267471,3.522795,0.965376,0.135011,3.691036,0.046130|0.267470,3.522806,0.965378,0.134999,3.690712,0.047437
 14|0.260132,3.531691,0.940005|0.287410,3.511119,1.037866,0.155730,4.246966,0.045975|0.287409,3.511135,1.037869,0.155713,4.246521,0.047483
 15|0.280142,3.520658,1.012922|0.307343,3.498604,1.110460,0.177965,4.840529,0.045811|0.307343,3.498626,1.110464,0.177944,4.839938,0.047533
 16|0.300152,3.508770,1.085975|0.327272,3.485244,1.183168,0.201731,5.471442,0.045637|0.327271,3.485272,1.183175,0.201703,5.470680,0.047586
 17|0.320162,3.496020,1.159174|0.347195,3.471031,1.256001,0.227040,6.139410,0.045454|0.347194,3.471067,1.256010,0.227004,6.138449,0.047642
 18|0.340172,3.482399,1.232529|0.367112,3.455957,1.328970,0.253908,6.844125,0.045261|0.367111,3.456001,1.328981,0.253864,6.842934,0.047702
 19|0.360183,3.467898,1.306050|0.387024,3.440013,1.402083,0.282351,7.585263,0.045059|0.387023,3.440066,1.402099,0.282297,7.583813,0.047766
 20|0.380193,3.452505,1.379746|0.406931,3.423190,1.475353,0.312387,8.362491,0.044849|0.406929,3.423254,1.475372,0.312322,8.360749,0.047833
 21|0.400203,3.436212,1.453629|0.426833,3.405477,1.548788,0.344035,9.175461,0.044629|0.426831,3.405552,1.548813,0.343957,9.173393,0.047903
 22|0.420213,3.419006,1.527708|0.446729,3.386863,1.622401,0.377314,10.023812,0.044402|0.446726,3.386952,1.622431,0.377222,10.021384,0.047977
 23|0.440223,3.400875,1.601993|0.466621,3.367337,1.696201,0.412246,10.907172,0.044167|0.466617,3.367441,1.696238,0.412139,10.904347,0.048054
 24|0.460233,3.381807,1.676495|0.486507,3.346887,1.770200,0.448852,11.825157,0.043924|0.486502,3.347008,1.770245,0.448728,11.821899,0.048135
 25|0.480243,3.361789,1.751224|0.506388,3.325500,1.844408,0.487157,12.777369,0.043674|0.506382,3.325638,1.844461,0.487015,12.773641,0.048219
 26|0.500254,3.340806,1.826191|0.526263,3.303162,1.918835,0.527186,13.763400,0.043417|0.526257,3.303320,1.918899,0.527023,13.759164,0.048307
 27|0.520264,3.318843,1.901405|0.546134,3.279859,1.993494,0.568965,14.782832,0.043154|0.546127,3.280037,1.993569,0.568780,14.778049,0.048399
 28|0.540274,3.295884,1.976878|0.566000,3.255575,2.068394,0.612522,15.835232,0.042884|0.565991,3.255775,2.068482,0.612313,15.829864,0.048494
 29|0.560284,3.271914,2.052620|0.585860,3.230294,2.143547,0.657886,16.920159,0.042608|0.585850,3.230518,2.143649,0.657652,16.914167,0.048593
 30|0.580294,3.246914,2.128641|0.605716,3.203999,2.218965,0.705088,18.037161,0.042327|0.605704,3.204249,2.219083,0.704826,18.030505,0.048695
 31|0.600304,3.220867,2.204953|0.625566,3.176673,2.294657,0.754161,19.185772,0.042040|0.625553,3.176950,2.294793,0.753869,19.178415,0.048801
 32|0.620314,3.193753,2.281566|0.645412,3.148296,2.370637,0.805137,20.365520,0.041748|0.645397,3.148602,2.370793,0.804814,20.357422,0.048911
 33|0.640325,3.165553,2.358491|0.665253,3.118850,2.446915,0.858053,21.575920,0.041452|0.665236,3.119187,2.447092,0.857696,21.567044,0.049024
 34|0.660335,3.136246,2.435739|0.685089,3.088313,2.523502,0.912947,22.816478,0.041152|0.685070,3.088682,2.523703,0.912553,22.806786,0.049141
 35|0.680345,3.105810,2.513321|0.704921,3.056664,2.600411,0.969855,24.086691,0.040848|0.704898,3.057067,2.600637,0.969424,24.076146,0.049261
 36|0.700355,3.074222,2.591248|0.724747,3.023881,2.677652,1.028821,25.386045,0.040540|0.724722,3.024319,2.677906,1.028349,25.374610,0.049386
 37|0.720365,3.041458,2.669531|0.744569,2.989939,2.755238,1.089885,26.714017,0.040230|0.744541,2.990415,2.755523,1.089370,26.701658,0.049514
 38|0.740375,3.007493,2.748181|0.764386,2.954814,2.833181,1.153093,28.070076,0.039916|0.764355,2.955329,2.833498,1.152533,28.056757,0.049645
 39|0.760385,2.972302,2.827211|0.784199,2.918481,2.911492,1.218490,29.453680,0.039601|0.784165,2.919037,2.911844,1.217883,29.439369,0.049781
 40|0.780396,2.935857,2.906630|0.804008,2.880912,2.990183,1.286127,30.864280,0.039283|0.803969,2.881510,2.990573,1.285469,30.848946,0.049920
 41|0.800406,2.898130,2.986451|0.823811,2.842080,3.069266,1.356052,32.301319,0.038963|0.823769,2.842722,3.069697,1.355342,32.284932,0.050062
 42|0.820416,2.859092,3.066684|0.843611,2.801954,3.148753,1.428319,33.764230,0.038642|0.843564,2.802642,3.149227,1.427554,33.746760,0.050209
 43|0.840426,2.818711,3.147342|0.863406,2.760505,3.228657,1.502984,35.252438,0.038321|0.863354,2.761240,3.229178,1.502161,35.233860,0.050359
 44|0.860436,2.776955,3.228436|0.883197,2.717700,3.308989,1.580103,36.765363,0.037998|0.883140,2.718484,3.309560,1.579219,36.745652,0.050513
 45|0.880446,2.733792,3.309977|0.902984,2.673506,3.389762,1.659736,38.302414,0.037675|0.902921,2.674340,3.390385,1.658789,38.281547,0.050670
 46|0.900456,2.689185,3.391978|0.922766,2.627888,3.470988,1.741947,39.862995,0.037353|0.922698,2.628774,3.471668,1.740933,39.840950,0.050832
 47|0.920467,2.643099,3.474449|0.942545,2.580809,3.552679,1.826800,41.446501,0.037030|0.942470,2.581749,3.553418,1.825716,41.423261,0.050996
 48|0.940477,2.595496,3.557403|0.962319,2.532233,3.634848,1.914362,43.052321,0.036709|0.962239,2.533228,3.635650,1.913206,43.027869,0.051165
 49|0.960487,2.546337,3.640851|0.982090,2.482119,3.717507,2.004706,44.679837,0.036388|0.982002,2.483170,3.718376,2.003473,44.654161,0.051337
 50|0.980497,2.495580,3.724806|1.001857,2.430426,3.800668,2.097904,46.328424,0.036069|1.001762,2.431536,3.801607,2.096591,46.301514,0.051513
 51|1.000507,2.443182,3.809278|1.021620,2.377112,3.884344,2.194033,47.997453,0.035751|1.021517,2.378281,3.885357,2.192638,47.969299,0.051692
 52|1.020517,2.389099,3.894280|1.041379,2.322132,3.968546,2.293174,49.686285,0.035435|1.041268,2.323362,3.969637,2.291692,49.656884,0.051874
 53|1.040528,2.333284,3.979824|1.061135,2.265439,4.053288,2.395409,51.394278,0.035121|1.061016,2.266731,4.054461,2.393836,51.363629,0.052061
 54|1.060538,2.275689,4.065920|1.080888,2.206984,4.138582,2.500826,53.120784,0.034810|1.080759,2.208340,4.139840,2.499159,53.088887,0.052250
 55|1.080548,2.216263,4.152581|1.100637,2.146719,4.224439,2.609514,54.865148,0.034501|1.100498,2.148139,4.225787,2.607749,54.832009,0.052443
 56|1.100558,2.154954,4.239818|1.120383,2.084589,4.310871,2.721569,56.626711,0.034196|1.120234,2.086075,4.312314,2.719701,56.592339,0.052639
 57|1.120568,2.091708,4.327642|1.140125,2.020539,4.397892,2.837088,58.404809,0.033893|1.139966,2.022093,4.399432,2.835114,58.369216,0.052839
 58|1.140578,2.026466,4.416065|1.159865,1.954514,4.485512,2.956173,60.198771,0.033594|1.159695,1.956136,4.487155,2.954088,60.161974,0.053042
 59|1.160588,1.959170,4.505099|1.179601,1.886453,4.573744,3.078932,62.007924,0.033299|1.179420,1.888145,4.575493,3.076730,61.969943,0.053247
 60|1.180599,1.889758,4.594753|1.199335,1.816294,4.662598,3.205475,63.831590,0.033008|1.199142,1.818056,4.664458,3.203152,63.792449,0.053456
 61|1.200609,1.818166,4.685040|1.219066,1.743973,4.752087,3.335917,65.669084,0.032721|1.218860,1.745807,4.754063,3.333467,65.628812,0.053668
 62|1.220619,1.744325,4.775968|1.238794,1.669422,4.842221,3.470379,67.519720,0.032438|1.238575,1.671329,4.844317,3.467798,67.478351,0.053883
 63|1.240629,1.668167,4.867550|1.258520,1.592571,4.933011,3.608987,69.382808,0.032159|1.258288,1.594552,4.935231,3.606268,69.340379,0.054100
 64|1.260639,1.589618,4.959794|1.278243,1.513347,5.024468,3.751870,71.257651,0.031886|1.277997,1.515403,5.026817,3.749009,71.214206,0.054320
 65|1.280649,1.508603,5.052711|1.297964,1.431675,5.116602,3.899167,73.143552,0.031617|1.297704,1.433806,5.119084,3.896156,73.099137,0.054543
 66|1.300659,1.425042,5.146309|1.317683,1.347474,5.209422,4.051017,75.039810,0.031353|1.317408,1.349681,5.212042,4.047852,74.994477,0.054768
 67|1.320670,1.338852,5.240598|1.337400,1.260662,5.302938,4.207570,76.945718,0.031095|1.337109,1.262947,5.305701,4.204242,76.899526,0.054995
 68|1.340680,1.249949,5.335586|1.357115,1.171152,5.397158,4.368979,78.860570,0.030842|1.356809,1.173515,5.400068,4.365483,78.813580,0.055225
 69|1.360690,1.158241,5.431280|1.376828,1.078856,5.492091,4.535406,80.783654,0.030594|1.376506,1.081298,5.495153,4.531733,80.735934,0.055456
 70|1.380700,1.063637,5.527688|1.396540,0.983679,5.587745,4.707016,82.714258,0.030352|1.396200,0.986200,5.590963,4.703160,82.665881,0.055690
 71|1.400710,0.966037,5.624817|1.416250,0.885524,5.684125,4.883986,84.651665,0.030115|1.415893,0.888126,5.687504,4.879938,84.602708,0.055925
 72|1.420720,0.865342,5.722670|1.435959,0.784289,5.781239,5.066496,86.595157,0.029885|1.435585,0.786971,5.784783,5.062249,86.545705,0.056162
 73|1.440730,0.761446,5.821255|1.455666,0.679868,5.879091,5.254737,88.544014,0.029660|1.455274,0.682632,5.882804,5.250282,88.494155,0.056400
 74|1.460741,0.654237,5.920573|1.475373,0.572150,5.977685,5.448906,90.497514,0.029441|1.474963,0.574997,5.981573,5.444234,90.447341,0.056639
 75|1.480751,0.543601,6.020628|1.495078,0.461021,6.077024,5.649209,92.454932,0.029229|1.494650,0.463950,6.081090,5.644312,92.404546,0.056880
 76|1.500761,0.429419,6.121421|1.514783,0.346360,6.177110,5.855861,94.415544,0.029022|1.514336,0.349373,6.181359,5.850728,94.365048,0.057121
 77|1.520771,0.311565,6.222953|1.534488,0.228043,6.277944,6.069086,96.378622,0.028822|1.534021,0.231139,6.282380,6.063708,96.328126,0.057363
 78|1.540781,0.189910,6.325222|1.554192,0.105938,6.379524,6.289117,98.343437,0.028628|1.553706,0.109118,6.384151,6.283484,98.293055,0.057606
 79|1.560791,0.064317,6.428225|1.573896,-0.020090,6.481848,6.476017,99.690739,0.028441|1.573390,-0.016825,6.486671,6.476649,99.740888,0.057849
 80|1.580801,-0.065355,6.531957|1.593600,-0.150183,6.584912,6.450215,97.724637,0.028259|1.593074,-0.146834,6.589933,6.450740,97.774431,0.058092
 81|1.600812,-0.199253,6.636412|1.613303,-0.284489,6.688708,6.423554,95.758988,0.028084|1.612758,-0.281054,6.693932,6.423963,95.808299,0.058335
 82|1.620822,-0.337532,6.741581|1.633008,-0.423162,6.793229,6.396003,93.794524,0.027916|1.632442,-0.419642,6.798660,6.396285,93.843221,0.058577
 83|1.640832,-0.480350,6.847453|1.652712,-0.566362,6.898463,6.367527,91.831977,0.027754|1.652127,-0.562756,6.904104,6.367672,91.879926,0.058819
 84|1.660842,-0.627877,6.954013|1.672418,-0.714256,7.004398,6.338092,89.872081,0.027598|1.671812,-0.710564,7.010251,6.338087,89.919144,0.059060
 85|1.680852,-0.780284,7.061246|1.692124,-0.867020,7.111015,6.307662,87.915567,0.027449|1.691498,-0.863242,7.117086,6.307495,87.961605,0.059300
 86|1.700862,-0.937754,7.169132|1.711831,-1.024833,7.218297,6.276197,85.963169,0.027306|1.711185,-1.020969,7.224587,6.275857,86.008038,0.059539
 87|1.720872,-1.100475,7.277647|1.731539,-1.187886,7.326220,6.243658,84.015619,0.027170|1.730874,-1.183936,7.332732,6.243133,84.059177,0.059777
 88|1.740883,-1.268644,7.386765|1.751249,-1.356376,7.434757,6.210004,82.073650,0.027040|1.750564,-1.352339,7.441494,6.209281,82.115752,0.060012
 89|1.760893,-1.442466,7.496455|1.770960,-1.530506,7.543878,6.175192,80.137993,0.026917|1.770256,-1.526383,7.550842,6.174259,80.178494,0.060246
 90|1.780903,-1.622154,7.606681|1.790673,-1.710492,7.653546,6.139178,78.209380,0.026800|1.789950,-1.706282,7.660740,6.138020,78.248135,0.060478
 91|1.800913,-1.807928,7.717403|1.810388,-1.896553,7.763723,6.101914,76.288541,0.026689|1.809646,-1.892258,7.771148,6.100520,76.325407,0.060708
 92|1.820923,-2.000021,7.828575|1.830105,-2.088922,7.874363,6.063353,74.376206,0.026584|1.829345,-2.084540,7.882020,6.061709,74.411042,0.060935
 93|1.840933,-2.198671,7.940146|1.849824,-2.287839,7.985413,6.023445,72.473102,0.026486|1.849046,-2.283371,7.993306,6.021538,72.505769,0.061159
 94|1.860943,-2.404127,8.052059|1.869546,-2.493551,8.096817,5.982138,70.579957,0.026394|1.868751,-2.488998,8.104945,5.979954,70.610320,0.061380
 95|1.880954,-2.616649,8.164248|1.889270,-2.706320,8.208510,5.939378,68.697497,0.026308|1.888458,-2.701681,8.216875,5.936904,68.725424,0.061598
 96|1.900964,-2.836504,8.276642|1.908998,-2.926412,8.320420,5.895108,66.826445,0.026228|1.908169,-2.921688,8.329022,5.892331,66.851810,0.061813
 97|1.920974,-3.063970,8.389159|1.928728,-3.154106,8.432466,5.849271,64.967522,0.026154|1.927884,-3.149297,8.441306,5.846178,64.990206,0.062024
 98|1.940984,-3.299336,8.501711|1.948461,-3.389692,8.544559,5.801808,63.121450,0.026086|1.947603,-3.384799,8.553636,5.798385,63.141340,0.062232
 99|1.960994,-3.542901,8.614199|1.968198,-3.633467,8.656600,5.752655,61.288944,0.026025|1.967326,-3.628490,8.665915,5.748891,61.305935,0.062435
100|1.981004,-3.794972,8.726512|1.987938,-3.885740,8.768479,5.701749,59.470722,0.025968|1.987053,-3.880680,8.778031,5.697632,59.484717,0.062635
101|2.001014,-4.055869,8.838531|2.007682,-4.146832,8.880075,5.649025,57.667494,0.025918|2.006785,-4.141689,8.889863,5.644542,57.678406,0.062830
102|2.021025,-4.325921,8.950120|2.027430,-4.417069,8.991254,5.594413,55.879971,0.025873|2.026521,-4.411844,9.001278,5.589554,55.887723,0.063022
103|2.041035,-4.605465,9.061134|2.047182,-4.696792,9.101870,5.537845,54.108858,0.025834|2.046262,-4.691486,9.112128,5.532598,54.113386,0.063208
104|2.061045,-4.894850,9.171410|2.066937,-4.986347,9.211761,5.479248,52.354859,0.025801|2.066009,-4.980961,9.222251,5.473603,52.356107,0.063391
105|2.081055,-5.194432,9.280771|2.086697,-5.286094,9.320748,5.418548,50.618674,0.025772|2.085761,-5.280628,9.331469,5.412496,50.616601,0.063568
106|2.101065,-5.504579,9.389022|2.106462,-5.596397,9.428637,5.355670,48.900996,0.025750|2.105518,-5.590853,9.439586,5.349203,48.895575,0.063741
107|2.121075,-5.825662,9.495950|2.126231,-5.917630,9.535215,5.290537,47.202518,0.025732|2.125281,-5.912008,9.546390,5.283648,47.193733,0.063909
108|2.141085,-6.158062,9.601321|2.146005,-6.250174,9.640248,5.223072,45.523927,0.025720|2.145049,-6.244476,9.651646,5.215754,45.511778,0.064072
109|2.161096,-6.502165,9.704881|2.165783,-6.594414,9.743482,5.153195,43.865904,0.025712|2.164824,-6.588640,9.755100,5.145443,43.850405,0.064231
110|2.181106,-6.858361,9.806351|2.185567,-6.950742,9.844637,5.080826,42.229127,0.025710|2.184604,-6.944894,9.856472,5.072636,42.210307,0.064384
111|2.201116,-7.227043,9.905429|2.205355,-7.319549,9.943412,5.005885,40.614267,0.025713|2.204391,-7.313628,9.955460,4.997254,40.592170,0.064533
112|2.221126,-7.608605,10.001785|2.225149,-7.701231,10.039475,4.928291,39.021991,0.025720|2.224184,-7.695238,10.051733,4.919219,38.996676,0.064677
113|2.241136,-8.003439,10.095060|2.244947,-8.096178,10.132469,4.847964,37.452958,0.025732|2.243983,-8.090115,10.144933,4.838451,37.424501,0.064815
114|2.261146,-8.411932,10.184866|2.264751,-8.504780,10.222005,4.764827,35.907822,0.025749|2.263788,-8.498647,10.234670,4.754875,35.876312,0.064949
115|2.281156,-8.834463,10.270780|2.284561,-8.927415,10.307660,4.678801,34.387230,0.025770|2.283600,-8.921215,10.320522,4.668415,34.352773,0.065078
116|2.301167,-9.271402,10.352347|2.304375,-9.364452,10.388978,4.589812,32.891823,0.025796|2.303418,-9.358186,10.402032,4.578997,32.854539,0.065203
117|2.321177,-9.723101,10.429074|2.324195,-9.816245,10.465466,4.497789,31.422232,0.025827|2.323242,-9.809914,10.478708,4.486554,31.382256,0.065322
118|2.341187,-10.189893,10.500429|2.344021,-10.283125,10.536592,4.402665,29.979083,0.025862|2.343073,-10.276732,10.550017,4.391021,29.936563,0.065437
119|2.361197,-10.672083,10.565839|2.363852,-10.765399,10.601785,4.304380,28.562992,0.025901|2.362911,-10.758945,10.615387,4.292339,28.518092,0.065547
120|2.381207,-11.169946,10.624690|2.383688,-11.263342,10.660427,4.202878,27.174567,0.025944|2.382755,-11.256828,10.674201,4.190456,27.127462,0.065653
121|2.401217,-11.683714,10.676322|2.403530,-11.777186,10.711861,4.098115,25.814408,0.025992|2.402605,-11.770615,10.725802,4.085329,25.765285,0.065754
122|2.421227,-12.213576,10.720030|2.423377,-12.307119,10.755381,3.990054,24.483104,0.026044|2.422461,-12.300493,10.769482,3.976925,24.432162,0.065851
123|2.441238,-12.759662,10.755061|2.443230,-12.853272,10.790233,3.878671,23.181234,0.026100|2.442324,-12.846591,10.804490,3.865223,23.128684,0.065943
124|2.461248,-13.322034,10.780616|2.463088,-13.415708,10.815618,3.763956,21.909369,0.026161|2.462192,-13.408975,10.830024,3.750215,21.855431,0.066032
125|2.481258,-13.900679,10.795844|2.482952,-13.994413,10.830686,3.645915,20.668067,0.026225|2.482067,-13.987631,10.845235,3.631910,20.612969,0.066116
126|2.501268,-14.495496,10.799848|2.502821,-14.589286,10.834539,3.524572,19.457877,0.026294|2.501948,-14.582456,10.849225,3.510337,19.401854,0.066197
127|2.521278,-15.106280,10.791683|2.522695,-15.200123,10.826232,3.399974,18.279334,0.026367|2.521835,-15.193246,10.841048,3.385544,18.222629,0.066274
128|2.541288,-15.732711,10.770357|2.542574,-15.826603,10.804773,3.272189,17.132964,0.026445|2.541727,-15.819683,10.819713,3.257604,17.075825,0.066348
129|2.561298,-16.374339,10.734836|2.562458,-16.468276,10.769128,3.141315,16.019278,0.026527|2.561624,-16.461314,10.784186,3.126617,15.961957,0.066418
130|2.581309,-17.030567,10.684046|2.582348,-17.124546,10.718222,3.007478,14.938775,0.026614|2.581527,-17.117545,10.733391,2.992714,14.881528,0.066484
131|2.601319,-17.700637,10.616877|2.602242,-17.794654,10.650947,2.870838,13.891943,0.026705|2.601436,-17.787616,10.666219,2.856058,13.835026,0.066548
132|2.621329,-18.383612,10.532194|2.622141,-18.477664,10.566166,2.731594,12.879253,0.026802|2.621349,-18.470592,10.581534,2.716849,12.822924,0.066608
133|2.641339,-19.078359,10.428838|2.642044,-19.172443,10.462722,2.589982,11.901163,0.026903|2.641267,-19.165338,10.478179,2.575330,11.845680,0.066666
134|2.661349,-19.783534,10.305645|2.661952,-19.877647,10.339449,2.446283,10.958119,0.027010|2.661190,-19.870513,10.354988,2.431783,10.903735,0.066721
135|2.681359,-20.497566,10.161451|2.681864,-20.591704,10.195185,2.300825,10.050549,0.027123|2.681116,-20.584543,10.210797,2.286541,9.997518,0.066773
136|2.701369,-21.218642,9.995109|2.701780,-21.312802,10.028782,2.153985,9.178868,0.027242|2.701048,-21.305616,10.044459,2.139982,9.127436,0.066822
137|2.721380,-21.944694,9.805505|2.721700,-22.038872,9.839128,2.006194,8.343473,0.027367|2.720983,-22.031665,9.854861,1.992540,8.293884,0.066870
138|2.741390,-22.673389,9.591578|2.741623,-22.767582,9.625161,1.857933,7.544749,0.027499|2.740921,-22.760357,9.640940,1.844699,7.497236,0.066915
139|2.761400,-23.402127,9.352338|2.761550,-23.496329,9.385891,1.709743,6.783061,0.027640|2.760864,-23.489091,9.401706,1.697002,6.737853,0.066958
140|2.781410,-24.128030,9.086889|2.781480,-24.222239,9.120425,1.562219,6.058761,0.027788|2.780809,-24.214989,9.136266,1.550044,6.016075,0.066999
141|2.801420,-24.847952,8.794459|2.801414,-24.942163,8.827989,1.416009,5.372181,0.027946|2.800757,-24.934907,8.843844,1.404475,5.332224,0.067038
142|2.821430,-25.558488,8.474416|2.821350,-25.652696,8.507955,1.271817,4.723639,0.028114|2.820708,-25.645438,8.523810,1.260999,4.686606,0.067076
143|2.841440,-26.255983,8.126305|2.841288,-26.350183,8.159867,1.130395,4.113434,0.028293|2.840661,-26.342927,8.175709,1.120367,4.079507,0.067111
144|2.861451,-26.936564,7.749867|2.861228,-27.030750,7.783468,0.992543,3.541849,0.028484|2.860617,-27.023502,7.799281,0.983376,3.511194,0.067146
145|2.881461,-27.596163,7.345071|2.881171,-27.690328,7.378728,0.859095,3.009150,0.028688|2.880574,-27.683095,7.394495,0.850859,2.981916,0.067179
146|2.901471,-28.230564,6.912133|2.901115,-28.324702,6.945867,0.730919,2.515586,0.028908|2.900533,-28.317490,6.961569,0.723678,2.491904,0.067210
147|2.921481,-28.835447,6.451545|2.921060,-28.929550,6.485378,0.608902,2.061388,0.029144|2.920493,-28.922367,6.500992,0.602715,2.041366,0.067241
148|2.941491,-29.406448,5.964088|2.941007,-29.500506,5.998046,0.493940,1.646772,0.029399|2.940455,-29.493361,6.013547,0.488859,1.630496,0.067270
149|2.961501,-29.939219,5.450850|2.960954,-30.033221,5.484961,0.386925,1.271936,0.029673|2.960417,-30.026124,5.500321,0.382992,1.259464,0.067298
150|2.981511,-30.429501,4.913230|2.980901,-30.523436,4.947526,0.288729,0.937062,0.029969|2.980379,-30.516399,4.962715,0.285976,0.928422,0.067326
151|3.001522,-30.873199,4.352946|3.000848,-30.967054,4.387461,0.200193,0.642318,0.030287|3.000342,-30.960090,4.402444,0.198638,0.637504,0.067352
152|3.021532,-31.266458,3.772020|3.020794,-31.360217,3.806794,0.122106,0.387855,0.030629|3.020305,-31.353341,3.821531,0.121753,0.386822,0.067378
153|3.041542,-31.605742,3.172771|3.040740,-31.699389,3.207846,0.055192,0.173808,0.030996|3.040267,-31.692617,3.222297,0.056027,0.176469,0.067404
154|3.061552,-31.887909,2.557791|3.060685,-31.981426,2.593212,0.000095,0.000296,0.031385|3.060229,-31.974775,2.607331,0.002085,0.006520,0.067428
155|3.081562,-32.110279,1.929913|3.080628,-32.203647,1.965725,0.042639,0.132579,0.031797|3.080190,-32.197137,1.979468,0.039545,0.122973,0.067452
156|3.101572,-32.270700,1.292173|3.100569,-32.363898,1.328422,0.072571,0.224737,0.032226|3.100150,-32.357549,1.341743,0.068445,0.211974,0.067476
157|3.121583,-32.367594,0.647767|3.120509,-32.460604,0.684498,0.089383,0.276119,0.032669|3.120109,-32.454434,0.697353,0.084314,0.260470,0.067499
158|3.141593,-32.400000,0.000000|3.140446,-32.492803,0.037252,0.092888,0.286691,0.033121|3.140066,-32.486831,0.049603,0.086982,0.268463,0.067522
159|3.161603,-32.367594,-0.647767|3.160382,-32.460173,-0.609961,0.083032,0.256451,0.033574|3.160021,-32.454415,-0.598147,0.076406,0.235980,0.067545
160|3.181613,-32.270700,-1.292173|3.180315,-32.363040,-1.253788,0.059898,0.185424,0.034021|3.179974,-32.357511,-1.242535,0.052677,0.163063,0.067568
161|3.201623,-32.110279,-1.929913|3.200246,-32.202369,-1.890932,0.023705,0.073667,0.034457|3.199925,-32.197079,-1.880257,0.016018,0.049775,0.067590
162|3.221633,-31.887909,-2.557791|3.220174,-31.979740,-2.518204,0.025198,0.078733,0.034877|3.219873,-31.974698,-2.508116,0.033225,0.103802,0.067612
163|3.241643,-31.605742,-3.172771|3.240101,-31.697309,-3.132577,0.086344,0.271662,0.035276|3.239819,-31.692520,-3.123076,0.094589,0.297569,0.067635
164|3.261654,-31.266458,-3.772020|3.260025,-31.357758,-3.731222,0.159155,0.504982,0.035651|3.259761,-31.353224,-3.722303,0.167503,0.531406,0.067657
165|3.281664,-30.873199,-4.352946|3.279946,-30.964231,-4.311554,0.242958,0.778532,0.036002|3.279701,-30.959952,-4.303207,0.251305,0.805176,0.067680
166|3.301674,-30.429501,-4.913230|3.299865,-30.520266,-4.871256,0.337002,1.092132,0.036329|3.299637,-30.516241,-4.863469,0.345254,1.118722,0.067703
167|3.321684,-29.939219,-5.450850|3.319781,-30.029718,-5.408307,0.440473,1.445585,0.036631|3.319569,-30.025945,-5.401064,0.448546,1.471872,0.067725
168|3.341694,-29.406448,-5.964088|3.339694,-29.496685,-5.920992,0.552507,1.838676,0.036910|3.339498,-29.493160,-5.914277,0.560328,1.864434,0.067749
169|3.361704,-28.835447,-6.451545|3.359604,-28.925426,-6.407911,0.672214,2.271175,0.037166|3.359423,-28.922143,-6.401707,0.679718,2.296200,0.067772
170|3.381714,-28.230564,-6.912133|3.379510,-28.320286,-6.867976,0.798686,2.742836,0.037403|3.379345,-28.317243,-6.862267,0.805818,2.766943,0.067796
171|3.401725,-27.596163,-7.345071|3.399413,-27.685633,-7.300404,0.931014,3.253398,0.037621|3.399262,-27.682825,-7.295174,0.937729,3.276420,0.067820
172|3.421735,-26.936564,-7.749867|3.419312,-27.025784,-7.704704,1.068302,3.802587,0.037822|3.419174,-27.023208,-7.699939,1.074563,3.824371,0.067845
173|3.441745,-26.255983,-8.126305|3.439208,-26.344957,-8.080657,1.209679,4.390109,0.038007|3.439083,-26.342608,-8.076343,1.215455,4.410522,0.067870
174|3.461755,-25.558488,-8.474416|3.459099,-25.647216,-8.428294,1.354305,5.015661,0.038178|3.458987,-25.645092,-8.424419,1.359572,5.034581,0.067895
175|3.481765,-24.847952,-8.794459|3.478986,-24.936438,-8.747871,1.501383,5.678922,0.038335|3.478887,-24.934534,-8.744423,1.506123,5.696239,0.067921
176|3.501775,-24.128030,-9.086889|3.498869,-24.216273,-9.039845,1.650164,6.379556,0.038481|3.498782,-24.214588,-9.036813,1.654365,6.395174,0.067948
177|3.521785,-23.402127,-9.352338|3.518747,-23.490128,-9.304843,1.799949,7.117215,0.038615|3.518672,-23.488660,-9.302218,1.803604,7.131049,0.067975
178|3.541796,-22.673389,-9.591578|3.538621,-22.761149,-9.543639,1.950096,7.891534,0.038740|3.538558,-22.759896,-9.541413,1.953202,7.903510,0.068003
179|3.561806,-21.944694,-9.805505|3.558491,-22.032212,-9.757127,2.100020,8.702138,0.038855|3.558439,-22.031172,-9.755291,2.102579,8.712193,0.068031
180|3.581816,-21.218642,-9.995109|3.578356,-21.305918,-9.946294,2.249191,9.548634,0.038961|3.578315,-21.305090,-9.944843,2.251208,9.556714,0.068060
181|3.601826,-20.497566,-10.161451|3.598217,-20.584599,-10.112203,2.397137,10.430618,0.039059|3.598186,-20.583982,-10.111129,2.398621,10.436682,0.068090
182|3.621836,-19.783534,-10.305645|3.618073,-19.870321,-10.255966,2.543441,11.347675,0.039149|3.618053,-19.869916,-10.255264,2.544403,11.351687,0.068120
183|3.641846,-19.078359,-10.428838|3.637924,-19.164899,-10.378730,2.687737,12.299374,0.039233|3.637915,-19.164703,-10.378394,2.688193,12.301311,0.068151
184|3.661856,-18.383612,-10.532194|3.657772,-18.469902,-10.481656,2.829712,13.285273,0.039309|3.657772,-18.469917,-10.481682,2.829676,13.285120,0.068182
185|3.681867,-17.700637,-10.616877|3.677615,-17.786674,-10.565911,2.969097,14.304921,0.039380|3.677625,-17.786900,-10.566294,2.968589,14.302669,0.068214
186|3.701877,-17.030567,-10.684046|3.697454,-17.116348,-10.632649,3.105667,15.357851,0.039444|3.697473,-17.116785,-10.633386,3.104707,15.353501,0.068247
187|3.721887,-16.374339,-10.734836|3.717288,-16.459860,-10.683009,3.239239,16.443589,0.039502|3.717317,-16.460509,-10.684095,3.237848,16.437149,0.068280
188|3.741897,-15.732711,-10.770357|3.737119,-15.817969,-10.718097,3.369665,17.561648,0.039555|3.737156,-15.818830,-10.719529,3.367866,17.553133,0.068313
189|3.761907,-15.106280,-10.791683|3.756947,-15.191270,-10.738988,3.496830,18.711532,0.039603|3.756991,-15.192344,-10.740762,3.494648,18.700964,0.068347
190|3.781917,-14.495496,-10.799848|3.776771,-14.580214,-10.746716,3.620650,19.892736,0.039646|3.776822,-14.581502,-10.748828,3.618108,19.880141,0.068381
191|3.801927,-13.900679,-10.795844|3.796591,-13.985119,-10.742272,3.741066,21.104745,0.039685|3.796649,-13.986622,-10.744719,3.738190,21.090155,0.068415
192|3.821938,-13.322034,-10.780616|3.816409,-13.406191,-10.726601,3.858045,22.347035,0.039718|3.816472,-13.407910,-10.729379,3.854860,22.330485,0.068449
193|3.841948,-12.759662,-10.755061|3.836223,-12.843531,-10.700601,3.971571,23.619073,0.039748|3.836292,-12.845467,-10.703705,3.968104,23.600602,0.068483
194|3.861958,-12.213576,-10.720030|3.856036,-12.297152,-10.665119,4.081650,24.920320,0.039773|3.856108,-12.299306,-10.668547,4.077926,24.899970,0.068517
195|3.881968,-11.683714,-10.676322|3.875846,-11.766990,-10.620958,4.188300,26.250228,0.039795|3.875921,-11.769363,-10.624705,4.184345,26.228041,0.068550
196|3.901978,-11.169946,-10.624690|3.895654,-11.252916,-10.568869,4.291555,27.608242,0.039813|3.895731,-11.255508,-10.572930,4.287395,27.584261,0.068583
197|3.921988,-10.672083,-10.565839|3.915461,-10.754741,-10.509557,4.391459,28.993801,0.039828|3.915538,-10.757554,-10.513928,4.387119,28.968067,0.068615
198|3.941998,-10.189893,-10.500429|3.935267,-10.272232,-10.443682,4.488066,30.406336,0.039840|3.935343,-10.275267,-10.448358,4.483571,30.378891,0.068646
199|3.962009,-9.723101,-10.429074|3.955072,-9.805116,-10.371858,4.581437,31.845273,0.039850|3.955146,-9.808372,-10.376834,4.576812,31.816154,0.068675
200|3.982019,-9.271402,-10.352347|3.974877,-9.353084,-10.294658,4.671640,33.310033,0.039856|3.974947,-9.356563,-10.299929,4.666910,33.279274,0.068704
201|4.002029,-8.834463,-10.270780|3.994682,-8.915806,-10.212614,4.758749,34.800029,0.039861|3.994746,-8.919507,-10.218172,4.753936,34.767659,0.068730
202|4.022039,-8.411932,-10.184866|4.014488,-8.492929,-10.126218,4.842841,36.314673,0.039864|4.014544,-8.496852,-10.132058,4.837968,36.280714,0.068754
203|4.042049,-8.003439,-10.095060|4.034295,-8.084082,-10.035928,4.923996,37.853368,0.039866|4.034342,-8.088228,-10.042043,4.919084,37.817836,0.068776
204|4.062059,-7.608605,-10.001785|4.054103,-7.688888,-9.942164,5.002296,39.415516,0.039866|4.054139,-7.693255,-9.948546,4.997366,39.378418,0.068795
205|4.082069,-7.227043,-9.905429|4.073914,-7.306958,-9.845315,5.077824,41.000513,0.039866|4.073936,-7.311546,-9.851957,5.072897,40.961848,0.068810
206|4.102080,-6.858361,-9.806351|4.093727,-6.937900,-9.745742,5.150666,42.607751,0.039866|4.093734,-6.942708,-9.752634,5.145759,42.567507,0.068822
207|4.122090,-6.502165,-9.704881|4.113544,-6.581321,-9.643772,5.220906,44.236619,0.039867|4.113533,-6.586348,-9.650907,5.216038,44.194774,0.068829
208|4.142100,-6.158062,-9.601321|4.133364,-6.236828,-9.539710,5.288629,45.886500,0.039868|4.133333,-6.242072,-9.547078,5.283815,45.843022,0.068832
209|4.162110,-5.825662,-9.495950|4.153189,-5.904030,-9.433834,5.353917,47.556778,0.039871|4.153135,-5.909489,-9.441425,5.349173,47.511621,0.068829
210|4.182120,-5.504579,-9.389022|4.173018,-5.582543,-9.326399,5.416854,49.246830,0.039875|4.172940,-5.588214,-9.334203,5.412194,49.199937,0.068821
211|4.202130,-5.194432,-9.280771|4.192853,-5.271984,-9.217639,5.477521,50.956030,0.039882|4.192747,-5.277866,-9.225645,5.472957,50.907333,0.068807
212|4.222140,-4.894850,-9.171410|4.212695,-4.971983,-9.107767,5.535999,52.683750,0.039893|4.212558,-4.978070,-9.115964,5.531542,52.633168,0.068785
213|4.242151,-4.605465,-9.061134|4.232542,-4.682172,-8.996978,5.592364,54.429359,0.039907|4.232373,-4.688462,-9.005354,5.588025,54.376799,0.068756
214|4.262161,-4.325921,-8.950120|4.252397,-4.402195,-8.885450,5.646694,56.192222,0.039926|4.252193,-4.408685,-8.893994,5.642481,56.137578,0.068719
215|4.282171,-4.055869,-8.838531|4.272260,-4.131705,-8.773347,5.699064,57.971701,0.039950|4.272019,-4.138388,-8.782045,5.694983,57.914858,0.068673
216|4.302181,-3.794972,-8.726512|4.292131,-3.870362,-8.660814,5.749545,59.767155,0.039980|4.291850,-3.877235,-8.669654,5.745603,59.707987,0.068617
217|4.322191,-3.542901,-8.614199|4.312011,-3.617840,-8.547986,5.798208,61.577940,0.040018|4.311688,-3.624896,-8.556956,5.794409,61.516311,0.068551
218|4.342201,-3.299336,-8.501711|4.331901,-3.373818,-8.434984,5.845122,63.403407,0.040062|4.331533,-3.381052,-8.444070,5.841468,63.339173,0.068475
219|4.362211,-3.063970,-8.389159|4.351800,-3.137989,-8.321919,5.890352,65.242905,0.040116|4.351386,-3.145395,-8.331108,5.886846,65.175916,0.068386
220|4.382222,-2.836504,-8.276642|4.371711,-2.910055,-8.208891,5.933962,67.095780,0.040179|4.371248,-2.917627,-8.218169,5.930605,67.025878,0.068286
221|4.402232,-2.616649,-8.164248|4.391632,-2.689728,-8.095988,5.976015,68.961372,0.040252|4.391119,-2.697458,-8.105342,5.972805,68.888398,0.068172
222|4.422242,-2.404127,-8.052059|4.411565,-2.476730,-7.983292,6.016571,70.839018,0.040337|4.410999,-2.484610,-7.992709,6.013506,70.762809,0.068045
223|4.442252,-2.198671,-7.940146|4.431510,-2.270793,-7.870876,6.055686,72.728052,0.040434|4.430890,-2.278817,-7.880341,6.052763,72.648444,0.067903
224|4.462262,-2.000021,-7.828575|4.451468,-2.071660,-7.758805,6.093417,74.627800,0.040545|4.450793,-2.079818,-7.768306,6.090632,74.544633,0.067746
225|4.482272,-1.807928,-7.717403|4.471439,-1.879081,-7.647136,6.129818,76.537588,0.040670|4.470707,-1.887366,-7.656660,6.127166,76.450701,0.067574
226|4.502282,-1.622154,-7.606681|4.491424,-1.692817,-7.535923,6.164939,78.456733,0.040811|4.490634,-1.701221,-7.545457,6.162414,78.365973,0.067386
227|4.522293,-1.442466,-7.496455|4.511422,-1.512640,-7.425211,6.198831,80.384550,0.040968|4.510574,-1.521153,-7.434742,6.196427,80.289770,0.067182
228|4.542303,-1.268644,-7.386765|4.531435,-1.338327,-7.315041,6.231542,82.320346,0.041144|4.530527,-1.346940,-7.324558,6.229250,82.221406,0.066960
229|4.562313,-1.100475,-7.277647|4.551462,-1.169666,-7.205448,6.263118,84.263423,0.041339|4.550495,-1.178371,-7.214939,6.260930,84.160196,0.066721
230|4.582323,-0.937754,-7.169132|4.571504,-1.006453,-7.096465,6.293602,86.213079,0.041555|4.570477,-1.015240,-7.105919,6.291511,86.105447,0.066465
231|4.602333,-0.780284,-7.061246|4.591561,-0.848492,-6.988119,6.323039,88.168605,0.041792|4.590474,-0.857353,-6.997526,6.321035,88.056463,0.066190
232|4.622343,-0.627877,-6.954013|4.611634,-0.695596,-6.880433,6.351467,90.129284,0.042053|4.610487,-0.704521,-6.889783,6.349541,90.012543,0.065898
233|4.642353,-0.480350,-6.847453|4.631722,-0.547582,-6.773427,6.378927,92.094395,0.042339|4.630516,-0.556564,-6.782711,6.377070,91.972978,0.065588
234|4.662364,-0.337532,-6.741581|4.651825,-0.404280,-6.667118,6.405457,94.063211,0.042651|4.650561,-0.413309,-6.676329,6.403658,93.937056,0.065259
235|4.682374,-0.199253,-6.636412|4.671945,-0.265521,-6.561522,6.431092,96.034996,0.042991|4.670623,-0.274589,-6.570651,6.429343,95.904059,0.064913
236|4.702384,-0.065355,-6.531957|4.692080,-0.131147,-6.456648,6.455867,98.009009,0.043361|4.690702,-0.140246,-6.465690,6.454157,97.873261,0.064549
237|4.722394,0.064317,-6.428225|4.712231,-0.001004,-6.352507,6.479815,99.984502,0.043761|4.710797,-0.010126,-6.361455,6.478136,99.843931,0.064167
238|4.742404,0.189910,-6.325222|4.732398,0.125053,-6.249106,6.252863,98.039279,0.044195|4.730910,0.115916,-6.257954,6.269479,98.184672,0.063769
239|4.762414,0.311565,-6.222953|4.752580,0.247167,-6.146449,6.031025,96.063094,0.044663|4.751040,0.238021,-6.155195,6.047671,96.213291,0.063354
240|4.782424,0.429419,-6.121421|4.772778,0.365471,-6.044541,5.816071,94.087711,0.045168|4.771187,0.356323,-6.053179,5.832723,94.242679,0.062923
241|4.802435,0.543601,-6.020628|4.792992,0.480095,-5.943382,5.607770,92.113904,0.045712|4.791351,0.470952,-5.951910,5.624408,92.273595,0.062477
242|4.822445,0.654237,-5.920573|4.813221,0.591163,-5.842973,5.405899,90.142451,0.046296|4.811532,0.582031,-5.851389,5.422504,90.306806,0.062016
243|4.842455,0.761446,-5.821255|4.833465,0.698795,-5.743313,5.210248,88.174139,0.046924|4.831730,0.689679,-5.751616,5.226800,88.343084,0.061542
244|4.862465,0.865342,-5.722670|4.853724,0.803105,-5.644399,5.020611,86.209756,0.047597|4.851944,0.794009,-5.652588,5.037093,86.383207,0.061054
245|4.882475,0.966037,-5.624817|4.873997,0.904201,-5.546228,4.836793,84.250099,0.048317|4.872175,0.895131,-5.554302,4.853191,84.427960,0.060555
246|4.902485,1.063637,-5.527688|4.894285,1.002189,-5.448795,4.658607,82.295969,0.049088|4.892422,0.993149,-5.456756,4.674905,82.478133,0.060044
247|4.922495,1.158241,-5.431280|4.914586,1.097170,-5.352095,4.485872,80.348168,0.049912|4.912684,1.088163,-5.359943,4.502057,80.534521,0.059523
248|4.942506,1.249949,-5.335586|4.934901,1.189240,-5.256122,4.318416,78.407507,0.050791|4.932962,1.180270,-5.263858,4.334476,78.597923,0.058993
249|4.962516,1.338852,-5.240598|4.955228,1.278493,-5.160869,4.156073,76.474795,0.051729|4.953255,1.269562,-5.168495,4.171997,76.669143,0.058455
250|4.982526,1.425042,-5.146309|4.975569,1.365016,-5.066329,3.998683,74.550848,0.052729|4.973562,1.356128,-5.073846,4.014462,74.748986,0.057910
251|5.002536,1.508603,-5.052711|4.995921,1.448895,-4.972492,3.846094,72.636480,0.053794|4.993883,1.440053,-4.979903,3.861718,72.838261,0.057359
252|5.022546,1.589618,-4.959794|5.016285,1.530213,-4.879352,3.698158,70.732509,0.054927|5.014218,1.521418,-4.886659,3.713619,70.937778,0.056802
253|5.042556,1.668167,-4.867550|5.036660,1.609047,-4.786897,3.554735,68.839754,0.056132|5.034565,1.600302,-4.794104,3.570026,69.048347,0.056242
254|5.062567,1.744325,-4.775968|5.057045,1.685474,-4.695120,3.415690,66.959032,0.057413|5.054925,1.676780,-4.702228,3.430804,67.170779,0.055678
255|5.082577,1.818166,-4.685040|5.077440,1.759565,-4.604009,3.280892,65.091160,0.058773|5.075297,1.750925,-4.611022,3.295824,65.305884,0.055113
256|5.102587,1.889758,-4.594753|5.097845,1.831390,-4.513555,3.150215,63.236956,0.060218|5.095679,1.822805,-4.520475,3.164959,63.454471,0.054546
257|5.122597,1.959170,-4.505099|5.118259,1.901015,-4.423748,3.023542,61.397231,0.061751|5.116073,1.892488,-4.430578,3.038093,61.617345,0.053979
258|5.142607,2.026466,-4.416065|5.138681,1.968505,-4.334576,2.900754,59.572798,0.063378|5.136476,1.960037,-4.341318,2.915108,59.795309,0.053412
259|5.162617,2.091708,-4.327642|5.159110,2.033922,-4.246029,2.781743,57.764464,0.065102|5.156890,2.025514,-4.252686,2.795894,57.989162,0.052847
260|5.182627,2.154954,-4.239818|5.179547,2.097323,-4.158095,2.666401,55.973031,0.066930|5.177312,2.088978,-4.164670,2.680346,56.199697,0.052284
261|5.202638,2.216263,-4.152581|5.199990,2.158767,-4.070763,2.554625,54.199296,0.068866|5.197743,2.150487,-4.077258,2.568360,54.427703,0.051723
262|5.222648,2.275689,-4.065920|5.220439,2.218307,-3.984022,2.446318,52.444052,0.070918|5.218181,2.210094,-3.990439,2.459838,52.673962,0.051167
263|5.242658,2.333284,-3.979824|5.240893,2.275995,-3.897860,2.341385,50.708084,0.073089|5.238627,2.267852,-3.904202,2.354686,50.939249,0.050614
264|5.262668,2.389099,-3.894280|5.261351,2.331882,-3.812267,2.239734,48.992169,0.075388|5.259080,2.323812,-3.818533,2.252813,49.224333,0.050066
265|5.282678,2.443182,-3.809278|5.281814,2.386016,-3.727229,2.141278,47.297076,0.077821|5.279539,2.378021,-3.733422,2.154131,47.529973,0.049523
266|5.302688,2.495580,-3.724806|5.302281,2.438444,-3.642736,2.045932,45.623567,0.080395|5.300004,2.430528,-3.648857,2.058555,45.856919,0.048985
267|5.322698,2.546337,-3.640851|5.322750,2.489210,-3.558775,1.953617,43.972391,0.083117|5.320474,2.481375,-3.564825,1.966005,44.205914,0.048454
268|5.342709,2.595496,-3.557403|5.343222,2.538356,-3.475336,1.864254,42.344291,0.085996|5.340949,2.530607,-3.481315,1.876403,42.577688,0.047930
269|5.362719,2.643099,-3.474449|5.363696,2.585924,-3.392406,1.777768,40.739997,0.089039|5.361428,2.578265,-3.398314,1.789674,40.972964,0.047412
270|5.382729,2.689185,-3.391978|5.384171,2.631954,-3.309974,1.694088,39.160227,0.092255|5.381911,2.624388,-3.315811,1.705746,39.392450,0.046901
271|5.402739,2.733792,-3.309977|5.404647,2.676482,-3.228028,1.613143,37.605688,0.095653|5.402398,2.669015,-3.233793,1.624550,37.836847,0.046398
272|5.422749,2.776955,-3.228436|5.425123,2.719547,-3.146556,1.534869,36.077074,0.099243|5.422888,2.712183,-3.152248,1.546018,36.306841,0.045903
273|5.442759,2.818711,-3.147342|5.445599,2.761182,-3.065547,1.459200,34.575067,0.103035|5.443380,2.753925,-3.071165,1.470088,34.803106,0.045415
274|5.462769,2.859092,-3.066684|5.466074,2.801421,-2.984989,1.386075,33.100335,0.107039|5.463874,2.794277,-2.990532,1.396697,33.326306,0.044936
275|5.482780,2.898130,-2.986451|5.486548,2.840296,-2.904871,1.315436,31.653530,0.111266|5.484370,2.833271,-2.910337,1.325787,31.877090,0.044465
276|5.502790,2.935857,-2.906630|5.507020,2.877840,-2.825181,1.247225,30.235292,0.115727|5.504868,2.870939,-2.830567,1.257300,30.456092,0.044002
277|5.522800,2.972302,-2.827211|5.527491,2.914080,-2.745908,1.181389,28.846246,0.120434|5.525366,2.907309,-2.751212,1.191183,29.063935,0.043548
278|5.542810,3.007493,-2.748181|5.547959,2.949046,-2.667040,1.117874,27.487000,0.125400|5.545865,2.942411,-2.672259,1.127383,27.701227,0.043102
279|5.562820,3.041458,-2.669531|5.568424,2.982765,-2.588567,1.056631,26.158148,0.130638|5.566365,2.976272,-2.593697,1.065849,26.368562,0.042664
280|5.582830,3.074222,-2.591248|5.588886,3.015264,-2.510476,0.997612,24.860266,0.136161|5.586864,3.008919,-2.515514,1.006534,25.066517,0.042236
281|5.602840,3.105810,-2.513321|5.609345,3.046568,-2.432758,0.940769,23.593916,0.141982|5.607363,3.040377,-2.437700,0.949392,23.795658,0.041816
282|5.622851,3.136246,-2.435739|5.629800,3.076700,-2.355400,0.886059,22.359643,0.148117|5.627861,3.070671,-2.360241,0.894377,22.556532,0.041404
283|5.642861,3.165553,-2.358491|5.650250,3.105685,-2.278392,0.833439,21.157974,0.154581|5.648358,3.099823,-2.283128,0.841449,21.349674,0.041001
284|5.662871,3.193753,-2.281566|5.670696,3.133544,-2.201723,0.782868,19.989420,0.161388|5.668853,3.127857,-2.206349,0.790565,20.175600,0.040607
285|5.682881,3.220867,-2.204953|5.691137,3.160299,-2.125382,0.734307,18.854473,0.168555|5.689347,3.154793,-2.129892,0.741688,19.034811,0.040221
286|5.702891,3.246914,-2.128641|5.711573,3.185969,-2.049359,0.687720,17.753611,0.176099|5.709839,3.180651,-2.053746,0.694779,17.927794,0.039843
287|5.722901,3.271914,-2.052620|5.732004,3.210575,-1.973641,0.643069,16.687290,0.184037|5.730328,3.205452,-1.977901,0.649804,16.855016,0.039474
288|5.742911,3.295884,-1.976878|5.752430,3.234135,-1.898220,0.600321,15.655952,0.192386|5.750815,3.229214,-1.902346,0.606728,15.816931,0.039113
289|5.762922,3.318843,-1.901405|5.772849,3.256668,-1.823084,0.559442,14.660020,0.201164|5.771299,3.251954,-1.827069,0.565520,14.813974,0.038761
290|5.782932,3.340806,-1.826191|5.793262,3.278189,-1.748222,0.520403,13.699897,0.210391|5.791780,3.273690,-1.752060,0.526147,13.846564,0.038417
291|5.802942,3.361789,-1.751224|5.813670,3.298715,-1.673625,0.483173,12.775971,0.220084|5.812258,3.294437,-1.677307,0.488581,12.915102,0.038080
292|5.822952,3.381807,-1.676495|5.834071,3.318262,-1.599282,0.447723,11.888610,0.230263|5.832732,3.314211,-1.602801,0.452793,12.019973,0.037752
293|5.842962,3.400875,-1.601993|5.854465,3.336844,-1.525182,0.414027,11.038164,0.240949|5.853202,3.333028,-1.528531,0.418757,11.161544,0.037431
294|5.862972,3.419006,-1.527708|5.874852,3.354475,-1.451316,0.382059,10.224966,0.252161|5.873667,3.350899,-1.454486,0.386448,10.340164,0.037118
295|5.882982,3.436212,-1.453629|5.895233,3.371169,-1.377672,0.351795,9.449329,0.263919|5.894129,3.367839,-1.380655,0.355841,9.556166,0.036813
296|5.902993,3.452505,-1.379746|5.915607,3.386938,-1.304242,0.323211,8.711548,0.276245|5.914585,3.383860,-1.307028,0.326914,8.809863,0.036515
297|5.923003,3.467898,-1.306050|5.935974,3.401794,-1.231014,0.296287,8.011902,0.289159|5.935037,3.398974,-1.233595,0.299646,8.101553,0.036225
298|5.943013,3.482399,-1.232529|5.956333,3.415749,-1.157978,0.271000,7.350648,0.302682|5.955483,3.413192,-1.160346,0.274015,7.431514,0.035942
299|5.963023,3.496020,-1.159174|5.976685,3.428812,-1.085126,0.247332,6.728029,0.316836|5.975925,3.426524,-1.087270,0.250004,6.800006,0.035666
300|5.983033,3.508770,-1.085975|5.997030,3.440995,-1.012446,0.225265,6.144266,0.331641|5.996360,3.438980,-1.014356,0.227594,6.207272,0.035397
301|6.003043,3.520658,-1.012922|6.017367,3.452306,-0.939929,0.204781,5.599565,0.347119|6.016790,3.450568,-0.941595,0.206769,5.653538,0.035136
302|6.023053,3.531691,-0.940005|6.037697,3.462753,-0.867564,0.185865,5.094111,0.363291|6.037214,3.461298,-0.868977,0.187513,5.139009,0.034881
303|6.043064,3.541877,-0.867213|6.058019,3.472346,-0.795342,0.168501,4.628073,0.380177|6.057631,3.471178,-0.796491,0.169811,4.663875,0.034632
304|6.063074,3.551223,-0.794539|6.078333,3.481092,-0.723254,0.152676,4.201603,0.397798|6.078042,3.480214,-0.724128,0.153651,4.228305,0.034390
305|6.083084,3.559736,-0.721970|6.098640,3.488997,-0.651288,0.138378,3.814831,0.416174|6.098447,3.488413,-0.651877,0.139020,3.832453,0.034155
306|6.103094,3.567421,-0.649498|6.118939,3.496068,-0.579436,0.125595,3.467875,0.435325|6.118844,3.495781,-0.579728,0.125906,3.476451,0.033926
307|6.123104,3.574283,-0.577113|6.139230,3.502311,-0.507687,0.114315,3.160830,0.455269|6.139235,3.502325,-0.507672,0.114300,3.160417,0.033704
308|6.143114,3.580327,-0.504806|6.159514,3.507731,-0.436032,0.104531,2.893778,0.476026|6.159618,3.508048,-0.435699,0.104193,2.884448,0.033487
309|6.163124,3.585556,-0.432565|6.179789,3.512333,-0.364460,0.096232,2.666779,0.497611|6.179994,3.512955,-0.363798,0.095576,2.648625,0.033277
310|6.183135,3.589976,-0.360383|6.200057,3.516121,-0.292963,0.089413,2.479879,0.520043|6.200363,3.517050,-0.291959,0.088443,2.453009,0.033072
311|6.203145,3.593588,-0.288249|6.220317,3.519098,-0.221531,0.084066,2.333107,0.543336|6.220723,3.520336,-0.220174,0.082787,2.297644,0.032873
312|6.223155,3.596395,-0.216153|6.240569,3.521268,-0.150153,0.080185,2.226473,0.567505|6.241076,3.522816,-0.148432,0.078603,2.182558,0.032680
313|6.243165,3.598398,-0.144086|6.260814,3.522633,-0.078820,0.077768,2.159970,0.592563|6.261420,3.524492,-0.076722,0.075887,2.107758,0.032493
314|6.263175,3.599600,-0.072038|6.281050,3.523195,-0.007522,0.076809,2.133576,0.618522|6.281757,3.525365,-0.005036,0.074637,2.073236,0.032311
