OneBody1_E-0.1_ecc0.0_RK4.txt
initial value : [x, y, v_x, v_y] = [30.00,0.00,0.00,0.55] , numerical interval dt = 0.02000 , [M, m] = [ 9, 1]

num|given_position|geodesic|newtonian
num| degree1, x1, y1 | degree2, x2, y2, simple error, relative error, d(rho) | degree2, x2, y2, simple error, relative error, dt
  1|0.000000,30.000000,0.000000|0.003333,29.999833,0.100000,0.000167,0.000556,0.182574|0.003333,29.999833,0.100000,0.000167,0.000556,0.182574
  2|0.020010,29.993994,0.600264|0.023343,29.993494,0.700263,0.006506,0.021686,0.182578|0.023343,29.993494,0.700263,0.006506,0.021686,0.182579
  3|0.040020,29.975979,1.200288|0.043352,29.975146,1.300285,0.024854,0.082848,0.182588|0.043352,29.975146,1.300285,0.024854,0.082848,0.182595
  4|0.060030,29.945961,1.799832|0.063359,29.944795,1.899825,0.055205,0.184016,0.182606|0.063359,29.944795,1.899825,0.055205,0.184016,0.182620
  5|0.080041,29.903954,2.398654|0.083366,29.902455,2.498643,0.097545,0.325150,0.182631|0.083366,29.902455,2.498643,0.097545,0.325151,0.182655
  6|0.100051,29.849973,2.996517|0.103372,29.848142,3.096500,0.151858,0.506194,0.182663|0.103372,29.848141,3.096500,0.151859,0.506196,0.182701
  7|0.120061,29.784040,3.593179|0.123377,29.781877,3.693156,0.218123,0.727076,0.182702|0.123377,29.781876,3.693156,0.218124,0.727079,0.182757
  8|0.140071,29.706183,4.188403|0.143381,29.703688,4.288372,0.296312,0.987706,0.182748|0.143381,29.703686,4.288372,0.296314,0.987712,0.182823
  9|0.160081,29.616431,4.781950|0.163384,29.613606,4.881910,0.386394,1.287982,0.182801|0.163384,29.613603,4.881910,0.386397,1.287990,0.182899
 10|0.180091,29.514820,5.373582|0.183386,29.511665,5.473532,0.488335,1.627782,0.182862|0.183386,29.511662,5.473532,0.488338,1.627794,0.182986
 11|0.200101,29.401393,5.963063|0.203388,29.397909,6.063002,0.602091,2.006971,0.182929|0.203388,29.397904,6.063002,0.602096,2.006988,0.183083
 12|0.220112,29.276193,6.550156|0.223388,29.272381,6.650083,0.727619,2.425397,0.183004|0.223388,29.272374,6.650083,0.727626,2.425420,0.183190
 13|0.240122,29.139271,7.134626|0.243387,29.135132,7.234540,0.864868,2.882893,0.183085|0.243387,29.135123,7.234540,0.864877,2.882924,0.183307
 14|0.260132,28.990682,7.716240|0.263386,28.986218,7.816140,1.013782,3.379275,0.183174|0.263386,28.986206,7.816140,1.013794,3.379315,0.183435
 15|0.280142,28.830485,8.294764|0.283383,28.825696,8.394649,1.174304,3.914345,0.183269|0.283383,28.825681,8.394649,1.174319,3.914395,0.183572
 16|0.300152,28.658745,8.869967|0.303380,28.653633,8.969836,1.346367,4.487890,0.183372|0.303380,28.653615,8.969835,1.346385,4.487952,0.183721
 17|0.320162,28.475530,9.441619|0.323376,28.470096,9.541471,1.529904,5.099678,0.183482|0.323376,28.470074,9.541470,1.529926,5.099754,0.183880
 18|0.340172,28.280914,10.009490|0.343371,28.275160,10.109324,1.724840,5.749467,0.183598|0.343371,28.275133,10.109323,1.724867,5.749557,0.184049
 19|0.360183,28.074975,10.573354|0.363364,28.068902,10.673169,1.931098,6.436994,0.183722|0.363365,28.068869,10.673167,1.931131,6.437102,0.184229
 20|0.380193,27.857794,11.132984|0.383357,27.851404,11.232779,2.148596,7.161986,0.183853|0.383358,27.851366,11.232777,2.148634,7.162114,0.184419
 21|0.400203,27.629459,11.688156|0.403350,27.622754,11.787931,2.377246,7.924152,0.183990|0.403350,27.622710,11.787928,2.377290,7.924301,0.184620
 22|0.420213,27.390062,12.238649|0.423341,27.383044,12.338402,2.616956,8.723188,0.184135|0.423341,27.382992,12.338399,2.617008,8.723360,0.184831
 23|0.440223,27.139697,12.784241|0.443331,27.132368,12.883972,2.867632,9.558772,0.184286|0.443332,27.132309,12.883968,2.867691,9.558971,0.185054
 24|0.460233,26.878467,13.324715|0.463320,26.870829,13.424423,3.129171,10.430571,0.184445|0.463321,26.870761,13.424417,3.129239,10.430798,0.185287
 25|0.480243,26.606474,13.859853|0.483309,26.598529,13.959537,3.401471,11.338236,0.184610|0.483310,26.598452,13.959531,3.401548,11.338494,0.185530
 26|0.500254,26.323828,14.389443|0.503296,26.315579,14.489102,3.684421,12.281404,0.184782|0.503297,26.315491,14.489094,3.684509,12.281695,0.185785
 27|0.520264,26.030643,14.913270|0.523283,26.022091,15.012904,3.977909,13.259696,0.184961|0.523284,26.021993,15.012895,3.978007,13.260024,0.186051
 28|0.540274,25.727035,15.431127|0.543269,25.718183,15.530734,4.281817,14.272722,0.185147|0.543270,25.718073,15.530725,4.281927,14.273089,0.186327
 29|0.560284,25.413126,15.942805|0.563253,25.403977,16.042386,4.596023,15.320076,0.185340|0.563255,25.403855,16.042374,4.596145,15.320484,0.186615
 30|0.580294,25.089042,16.448100|0.583237,25.079598,16.547653,4.920402,16.401339,0.185539|0.583240,25.079463,16.547640,4.920537,16.401791,0.186914
 31|0.600304,24.754912,16.946809|0.603220,24.745177,17.046334,5.254823,17.516077,0.185745|0.603223,24.745027,17.046319,5.254973,17.516577,0.187224
 32|0.620314,24.410871,17.438732|0.623203,24.400847,17.538229,5.599153,18.663844,0.185958|0.623205,24.400681,17.538212,5.599319,18.664395,0.187545
 33|0.640325,24.057056,17.923674|0.643184,24.046745,18.023141,5.953255,19.844182,0.186178|0.643187,24.046564,18.023122,5.953436,19.844787,0.187878
 34|0.660335,23.693608,18.401438|0.663164,23.683015,18.500876,6.316985,21.056618,0.186404|0.663168,23.682816,18.500854,6.317184,21.057279,0.188222
 35|0.680345,23.320674,18.871835|0.683144,23.309800,18.971242,6.690200,22.300665,0.186637|0.683148,23.309584,18.971218,6.690416,22.301386,0.188578
 36|0.700355,22.938402,19.334676|0.703122,22.927252,19.434053,7.072748,23.575827,0.186876|0.703127,22.927017,19.434026,7.072983,23.576611,0.188945
 37|0.720365,22.546946,19.789775|0.723100,22.535522,19.889121,7.464478,24.881592,0.187122|0.723105,22.535267,19.889091,7.464733,24.882442,0.189325
 38|0.740375,22.146463,20.236951|0.743077,22.134768,20.336265,7.865232,26.217439,0.187375|0.743082,22.134492,20.336232,7.865508,26.218358,0.189716
 39|0.760385,21.737112,20.676024|0.763053,21.725151,20.775306,8.274849,27.582831,0.187634|0.763059,21.724853,20.775270,8.275147,27.583824,0.190118
 40|0.780396,21.319057,21.106819|0.783028,21.306833,21.206069,8.693167,28.977223,0.187900|0.783035,21.306512,21.206029,8.693488,28.978292,0.190533
 41|0.800406,20.892467,21.529162|0.803002,20.879983,21.628380,9.120017,30.400057,0.188171|0.803009,20.879639,21.628336,9.120361,30.401204,0.190961
 42|0.820416,20.457512,21.942885|0.822976,20.444772,22.042071,9.555228,31.850762,0.188450|0.822984,20.444402,22.042022,9.555598,31.851992,0.191400
 43|0.840426,20.014365,22.347823|0.842948,20.001373,22.446975,9.998627,33.328758,0.188734|0.842957,20.000978,22.446923,9.999022,33.330074,0.191852
 44|0.860436,19.563205,22.743813|0.862920,19.549964,22.842932,10.450036,34.833453,0.189025|0.862929,19.549543,22.842875,10.450457,34.834858,0.192316
 45|0.880446,19.104212,23.130696|0.882891,19.090727,23.229782,10.909273,36.364244,0.189322|0.882901,19.090277,23.229720,10.909723,36.365743,0.192793
 46|0.900456,18.637570,23.508318|0.902861,18.623844,23.607371,11.376156,37.920520,0.189626|0.902872,18.623366,23.607304,11.376634,37.922114,0.193282
 47|0.920467,18.163465,23.876527|0.922830,18.149503,23.975547,11.850497,39.501657,0.189935|0.922842,18.148995,23.975475,11.851005,39.503350,0.193784
 48|0.940477,17.682088,24.235176|0.942798,17.667894,24.334164,12.332106,41.107021,0.190251|0.942811,17.667355,24.334085,12.332645,41.108816,0.194300
 49|0.960487,17.193631,24.584122|0.962766,17.179209,24.683077,12.820791,42.735970,0.190572|0.962780,17.178639,24.682992,12.821361,42.737871,0.194828
 50|0.980497,16.698290,24.923224|0.982732,16.683644,25.022146,13.316356,44.387853,0.190900|0.982747,16.683042,25.022055,13.316958,44.389862,0.195369
 51|1.000507,16.196263,25.252348|1.002698,16.181398,25.351237,13.818602,46.062007,0.191233|1.002714,16.180762,25.351139,13.819238,46.064127,0.195924
 52|1.020517,15.687751,25.571360|1.022663,15.672672,25.670217,14.327328,47.757762,0.191572|1.022681,15.672001,25.670112,14.327999,47.759996,0.196493
 53|1.040528,15.172958,25.880134|1.042628,15.157668,25.978958,14.842332,49.474439,0.191917|1.042646,15.156963,25.978847,14.843037,49.476791,0.197075
 54|1.060538,14.652090,26.178546|1.062591,14.636595,26.277338,15.363405,51.211351,0.192268|1.062611,14.635853,26.277219,15.364147,51.213823,0.197671
 55|1.080548,14.125355,26.466476|1.082554,14.109659,26.565236,15.890341,52.967803,0.192624|1.082575,14.108881,26.565110,15.891119,52.970397,0.198280
 56|1.100558,13.592964,26.743809|1.102516,13.577072,26.842538,16.422928,54.743092,0.192986|1.102538,13.576257,26.842403,16.423743,54.745810,0.198904
 57|1.120568,13.055131,27.010434|1.122477,13.039048,27.109132,16.960952,56.536506,0.193353|1.122501,13.038195,27.108989,16.961805,56.539351,0.199542
 58|1.140578,12.512071,27.266244|1.142438,12.495802,27.364912,17.504198,58.347327,0.193726|1.142463,12.494909,27.364761,17.505091,58.350302,0.200194
 59|1.160588,11.964001,27.511137|1.162397,11.947551,27.609775,18.052449,60.174831,0.194104|1.162424,11.946619,27.609615,18.053381,60.177938,0.200861
 60|1.180599,11.411141,27.745015|1.182356,11.394514,27.843623,18.605486,62.018285,0.194487|1.182384,11.393542,27.843454,18.606458,62.021526,0.201543
 61|1.200609,10.853712,27.967784|1.202315,10.836914,28.066363,19.163086,63.876953,0.194876|1.202344,10.835902,28.066185,19.164098,63.880328,0.202239
 62|1.220619,10.291937,28.179355|1.222272,10.274974,28.277905,19.725026,65.750088,0.195269|1.222303,10.273920,28.277718,19.726080,65.753601,0.202951
 63|1.240629,9.726041,28.379643|1.242229,9.708917,28.478166,20.291083,67.636942,0.195667|1.242261,9.707822,28.477969,20.292178,67.640593,0.203677
 64|1.260639,9.156251,28.568568|1.262185,9.138972,28.667064,20.861028,69.536760,0.196071|1.262219,9.137835,28.666857,20.862165,69.540549,0.204419
 65|1.280649,8.582795,28.746054|1.282141,8.565366,28.844524,21.434634,71.448779,0.196479|1.282176,8.564187,28.844308,21.435813,71.452709,0.205176
 66|1.300659,8.005903,28.912031|1.302095,7.988329,29.010475,22.011671,73.372235,0.196891|1.302132,7.987108,29.010249,22.012892,73.376305,0.205950
 67|1.320670,7.425805,29.066431|1.322049,7.408093,29.164850,22.591907,75.306358,0.197309|1.322088,7.406829,29.164614,22.593171,75.310569,0.206739
 68|1.340680,6.842733,29.209194|1.342003,6.824888,29.307589,23.175112,77.250373,0.197730|1.342043,6.823582,29.307343,23.176418,77.254725,0.207543
 69|1.360690,6.256922,29.340261|1.361956,6.238949,29.438633,23.761051,79.203502,0.198156|1.361998,6.237602,29.438377,23.762398,79.207995,0.208365
 70|1.380700,5.668606,29.459581|1.381908,5.650511,29.557930,24.349489,81.164962,0.198587|1.381952,5.649121,29.557664,24.350879,81.169595,0.209202
 71|1.400710,5.078020,29.567105|1.401860,5.059809,29.665433,24.940191,83.133969,0.199021|1.401905,5.058378,29.665157,24.941622,83.138742,0.210056
 72|1.420720,4.485401,29.662791|1.421811,4.467080,29.761099,25.532920,85.109734,0.199459|1.421858,4.465607,29.760813,25.534393,85.114644,0.210927
 73|1.440730,3.890986,29.746600|1.441761,3.872560,29.844888,26.127440,87.091466,0.199901|1.441810,3.871046,29.844592,26.128954,87.096512,0.211815
 74|1.460741,3.295013,29.818499|1.461711,3.276489,29.916768,26.723511,89.078371,0.200347|1.461761,3.274934,29.916463,26.725066,89.083552,0.212719
 75|1.480751,2.697720,29.878459|1.481660,2.679104,29.976711,27.320896,91.069653,0.200797|1.481712,2.677510,29.976395,27.322490,91.074967,0.213641
 76|1.500761,2.099348,29.926455|1.501609,2.080645,30.024691,27.919355,93.064516,0.201250|1.501663,2.079012,30.024366,27.920988,93.069959,0.214580
 77|1.520771,1.500135,29.962470|1.521557,1.481352,30.060690,28.518648,95.062161,0.201706|1.521612,1.479681,30.060356,28.520319,95.067730,0.215537
 78|1.540781,0.900321,29.986487|1.541505,0.881464,30.084693,29.118536,97.061788,0.202166|1.541562,0.879757,30.084350,29.120243,97.067478,0.216512
 79|1.560791,0.300147,29.998498|1.561453,0.281221,30.096691,29.718779,99.062595,0.202628|1.561510,0.279479,30.096339,29.720521,99.068404,0.217504
 80|1.580801,-0.300147,29.998498|1.581400,-0.319135,30.096679,29.680865,98.936217,0.203094|1.581459,-0.320911,30.096319,29.679089,98.930296,0.218515
 81|1.600812,-0.900321,29.986487|1.601346,-0.919365,30.084657,29.080635,96.935451,0.203562|1.601407,-0.921173,30.084289,29.078827,96.929422,0.219543
 82|1.620822,-1.500135,29.962470|1.621292,-1.519228,30.060630,28.480772,94.935907,0.204033|1.621354,-1.521067,30.060255,28.478933,94.929777,0.220590
 83|1.640832,-2.099348,29.926455|1.641238,-2.118484,30.024607,27.881516,92.938387,0.204506|1.641301,-2.120352,30.024225,27.879648,92.932161,0.221655
 84|1.660842,-2.697720,29.878459|1.661183,-2.716893,29.976604,27.283107,90.943690,0.204981|1.661247,-2.718787,29.976215,27.281213,90.937376,0.222739
 85|1.680852,-3.295013,29.818499|1.681128,-3.314216,29.916638,26.685784,88.952614,0.205458|1.681193,-3.316134,29.916243,26.683866,88.946220,0.223842
 86|1.700862,-3.890986,29.746600|1.701073,-3.910213,29.844735,26.089787,86.965958,0.205938|1.701138,-3.912152,29.844335,26.087848,86.959492,0.224963
 87|1.720872,-4.485401,29.662791|1.721017,-4.504645,29.760922,25.495355,84.984516,0.206419|1.721083,-4.506604,29.760518,25.493396,84.977988,0.226103
 88|1.740883,-5.078020,29.567105|1.740961,-5.097275,29.665234,24.902725,83.009082,0.206901|1.741028,-5.099250,29.664826,24.900750,83.002501,0.227263
 89|1.760893,-5.668606,29.459581|1.760905,-5.687866,29.557709,24.312134,81.040448,0.207385|1.760972,-5.689853,29.557298,24.310147,81.033824,0.228441
 90|1.780903,-6.256922,29.340261|1.780849,-6.276180,29.438389,23.723820,79.079400,0.207871|1.780916,-6.278176,29.437976,23.721824,79.072746,0.229638
 91|1.800913,-6.842733,29.209194|1.800792,-6.861982,29.307324,23.138018,77.126725,0.208357|1.800860,-6.863984,29.306910,23.136016,77.120053,0.230855
 92|1.820923,-7.425805,29.066431|1.820735,-7.445039,29.164564,22.554961,75.183205,0.208844|1.820803,-7.447042,29.164150,22.552958,75.176527,0.232090
 93|1.840933,-8.005903,28.912031|1.840678,-8.025115,29.010168,21.974885,73.249617,0.209331|1.840746,-8.027115,29.009755,21.972885,73.242949,0.233345
 94|1.860943,-8.582795,28.746054|1.860621,-8.601979,28.844197,21.398021,71.326737,0.209819|1.860689,-8.603973,28.843786,21.396027,71.320091,0.234619
 95|1.880954,-9.156251,28.568568|1.880564,-9.175400,28.666717,20.824600,69.415333,0.210307|1.880631,-9.177382,28.666310,20.822618,69.408727,0.235912
 96|1.900964,-9.726041,28.379643|1.900507,-9.745148,28.477800,20.254852,67.516172,0.210795|1.900573,-9.747113,28.477397,20.252887,67.509622,0.237224
 97|1.920974,-10.291937,28.179355|1.920450,-10.310996,28.277522,19.689004,65.630013,0.211283|1.920515,-10.312939,28.277125,19.687061,65.623538,0.238554
 98|1.940984,-10.853712,27.967784|1.940393,-10.872716,28.065962,19.127284,63.757613,0.211770|1.940457,-10.874631,28.065571,19.125369,63.751230,0.239904
 99|1.960994,-11.411141,27.745015|1.960335,-11.430084,27.843205,18.569916,61.899721,0.212256|1.960398,-11.431965,27.842823,18.568035,61.893451,0.241272
100|1.981004,-11.964001,27.511137|1.980278,-11.982876,27.609340,18.017124,60.057081,0.212742|1.980339,-11.984717,27.608968,18.015283,60.050944,0.242658
101|2.001014,-12.512071,27.266244|2.000221,-12.530871,27.364461,17.469129,58.230430,0.213226|2.000280,-12.532665,27.364101,17.467335,58.224449,0.244063
102|2.021025,-13.055131,27.010434|2.020164,-13.073850,27.108666,16.926150,56.420500,0.213710|2.020221,-13.075590,27.108319,16.924410,56.414698,0.245485
103|2.041035,-13.592964,26.743809|2.040107,-13.611595,26.842058,16.388405,54.628017,0.214191|2.040162,-13.613275,26.841725,16.386725,54.622418,0.246924
104|2.061045,-14.125355,26.466476|2.060051,-14.143891,26.564743,15.856109,52.853697,0.214671|2.060103,-14.145502,26.564425,15.854498,52.848327,0.248381
105|2.081055,-14.652090,26.178546|2.079994,-14.670525,26.276832,15.329475,51.098251,0.215148|2.080044,-14.672059,26.276532,15.327941,51.093137,0.249854
106|2.101065,-15.172958,25.880134|2.099938,-15.191285,25.978440,14.808715,49.362383,0.215624|2.099985,-15.192734,25.978159,14.807266,49.357553,0.251343
107|2.121075,-15.687751,25.571360|2.119883,-15.705964,25.669688,14.294036,47.646786,0.216096|2.119925,-15.707319,25.669427,14.292681,47.642270,0.252848
108|2.141085,-16.196263,25.252348|2.139827,-16.214355,25.350697,13.785645,45.952149,0.216566|2.139866,-16.215607,25.350459,13.784393,45.947976,0.254367
109|2.161096,-16.698290,24.923224|2.159772,-16.716255,25.021597,13.283745,44.279150,0.217033|2.159807,-16.717394,25.021383,13.282606,44.275353,0.255901
110|2.181106,-17.193631,24.584122|2.179717,-17.211462,24.682519,12.788538,42.628458,0.217497|2.179749,-17.212479,24.682330,12.787521,42.625070,0.257448
111|2.201116,-17.682088,24.235176|2.199663,-17.699779,24.333599,12.300221,41.000735,0.217957|2.199690,-17.700663,24.333436,12.299337,40.997791,0.259007
112|2.221126,-18.163465,23.876527|2.219609,-18.181010,23.974976,11.818990,39.396633,0.218413|2.219631,-18.181750,23.974841,11.818250,39.394168,0.260578
113|2.241136,-18.637570,23.508318|2.239556,-18.654962,23.606794,11.345038,37.816793,0.218865|2.239573,-18.655547,23.606689,11.344453,37.814845,0.262159
114|2.261146,-19.104212,23.130696|2.259503,-19.121445,23.229200,10.878555,36.261849,0.219313|2.259515,-19.121863,23.229126,10.878137,36.260455,0.263749
115|2.281156,-19.563205,22.743813|2.279451,-19.580273,22.842345,10.419727,34.732423,0.219756|2.279458,-19.580513,22.842303,10.419487,34.731624,0.265348
116|2.301167,-20.014365,22.347823|2.299399,-20.031262,22.446385,9.968738,33.229127,0.220194|2.299401,-20.031311,22.446377,9.968689,33.228964,0.266953
117|2.321177,-20.457512,21.942885|2.319348,-20.474231,22.041478,9.525769,31.752563,0.220628|2.319344,-20.474076,22.041504,9.525924,31.753079,0.268563
118|2.341187,-20.892467,21.529162|2.339298,-20.909003,21.627785,9.090997,30.303324,0.221056|2.339288,-20.908632,21.627847,9.091368,30.304562,0.270177
119|2.361197,-21.319057,21.106819|2.359249,-21.335404,21.205474,8.664596,28.881988,0.221478|2.359232,-21.334802,21.205571,8.665198,28.883993,0.271793
120|2.381207,-21.737112,20.676024|2.379200,-21.753263,20.774711,8.246737,27.489125,0.221894|2.379177,-21.752417,20.774846,8.247583,27.491943,0.273409
121|2.401217,-22.146463,20.236951|2.399152,-22.162412,20.335671,7.837588,26.125292,0.222305|2.399123,-22.161309,20.335843,7.838691,26.128970,0.275024
122|2.421227,-22.546946,19.789775|2.419105,-22.562689,19.888529,7.437311,24.791037,0.222709|2.419070,-22.561313,19.888738,7.438687,24.795623,0.276634
123|2.441238,-22.938402,19.334676|2.439059,-22.953932,19.433463,7.046068,23.486892,0.223106|2.439017,-22.952269,19.433710,7.047731,23.492436,0.278239
124|2.461248,-23.320674,18.871835|2.459014,-23.335986,18.970656,6.664014,22.213381,0.223497|2.458965,-23.334020,18.970941,6.665980,22.219932,0.279835
125|2.481258,-23.693608,18.401438|2.478969,-23.708696,18.500294,6.291304,20.971013,0.223880|2.478914,-23.706414,18.500615,6.293586,20.978622,0.281420
126|2.501268,-24.057056,17.923674|2.498926,-24.071914,18.022563,5.928086,19.760285,0.224256|2.498865,-24.069299,18.022921,5.930701,19.769003,0.282992
127|2.521278,-24.410871,17.438732|2.518884,-24.425495,17.537657,5.574505,18.581683,0.224625|2.518816,-24.422531,17.538050,5.577469,18.591562,0.284548
128|2.541288,-24.754912,16.946809|2.538843,-24.769297,17.045769,5.230703,17.435677,0.224985|2.538768,-24.765969,17.046195,5.234031,17.446771,0.286086
129|2.561298,-25.089042,16.448100|2.558803,-25.103182,16.547095,4.896818,16.322728,0.225338|2.558722,-25.099474,16.547554,4.900526,16.335088,0.287601
130|2.581309,-25.413126,15.942805|2.578764,-25.427016,16.041836,4.572984,15.243280,0.225682|2.578677,-25.422912,16.042325,4.577088,15.256959,0.289092
131|2.601319,-25.727035,15.431127|2.598726,-25.740670,15.530193,4.259330,14.197766,0.226018|2.598634,-25.736155,15.530710,4.263845,14.212816,0.290555
132|2.621329,-26.030643,14.913270|2.618690,-26.044019,15.012372,3.955981,13.186604,0.226344|2.618592,-26.039076,15.012914,3.960924,13.203079,0.291987
133|2.641339,-26.323828,14.389443|2.638654,-26.336940,14.488579,3.663060,12.210200,0.226662|2.638552,-26.331555,14.489144,3.668445,12.228150,0.293385
134|2.661349,-26.606474,13.859853|2.658620,-26.619317,13.959025,3.380683,11.268943,0.226971|2.658513,-26.613474,13.959608,3.386526,11.288421,0.294744
135|2.681359,-26.878467,13.324715|2.678588,-26.891037,13.423922,3.108963,10.363211,0.227270|2.678476,-26.884720,13.424519,3.115280,10.384267,0.296063
136|2.701369,-27.139697,12.784241|2.698556,-27.151990,12.883483,2.848010,9.493366,0.227559|2.698441,-27.145185,12.884090,2.854815,9.516049,0.297336
137|2.721380,-27.390062,12.238649|2.718527,-27.402073,12.337925,2.597927,8.659757,0.227839|2.718408,-27.394765,12.338538,2.605235,8.684115,0.298562
138|2.741390,-27.629459,11.688156|2.738498,-27.641185,11.787466,2.358815,7.862717,0.228108|2.738377,-27.633361,11.788080,2.366639,7.888797,0.299736
139|2.761400,-27.857794,11.132984|2.758471,-27.869230,11.232328,2.130770,7.102566,0.228367|2.758348,-27.860876,11.232936,2.139124,7.130412,0.300855
140|2.781410,-28.074975,10.573354|2.778445,-28.086118,10.672731,1.913882,6.379607,0.228616|2.778322,-28.077221,10.673328,1.922779,6.409262,0.301915
141|2.801420,-28.280914,10.009490|2.798421,-28.291761,10.108900,1.708239,5.694130,0.228854|2.798297,-28.282310,10.109480,1.717690,5.725635,0.302914
142|2.821430,-28.475530,9.441619|2.818399,-28.486077,9.541061,1.513923,5.046409,0.229081|2.818275,-28.476060,9.541617,1.523940,5.079802,0.303848
143|2.841440,-28.658745,8.869967|2.838378,-28.668989,8.969441,1.331011,4.436703,0.229297|2.838256,-28.658394,8.969967,1.341606,4.472019,0.304713
144|2.861451,-28.830485,8.294764|2.858359,-28.840423,8.394269,1.159577,3.865258,0.229502|2.858239,-28.829242,8.394756,1.170758,3.902528,0.305508
145|2.881461,-28.990682,7.716240|2.878341,-29.000310,7.815775,0.999690,3.332300,0.229695|2.878224,-28.988534,7.816217,1.011466,3.371554,0.306228
146|2.901471,-29.139271,7.134626|2.898325,-29.148587,7.234191,0.851413,2.838044,0.229878|2.898213,-29.136208,7.234579,0.863792,2.879307,0.306872
147|2.921481,-29.276193,6.550156|2.918310,-29.285194,6.649750,0.714806,2.382687,0.230048|2.918204,-29.272206,6.650076,0.727794,2.425981,0.307437
148|2.941491,-29.401393,5.963063|2.938297,-29.410077,6.062685,0.589923,1.966411,0.230207|2.938197,-29.396474,6.062941,0.603526,2.011755,0.307922
149|2.961501,-29.514820,5.373582|2.958286,-29.523185,5.473231,0.476815,1.589384,0.230354|2.958194,-29.508963,5.473410,0.491037,1.636791,0.308324
150|2.981511,-29.616431,4.781950|2.978277,-29.624474,4.881626,0.375526,1.251755,0.230489|2.978193,-29.609629,4.881718,0.390371,1.301236,0.308641
151|3.001522,-29.706183,4.188403|2.998269,-29.713902,4.288104,0.286098,0.953660,0.230612|2.998196,-29.698434,4.288102,0.301566,1.005221,0.308873
152|3.021532,-29.784040,3.593179|3.018263,-29.791435,3.692905,0.208565,0.695217,0.230723|3.018201,-29.775342,3.692800,0.224658,0.748860,0.309019
153|3.041542,-29.849973,2.996517|3.038259,-29.857041,3.096266,0.142959,0.476532,0.230822|3.038209,-29.840324,3.096050,0.159676,0.532254,0.309077
154|3.061552,-29.903954,2.398654|3.058257,-29.910693,2.498427,0.089307,0.297689,0.230908|3.058220,-29.893354,2.498091,0.106646,0.355485,0.309048
155|3.081562,-29.945961,1.799832|3.078256,-29.952371,1.899626,0.047629,0.158762,0.230982|3.078233,-29.934414,1.899163,0.065586,0.218621,0.308933
156|3.101572,-29.975979,1.200288|3.098257,-29.982058,1.300103,0.017942,0.059806,0.231043|3.098250,-29.963486,1.299505,0.036514,0.121712,0.308730
157|3.121583,-29.993994,0.600264|3.118260,-29.999742,0.700099,0.000258,0.000860,0.231092|3.118270,-29.980562,0.699358,0.019438,0.064794,0.308442
158|3.141593,-30.000000,0.000000|3.138265,-30.005416,0.099853,0.005416,0.018053,0.231128|3.138292,-29.985634,0.098963,0.014366,0.047887,0.308068
159|3.161603,-29.993994,-0.600264|3.158271,-29.999078,-0.500394,0.000922,0.003075,0.231152|3.158318,-29.978702,-0.501440,0.021298,0.070993,0.307611
160|3.181613,-29.975979,-1.200288|3.178280,-29.980729,-1.100401,0.019271,0.064235,0.231163|3.178346,-29.959770,-1.101611,0.040230,0.134101,0.307073
161|3.201623,-29.945961,-1.799832|3.198290,-29.950379,-1.699929,0.049621,0.165403,0.231162|3.198377,-29.928845,-1.701307,0.071155,0.237182,0.306454
162|3.221633,-29.903954,-2.398654|3.218302,-29.908039,-2.298738,0.091961,0.306538,0.231148|3.218410,-29.885942,-2.300290,0.114058,0.380193,0.305758
163|3.241643,-29.849973,-2.996517|3.238316,-29.853725,-2.896587,0.146275,0.487583,0.231122|3.238446,-29.831078,-2.898318,0.168922,0.563072,0.304987
164|3.261654,-29.784040,-3.593179|3.258332,-29.787460,-3.493238,0.212540,0.708466,0.231083|3.258485,-29.764276,-3.495152,0.235724,0.785746,0.304143
165|3.281664,-29.706183,-4.188403|3.278349,-29.709271,-4.088451,0.290729,0.969097,0.231031|3.278526,-29.685564,-4.090552,0.314436,1.048122,0.303230
166|3.301674,-29.616431,-4.781950|3.298368,-29.619188,-4.681988,0.380812,1.269373,0.230967|3.298570,-29.594972,-4.684279,0.405028,1.350093,0.302250
167|3.321684,-29.514820,-5.373582|3.318389,-29.517248,-5.273611,0.482752,1.609174,0.230890|3.318616,-29.492539,-5.276096,0.507461,1.691537,0.301207
168|3.341694,-29.401393,-5.963063|3.338412,-29.403492,-5.863085,0.596508,1.988361,0.230802|3.338664,-29.378305,-5.865764,0.621695,2.072315,0.300104
169|3.361704,-29.276193,-6.550156|3.358437,-29.277964,-6.450171,0.722036,2.406785,0.230700|3.358715,-29.252318,-6.453048,0.747682,2.492275,0.298944
170|3.381714,-29.139271,-7.134626|3.378463,-29.140717,-7.034636,0.859283,2.864277,0.230587|3.378767,-29.114626,-7.037710,0.885374,2.951246,0.297731
171|3.401725,-28.990682,-7.716240|3.398491,-28.991804,-7.616246,1.008196,3.360654,0.230461|3.398822,-28.965287,-7.619518,1.034713,3.449044,0.296469
172|3.421735,-28.830485,-8.294764|3.418521,-28.831285,-8.194767,1.168715,3.895716,0.230324|3.418878,-28.804359,-8.198237,1.195641,3.985469,0.295160
173|3.441745,-28.658745,-8.869967|3.438553,-28.659225,-8.769968,1.340775,4.469251,0.230174|3.438937,-28.631908,-8.773636,1.368092,4.560307,0.293808
174|3.461755,-28.475530,-9.441619|3.458586,-28.475692,-9.341619,1.524308,5.081026,0.230013|3.458997,-28.448002,-9.345482,1.551998,5.173326,0.292417
175|3.481765,-28.280914,-10.009490|3.478621,-28.280760,-9.909490,1.719240,5.730799,0.229840|3.479059,-28.252715,-9.913548,1.747285,5.824282,0.290990
176|3.501775,-28.074975,-10.573354|3.498658,-28.074508,-10.473355,1.925492,6.418308,0.229655|3.499122,-28.046126,-10.477605,1.953874,6.512914,0.289531
177|3.521785,-27.857794,-11.132984|3.518696,-27.857017,-11.032987,2.142983,7.143277,0.229459|3.519187,-27.828316,-11.037427,2.171684,7.238947,0.288042
178|3.541796,-27.629459,-11.688156|3.538736,-27.628375,-11.588162,2.371625,7.905417,0.229252|3.539253,-27.599373,-11.592789,2.400627,8.002090,0.286527
179|3.561806,-27.390062,-12.238649|3.558777,-27.388673,-12.138658,2.611327,8.704422,0.229034|3.559321,-27.359388,-12.143469,2.640612,8.802039,0.284990
180|3.581816,-27.139697,-12.784241|3.578820,-27.138008,-12.684255,2.861992,9.539973,0.228804|3.579389,-27.108457,-12.689246,2.891543,9.638475,0.283432
181|3.601826,-26.878467,-13.324715|3.598865,-26.876480,-13.224735,3.123520,10.411734,0.228564|3.599459,-26.846681,-13.229901,3.153319,10.511063,0.281857
182|3.621836,-26.606474,-13.859853|3.618911,-26.604193,-13.759879,3.395807,11.319356,0.228314|3.619530,-26.574163,-13.765217,3.425837,11.419456,0.280268
183|3.641846,-26.323828,-14.389443|3.638959,-26.321257,-14.289476,3.678743,12.262476,0.228052|3.639602,-26.291013,-14.294980,3.708987,12.363290,0.278667
184|3.661856,-26.030643,-14.913270|3.659008,-26.027785,-14.813311,3.972215,13.240716,0.227781|3.659675,-25.997343,-14.818977,4.002657,13.342189,0.277057
185|3.681867,-25.727035,-15.431127|3.679058,-25.723895,-15.331176,4.276105,14.253684,0.227500|3.679749,-25.693271,-15.336999,4.306729,14.355763,0.275441
186|3.701877,-25.413126,-15.942805|3.699110,-25.409707,-15.842863,4.590293,15.300975,0.227208|3.699824,-25.378918,-15.848838,4.621082,15.403607,0.273819
187|3.721887,-25.089042,-16.448100|3.719163,-25.085349,-16.348168,4.914651,16.382169,0.226908|3.719899,-25.054409,-16.354288,4.945591,16.485303,0.272195
188|3.741897,-24.754912,-16.946809|3.739218,-24.750950,-16.846887,5.249050,17.496833,0.226597|3.739975,-24.719874,-16.853148,5.280126,17.600420,0.270571
189|3.761907,-24.410871,-17.438732|3.759274,-24.406644,-17.338822,5.593356,18.644521,0.226278|3.760052,-24.375446,-17.345217,5.624554,18.748512,0.268948
190|3.781917,-24.057056,-17.923674|3.779331,-24.052568,-17.823774,5.947432,19.824774,0.225949|3.780129,-24.021263,-17.830298,5.978737,19.929122,0.267328
191|3.801927,-23.693608,-18.401438|3.799389,-23.688865,-18.301551,6.311135,21.037118,0.225612|3.800207,-23.657467,-18.308198,6.342533,21.141778,0.265713
192|3.821938,-23.320674,-18.871835|3.819449,-23.315680,-18.771960,6.684320,22.281068,0.225267|3.820285,-23.284201,-18.778724,6.715799,22.385997,0.264105
193|3.841948,-22.938402,-19.334676|3.839510,-22.933162,-19.234814,7.066838,23.556126,0.224913|3.840363,-22.901616,-19.241688,7.098384,23.661281,0.262504
194|3.861958,-22.546946,-19.789775|3.859571,-22.541466,-19.689926,7.458534,24.861781,0.224551|3.860442,-22.509863,-19.696905,7.490137,24.967123,0.260912
195|3.881968,-22.146463,-20.236951|3.879634,-22.140747,-20.137115,7.859253,26.197511,0.224181|3.880521,-22.109100,-20.144193,7.890900,26.303000,0.259330
196|3.901978,-21.737112,-20.676024|3.899698,-21.731166,-20.576201,8.268834,27.562781,0.223804|3.900601,-21.699486,-20.583373,8.300514,27.668380,0.257759
197|3.921988,-21.319057,-21.106819|3.919763,-21.312887,-21.007009,8.687113,28.957044,0.223419|3.920680,-21.281185,-21.014268,8.718815,29.062717,0.256201
198|3.941998,-20.892467,-21.529162|3.939829,-20.886078,-21.429366,9.113922,30.379742,0.223028|3.940760,-20.854364,-21.436706,9.145636,30.485454,0.254656
199|3.962009,-20.457512,-21.942885|3.959896,-20.450909,-21.843104,9.549091,31.830304,0.222629|3.960840,-20.419193,-21.850518,9.580807,31.936024,0.253124
200|3.982019,-20.014365,-22.347823|3.979964,-20.007554,-22.248055,9.992446,33.308152,0.222224|3.980919,-19.975846,-22.255539,10.024154,33.413847,0.251608
201|4.002029,-19.563205,-22.743813|4.000032,-19.556193,-22.644059,10.443807,34.812691,0.221813|4.000999,-19.524500,-22.651607,10.475500,34.918333,0.250107
202|4.022039,-19.104212,-23.130696|4.020102,-19.097004,-23.030956,10.902996,36.343321,0.221396|4.021079,-19.065336,-23.038562,10.934664,36.448881,0.248622
203|4.042049,-18.637570,-23.508318|4.040172,-18.630171,-23.408592,11.369829,37.899429,0.220973|4.041159,-18.598536,-23.416250,11.401464,38.004879,0.247154
204|4.062059,-18.163465,-23.876527|4.060243,-18.155883,-23.776815,11.844117,39.480391,0.220544|4.061239,-18.124288,-23.784521,11.875712,39.585707,0.245703
205|4.082069,-17.682088,-24.235176|4.080315,-17.674328,-24.135478,12.325672,41.085574,0.220111|4.081319,-17.642781,-24.143226,12.357219,41.190732,0.244269
206|4.102080,-17.193631,-24.584122|4.100387,-17.185699,-24.484437,12.814301,42.714335,0.219672|4.101399,-17.154206,-24.492222,12.845794,42.819312,0.242854
207|4.122090,-16.698290,-24.923224|4.120460,-16.690193,-24.823553,13.309807,44.366023,0.219228|4.121478,-16.658761,-24.831369,13.341239,44.470798,0.241456
208|4.142100,-16.196263,-25.252348|4.140533,-16.188007,-25.152689,13.811993,46.039977,0.218780|4.141557,-16.156641,-25.160532,13.843359,46.144529,0.240077
209|4.162110,-15.687751,-25.571360|4.160608,-15.679342,-25.471714,14.320658,47.735525,0.218328|4.161637,-15.648049,-25.479579,14.351951,47.839836,0.238717
210|4.182120,-15.172958,-25.880134|4.180682,-15.164403,-25.780501,14.835597,49.451990,0.217872|4.181716,-15.133187,-25.788383,14.866813,49.556042,0.237375
211|4.202130,-14.652090,-26.178546|4.200757,-14.643395,-26.078925,15.356605,51.188683,0.217412|4.201794,-14.612262,-26.086819,15.387738,51.292460,0.236052
212|4.222140,-14.125355,-26.466476|4.220833,-14.116527,-26.366866,15.883473,52.944910,0.216948|4.221873,-14.085481,-26.374769,15.914519,53.048396,0.234749
213|4.242151,-13.592964,-26.743809|4.240909,-13.584010,-26.644211,16.415990,54.719968,0.216481|4.241951,-13.553055,-26.652118,16.446945,54.823149,0.233465
214|4.262161,-13.055131,-27.010434|4.260985,-13.046056,-26.910847,16.953944,56.513145,0.216012|4.262029,-13.015197,-26.918754,16.984803,56.616008,0.232200
215|4.282171,-12.512071,-27.266244|4.281061,-12.502883,-27.166667,17.497117,58.323725,0.215539|4.282106,-12.472123,-27.174570,17.527877,58.426258,0.230955
216|4.302181,-11.964001,-27.511137|4.301138,-11.954706,-27.411570,18.045294,60.150981,0.215064|4.302184,-11.924048,-27.419465,18.075952,60.253172,0.229729
217|4.322191,-11.411141,-27.745015|4.321215,-11.401745,-27.645457,18.598255,61.994183,0.214587|4.322261,-11.371193,-27.653341,18.628807,62.096023,0.228522
218|4.342201,-10.853712,-27.967784|4.341293,-10.844222,-27.868235,19.155778,63.852592,0.214108|4.342337,-10.813779,-27.876103,19.186221,63.954071,0.227335
219|4.362211,-10.291937,-28.179355|4.361370,-10.282360,-28.079814,19.717640,65.725465,0.213627|4.362413,-10.252028,-28.087664,19.747972,65.826574,0.226166
220|4.382222,-9.726041,-28.379643|4.381448,-9.716384,-28.280110,20.283616,67.612052,0.213145|4.382489,-9.686165,-28.287937,20.313835,67.712784,0.225017
221|4.402232,-9.156251,-28.568568|4.401526,-9.146521,-28.469042,20.853479,69.511597,0.212661|4.402564,-9.116416,-28.476844,20.883584,69.611945,0.223887
222|4.422242,-8.582795,-28.746054|4.421604,-8.572998,-28.646535,21.427002,71.423340,0.212176|4.422639,-8.543011,-28.654309,21.456989,71.523298,0.222777
223|4.442252,-8.005903,-28.912031|4.441682,-7.996046,-28.812518,22.003954,73.346515,0.211691|4.442713,-7.966176,-28.820260,22.033824,73.446079,0.221685
224|4.462262,-7.425805,-29.066431|4.461760,-7.415894,-28.966924,22.584106,75.280353,0.211204|4.462787,-7.386145,-28.974632,22.613855,75.379517,0.220611
225|4.482272,-6.842733,-29.209194|4.481838,-6.832776,-29.109691,23.167224,77.224079,0.210718|4.482861,-6.803148,-29.117362,23.196852,77.322840,0.219557
226|4.502282,-6.256922,-29.340261|4.501915,-6.246925,-29.240762,23.753075,79.176915,0.210231|4.502934,-6.217419,-29.248394,23.782581,79.275270,0.218521
227|4.522293,-5.668606,-29.459581|4.521993,-5.658576,-29.360085,24.341424,81.138080,0.209744|4.523006,-5.629192,-29.367676,24.370808,81.236026,0.217503
228|4.542303,-5.078020,-29.567105|4.542071,-5.067964,-29.467612,24.932036,83.106788,0.209258|4.543078,-5.038703,-29.475159,24.961297,83.204323,0.216504
229|4.562313,-4.485401,-29.662791|4.562149,-4.475325,-29.563300,25.524675,85.082250,0.208771|4.563150,-4.446188,-29.570800,25.553812,85.179374,0.215523
230|4.582323,-3.890986,-29.746600|4.582226,-3.880897,-29.647111,26.119103,87.063677,0.208286|4.583220,-3.851884,-29.654562,26.148116,87.160388,0.214559
231|4.602333,-3.295013,-29.818499|4.602303,-3.284917,-29.719010,26.715083,89.050275,0.207801|4.603291,-3.256028,-29.726411,26.743972,89.146573,0.213614
232|4.622343,-2.697720,-29.878459|4.622380,-2.687626,-29.778970,27.312374,91.041248,0.207318|4.623360,-2.658860,-29.786318,27.341140,91.137133,0.212686
233|4.642353,-2.099348,-29.926455|4.642457,-2.089260,-29.826966,27.910740,93.035800,0.206835|4.643430,-2.060618,-29.834260,27.939382,93.131273,0.211775
234|4.662364,-1.500135,-29.962470|4.662534,-1.490061,-29.862979,28.509939,95.033131,0.206354|4.663498,-1.461542,-29.870217,28.538458,95.128194,0.210882
235|4.682374,-0.900321,-29.986487|4.682610,-0.890267,-29.886994,29.109733,97.032443,0.205875|4.683566,-0.861871,-29.894175,29.138129,97.127096,0.210006
236|4.702384,-0.300147,-29.998498|4.702686,-0.290120,-29.899002,29.709880,99.032934,0.205398|4.703634,-0.261846,-29.906124,29.738154,99.127181,0.209146
237|4.722394,0.300147,-29.998498|4.722762,0.310141,-29.898999,29.689859,98.966196,0.204922|4.723700,0.338294,-29.906060,29.661706,98.872353,0.208304
238|4.742404,0.900321,-29.986487|4.742837,0.910276,-29.886984,29.089724,96.965748,0.204448|4.743767,0.938308,-29.893983,29.061692,96.872307,0.207478
239|4.762414,1.500135,-29.962470|4.762912,1.510043,-29.862962,28.489957,94.966523,0.203977|4.763832,1.537956,-29.869898,28.462044,94.873480,0.206668
240|4.782424,2.099348,-29.926455|4.782986,2.109204,-29.826942,27.890796,92.969322,0.203509|4.783897,2.136998,-29.833814,27.863002,92.876674,0.205874
241|4.802435,2.697720,-29.878459|4.803060,2.707517,-29.778940,27.292483,90.974943,0.203043|4.803961,2.735194,-29.785746,27.264806,90.882687,0.205097
242|4.822445,3.295013,-29.818499|4.823134,3.304744,-29.718974,26.695256,88.984187,0.202579|4.824025,3.332305,-29.725713,26.667695,88.892317,0.204335
243|4.842455,3.890986,-29.746600|4.843207,3.900645,-29.647068,26.099355,86.997849,0.202119|4.844088,3.928092,-29.653739,26.071908,86.906361,0.203589
244|4.862465,4.485401,-29.662791|4.863280,4.494983,-29.563251,25.505017,85.016725,0.201662|4.864150,4.522316,-29.569854,25.477684,84.925615,0.202859
245|4.882475,5.078020,-29.567105|4.883352,5.087518,-29.467557,24.912482,83.041607,0.201208|4.884211,5.114739,-29.474091,24.885261,82.950871,0.202144
246|4.902485,5.668606,-29.459581|4.903423,5.678014,-29.360024,24.321986,81.073288,0.200757|4.904272,5.705124,-29.366487,24.294876,80.982919,0.201444
247|4.922495,6.256922,-29.340261|4.923494,6.266234,-29.240696,23.733766,79.112555,0.200310|4.924332,6.293236,-29.247087,23.706764,79.022548,0.200759
248|4.942506,6.842733,-29.209194|4.943565,6.851942,-29.109619,23.148058,77.160192,0.199866|4.944392,6.878837,-29.115939,23.121163,77.070543,0.200089
249|4.962516,7.425805,-29.066431|4.963635,7.434905,-28.966846,22.565095,75.216982,0.199426|4.964450,7.461695,-28.973094,22.538305,75.127684,0.199433
250|4.982526,8.005903,-28.912031|4.983704,8.014889,-28.812435,21.985111,73.283703,0.198991|4.984508,8.041575,-28.818610,21.958425,73.194750,0.198792
251|5.002536,8.582795,-28.746054|5.003773,8.591662,-28.646448,21.408338,71.361128,0.198559|5.004565,8.618246,-28.652549,21.381754,71.272514,0.198166
252|5.022546,9.156251,-28.568568|5.023841,9.164992,-28.468950,20.835008,69.450027,0.198131|5.024622,9.191476,-28.474977,20.808524,69.361746,0.197553
253|5.042556,9.726041,-28.379643|5.043909,9.734650,-28.280014,20.265350,67.551166,0.197708|5.044678,9.761036,-28.285966,20.238964,67.463212,0.196955
254|5.062567,10.291937,-28.179355|5.063975,10.300408,-28.079714,19.699592,65.665305,0.197289|5.064733,10.326699,-28.085591,19.673301,65.577671,0.196370
255|5.082577,10.853712,-27.967784|5.084042,10.862040,-27.868131,19.137960,63.793199,0.196874|5.084787,10.888237,-27.873933,19.111763,63.705878,0.195800
256|5.102587,11.411141,-27.745015|5.104107,11.419321,-27.645350,18.580679,61.935597,0.196464|5.104840,11.445425,-27.651076,18.554575,61.848583,0.195243
257|5.122597,11.964001,-27.511137|5.124172,11.972027,-27.411460,18.027973,60.093242,0.196059|5.124893,11.998041,-27.417109,18.001959,60.006529,0.194699
258|5.142607,12.512071,-27.266244|5.144236,12.519938,-27.166554,17.480062,58.266874,0.195659|5.144945,12.545864,-27.172127,17.454136,58.180454,0.194169
259|5.162617,13.055131,-27.010434|5.164299,13.062833,-26.910731,16.937167,56.457223,0.195263|5.164996,13.088673,-26.916227,16.911327,56.371089,0.193652
260|5.182627,13.592964,-26.743809|5.184362,13.600496,-26.644093,16.399504,54.665013,0.194873|5.185046,13.626252,-26.649512,16.373748,54.579159,0.193148
261|5.202638,14.125355,-26.466476|5.204424,14.132711,-26.366747,15.867289,52.890963,0.194487|5.205096,14.158386,-26.372089,15.841614,52.805381,0.192657
262|5.222648,14.652090,-26.178546|5.224485,14.659266,-26.078804,15.340734,51.135782,0.194107|5.225145,14.684860,-26.084068,15.315140,51.050466,0.192178
263|5.242658,15.172958,-25.880134|5.244546,15.179948,-25.780379,14.820052,49.400173,0.193732|5.245192,15.205465,-25.785565,14.794535,49.315115,0.191713
264|5.262668,15.687751,-25.571360|5.264605,15.694551,-25.471592,14.305449,47.684831,0.193362|5.265239,15.719992,-25.476700,14.280008,47.600025,0.191260
265|5.282678,16.196263,-25.252348|5.284664,16.202867,-25.152566,13.797133,45.990443,0.192998|5.285286,16.228236,-25.157597,13.771764,45.905882,0.190819
266|5.302688,16.698290,-24.923224|5.304723,16.704694,-24.823430,13.295306,44.317688,0.192639|5.305331,16.729991,-24.828382,13.270009,44.233363,0.190391
267|5.322698,17.193631,-24.584122|5.324780,17.199830,-24.484314,12.800170,42.667234,0.192286|5.325376,17.225058,-24.489189,12.774942,42.583140,0.189975
268|5.342709,17.682088,-24.235176|5.344836,17.688077,-24.135356,12.311923,41.039744,0.191939|5.345420,17.713238,-24.140152,12.286762,40.955873,0.189571
269|5.362719,18.163465,-23.876527|5.364892,18.169240,-23.776694,11.830760,39.435868,0.191597|5.365462,18.194336,-23.781411,11.805664,39.352213,0.189179
270|5.382729,18.637570,-23.508318|5.384947,18.643125,-23.408472,11.356875,37.856249,0.191261|5.385505,18.668159,-23.413111,11.331841,37.772804,0.188799
271|5.402739,19.104212,-23.130696|5.405001,19.109544,-23.030838,10.890456,36.301520,0.190931|5.405546,19.134517,-23.035398,10.865483,36.218276,0.188431
272|5.422749,19.563205,-22.743813|5.425055,19.568309,-22.643943,10.431691,34.772302,0.190607|5.425586,19.593224,-22.648425,10.406776,34.689253,0.188074
273|5.442759,20.014365,-22.347823|5.445107,20.019237,-22.247942,9.980763,33.269209,0.190288|5.445626,20.044096,-22.252345,9.955904,33.186348,0.187729
274|5.462769,20.457512,-21.942885|5.465159,20.462148,-21.842993,9.537852,31.792842,0.189976|5.465664,20.486951,-21.847317,9.513049,31.710162,0.187396
275|5.482780,20.892467,-21.529162|5.485209,20.896863,-21.429259,9.103137,30.343791,0.189670|5.485702,20.921614,-21.433504,9.078386,30.261286,0.187074
276|5.502790,21.319057,-21.106819|5.505259,21.323208,-21.006905,8.676792,28.922639,0.189370|5.505739,21.347910,-21.011071,8.652090,28.840301,0.186763
277|5.522800,21.737112,-20.676024|5.525308,21.741014,-20.576100,8.258986,27.529952,0.189076|5.525775,21.765667,-20.580188,8.234333,27.447775,0.186464
278|5.542810,22.146463,-20.236951|5.545357,22.150113,-20.137018,7.849887,26.166290,0.188789|5.545810,22.174720,-20.141027,7.825280,26.084267,0.186176
279|5.562820,22.546946,-19.789775|5.565404,22.550340,-19.689833,7.449660,24.832198,0.188508|5.565844,22.574903,-19.693763,7.425097,24.750323,0.185899
280|5.582830,22.938402,-19.334676|5.585450,22.941537,-19.234725,7.058463,23.528211,0.188233|5.585878,22.966057,-19.238576,7.033943,23.446477,0.185633
281|5.602840,23.320674,-18.871835|5.605496,23.323545,-18.771877,6.676455,22.254850,0.187964|5.605910,23.348025,-18.775648,6.651975,22.173251,0.185378
282|5.622851,23.693608,-18.401438|5.625541,23.696212,-18.301472,6.303788,21.012626,0.187702|5.625942,23.720654,-18.305165,6.279346,20.931155,0.185134
283|5.642861,24.057056,-17.923674|5.645585,24.059389,-17.823701,5.940611,19.802035,0.187447|5.645973,24.083794,-17.827315,5.916206,19.720686,0.184901
284|5.662871,24.410871,-17.438732|5.665628,24.412931,-17.338753,5.587069,18.623564,0.187198|5.666002,24.437301,-17.342288,5.562699,18.542330,0.184679
285|5.682881,24.754912,-16.946809|5.685670,24.756695,-16.846825,5.243305,17.477683,0.186955|5.686031,24.781032,-16.850280,5.218968,17.396559,0.184467
286|5.702891,25.089042,-16.448100|5.705711,25.090545,-16.348111,4.909455,16.364851,0.186719|5.706059,25.114851,-16.351487,4.885149,16.283831,0.184266
287|5.722901,25.413126,-15.942805|5.725751,25.414346,-15.842812,4.585654,15.285515,0.186490|5.726086,25.438622,-15.846110,4.561378,15.204593,0.184076
288|5.742911,25.727035,-15.431127|5.745791,25.727968,-15.331131,4.272032,14.240105,0.186267|5.746113,25.752217,-15.334350,4.247783,14.159276,0.183896
289|5.762922,26.030643,-14.913270|5.765829,26.031287,-14.813272,3.968713,13.229042,0.186051|5.766138,26.055510,-14.816412,3.944490,13.148299,0.183727
290|5.782932,26.323828,-14.389443|5.785867,26.324181,-14.289443,3.675819,12.252730,0.185842|5.786162,26.348380,-14.292503,3.651620,12.172068,0.183568
291|5.802942,26.606474,-13.859853|5.805904,26.606532,-13.759853,3.393468,11.311560,0.185639|5.806186,26.630708,-13.762834,3.369292,11.230973,0.183420
292|5.822952,26.878467,-13.324715|5.825939,26.878227,-13.224715,3.121773,10.405909,0.185443|5.826208,26.902382,-13.227617,3.097618,10.325392,0.183282
293|5.842962,27.139697,-12.784241|5.845974,27.139158,-12.684243,2.860842,9.536139,0.185254|5.846230,27.163294,-12.687065,2.836706,9.455687,0.183154
294|5.862972,27.390062,-12.238649|5.866008,27.389220,-12.138652,2.610780,8.702599,0.185072|5.866251,27.413338,-12.141395,2.586662,8.622207,0.183037
295|5.882982,27.629459,-11.688156|5.886041,27.628313,-11.588163,2.371687,7.905623,0.184897|5.886270,27.652414,-11.590827,2.347586,7.825285,0.182930
296|5.902993,27.857794,-11.132984|5.906074,27.856341,-11.032994,2.143659,7.145529,0.184728|5.906289,27.880428,-11.035579,2.119572,7.065242,0.182834
297|5.923003,28.074975,-10.573354|5.926105,28.073213,-10.473369,1.926787,6.422623,0.184567|5.926307,28.097286,-10.475874,1.902714,6.342381,0.182747
298|5.943013,28.280914,-10.009490|5.946135,28.278842,-9.909512,1.721158,5.737194,0.184412|5.946324,28.302902,-9.911937,1.697098,5.656992,0.182671
299|5.963023,28.475530,-9.441619|5.966165,28.473145,-9.341647,1.526855,5.089517,0.184264|5.966340,28.497195,-9.343994,1.502805,5.009350,0.182605
300|5.983033,28.658745,-8.869967|5.986193,28.656045,-8.770004,1.343955,4.479850,0.184123|5.986355,28.680086,-8.772271,1.319914,4.399715,0.182549
301|6.003043,28.830485,-8.294764|6.006221,28.827469,-8.194810,1.172531,3.908438,0.183989|6.006370,28.851501,-8.196997,1.148499,3.828330,0.182504
302|6.023053,28.990682,-7.716240|6.026247,28.987347,-7.616295,1.012653,3.375510,0.183863|6.026383,29.011372,-7.618404,0.988628,3.295426,0.182468
303|6.043064,29.139271,-7.134626|6.046273,29.135616,-7.034693,0.864384,2.881280,0.183743|6.046395,29.159636,-7.036722,0.840364,2.801215,0.182443
304|6.063074,29.276193,-6.550156|6.066298,29.272217,-6.450235,0.727783,2.425945,0.183630|6.066407,29.296232,-6.452184,0.703768,2.345895,0.182428
305|6.083084,29.401393,-5.963063|6.086322,29.397094,-5.863155,0.602906,2.009688,0.183524|6.086417,29.421105,-5.865025,0.578895,1.929649,0.182423
306|6.103094,29.514820,-5.373582|6.106345,29.510197,-5.273689,0.489803,1.632675,0.183425|6.106427,29.534207,-5.275479,0.465793,1.552645,0.182428
307|6.123104,29.616431,-4.781950|6.126367,29.611482,-4.682072,0.388518,1.295058,0.183333|6.126435,29.635490,-4.683783,0.364510,1.215032,0.182443
308|6.143114,29.706183,-4.188403|6.146388,29.700908,-4.088542,0.299092,0.996973,0.183248|6.146443,29.724916,-4.090173,0.275084,0.916947,0.182468
309|6.163124,29.784040,-3.593179|6.166408,29.778439,-3.493336,0.221561,0.738537,0.183171|6.166450,29.802447,-3.494888,0.197553,0.658510,0.182504
310|6.183135,29.849973,-2.996517|6.186427,29.844043,-2.896693,0.155957,0.519856,0.183100|6.186456,29.868053,-2.898165,0.131947,0.439823,0.182549
311|6.203145,29.903954,-2.398654|6.206446,29.897695,-2.298850,0.102305,0.341016,0.183037|6.206461,29.921708,-2.300243,0.078292,0.260975,0.182605
312|6.223155,29.945961,-1.799832|6.226463,29.939373,-1.700049,0.060627,0.202090,0.182980|6.226465,29.963389,-1.701362,0.036611,0.122037,0.182671
313|6.243165,29.975979,-1.200288|6.246480,29.969060,-1.100528,0.030940,0.103133,0.182931|6.246468,29.993080,-1.101761,0.006920,0.023066,0.182747
314|6.263175,29.993994,-0.600264|6.266495,29.986744,-0.500527,0.013256,0.044185,0.182888|6.266470,30.010770,-0.501681,0.010770,0.035899,0.182833
