OneBody1_E-0.20_ecc0.0_RK4.txt
initial value : [x, y, v_x, v_y] = [22.50,0.00,0.00,0.63] , numerical interval dt = 0.02000 , [M, m] = [ 9, 1]

num|given_position|geodesic|newtonian
num| degree1, x1, y1 | degree2, x2, y2, simple error, relative error, d(rho) | degree2, x2, y2, simple error, relative error, dt
  1|0.000000,22.500000,0.000000|0.000562,22.499996,0.012649,0.000004,0.000016,0.020000|0.000562,22.499996,0.012649,0.000004,0.000016,0.020000
  2|0.020010,22.495496,0.450198|0.020572,22.495485,0.462847,0.004515,0.020067,0.020000|0.020572,22.495485,0.462847,0.004515,0.020067,0.020000
  3|0.040020,22.481984,0.900216|0.040582,22.481966,0.912865,0.018034,0.080149,0.020000|0.040582,22.481966,0.912865,0.018034,0.080149,0.020000
  4|0.060030,22.459471,1.349874|0.060592,22.459446,1.362522,0.040554,0.180239,0.020000|0.060592,22.459446,1.362522,0.040554,0.180239,0.020000
  5|0.080041,22.427965,1.798991|0.080601,22.427933,1.811639,0.072067,0.320296,0.020000|0.080601,22.427933,1.811639,0.072067,0.320296,0.020000
  6|0.100051,22.387480,2.247387|0.100610,22.387441,2.260035,0.112559,0.500264,0.020000|0.100610,22.387441,2.260035,0.112559,0.500264,0.020000
  7|0.120061,22.338030,2.694884|0.120619,22.337984,2.707532,0.162016,0.720070,0.020000|0.120619,22.337984,2.707531,0.162016,0.720070,0.020000
  8|0.140071,22.279637,3.141302|0.140628,22.279584,3.153949,0.220416,0.979628,0.020000|0.140628,22.279584,3.153948,0.220416,0.979628,0.020000
  9|0.160081,22.212323,3.586462|0.160636,22.212263,3.599109,0.287737,1.278832,0.020000|0.160636,22.212263,3.599107,0.287737,1.278832,0.020000
 10|0.180091,22.136115,4.030186|0.180645,22.136048,4.042832,0.363952,1.617564,0.020000|0.180645,22.136048,4.042830,0.363952,1.617564,0.020000
 11|0.200101,22.051044,4.472297|0.200653,22.050970,4.484942,0.449030,1.995688,0.020000|0.200653,22.050970,4.484939,0.449030,1.995688,0.020000
 12|0.220112,21.957145,4.912617|0.220661,21.957063,4.925261,0.542937,2.413051,0.020000|0.220661,21.957063,4.925257,0.542937,2.413051,0.020000
 13|0.240122,21.854453,5.350970|0.240668,21.854365,5.363612,0.645635,2.869488,0.020000|0.240668,21.854365,5.363608,0.645635,2.869488,0.020000
 14|0.260132,21.743012,5.787180|0.260676,21.742917,5.799822,0.757083,3.364815,0.020000|0.260676,21.742917,5.799817,0.757083,3.364815,0.020000
 15|0.280142,21.622864,6.221073|0.280683,21.622762,6.233714,0.877238,3.898834,0.020000|0.280683,21.622762,6.233708,0.877238,3.898834,0.020000
 16|0.300152,21.494059,6.652475|0.300690,21.493950,6.665115,1.006050,4.471332,0.020000|0.300690,21.493950,6.665109,1.006050,4.471332,0.020000
 17|0.320162,21.356648,7.081214|0.320697,21.356532,7.093852,1.143468,5.082078,0.020000|0.320697,21.356532,7.093845,1.143468,5.082078,0.020000
 18|0.340172,21.210686,7.507118|0.340704,21.210564,7.519754,1.289436,5.730829,0.020000|0.340703,21.210564,7.519746,1.289436,5.730829,0.020000
 19|0.360183,21.056231,7.930015|0.360710,21.056102,7.942650,1.443898,6.417324,0.020000|0.360710,21.056102,7.942641,1.443898,6.417324,0.020000
 20|0.380193,20.893345,8.349738|0.380716,20.893210,8.362371,1.606790,7.141289,0.020000|0.380716,20.893210,8.362361,1.606790,7.141289,0.020000
 21|0.400203,20.722094,8.766117|0.400722,20.721952,8.778749,1.778048,7.902434,0.020000|0.400722,20.721952,8.778738,1.778048,7.902434,0.020000
 22|0.420213,20.542546,9.178987|0.420728,20.542398,9.191617,1.957602,8.700454,0.020000|0.420728,20.542398,9.191605,1.957602,8.700455,0.020000
 23|0.440223,20.354773,9.588181|0.440734,20.354618,9.600809,2.145382,9.535030,0.020000|0.440733,20.354618,9.600796,2.145382,9.535031,0.020000
 24|0.460233,20.158850,9.993536|0.460739,20.158689,10.006163,2.341311,10.405828,0.020000|0.460739,20.158689,10.006148,2.341311,10.405828,0.020000
 25|0.480243,19.954856,10.394890|0.480744,19.954688,10.407515,2.545312,11.312498,0.020000|0.480744,19.954688,10.407499,2.545312,11.312498,0.020000
 26|0.500254,19.742871,10.792082|0.500749,19.742697,10.804704,2.757303,12.254678,0.020000|0.500749,19.742697,10.804687,2.757303,12.254678,0.020000
 27|0.520264,19.522982,11.184953|0.520754,19.522802,11.197573,2.977198,13.231991,0.020000|0.520754,19.522802,11.197555,2.977198,13.231991,0.020000
 28|0.540274,19.295276,11.573345|0.540759,19.295090,11.585963,3.204910,14.244045,0.020000|0.540758,19.295090,11.585944,3.204910,14.244045,0.020000
 29|0.560284,19.059844,11.957104|0.560763,19.059652,11.969720,3.440348,15.290435,0.020000|0.560763,19.059652,11.969698,3.440348,15.290435,0.020000
 30|0.580294,18.816781,12.336075|0.580768,18.816583,12.348688,3.683417,16.370742,0.020000|0.580767,18.816583,12.348666,3.683417,16.370742,0.020000
 31|0.600304,18.566184,12.710106|0.600772,18.565980,12.722718,3.934020,17.484533,0.020000|0.600771,18.565980,12.722693,3.934020,17.484534,0.020000
 32|0.620314,18.308153,13.079049|0.620776,18.307943,13.091658,4.192057,18.631364,0.020000|0.620775,18.307943,13.091632,4.192057,18.631364,0.020000
 33|0.640325,18.042792,13.442755|0.640779,18.042576,13.455361,4.457424,19.810773,0.020000|0.640779,18.042576,13.455334,4.457424,19.810774,0.020000
 34|0.660335,17.770206,13.801079|0.660783,17.769985,13.813682,4.730015,21.022290,0.020000|0.660782,17.769985,13.813653,4.730015,21.022290,0.020000
 35|0.680345,17.490505,14.153876|0.680786,17.490279,14.166477,5.009721,22.265429,0.020000|0.680785,17.490278,14.166446,5.009722,22.265429,0.020000
 36|0.700355,17.203802,14.501007|0.700790,17.203569,14.513605,5.296431,23.539692,0.020000|0.700789,17.203569,14.513573,5.296431,23.539692,0.020000
 37|0.720365,16.910210,14.842332|0.720793,16.909972,14.854927,5.590028,24.844569,0.020000|0.720792,16.909972,14.854892,5.590028,24.844570,0.020000
 38|0.740375,16.609847,15.177713|0.740796,16.609604,15.190306,5.890396,26.179538,0.020000|0.740794,16.609604,15.190269,5.890396,26.179539,0.020000
 39|0.760385,16.302834,15.507018|0.760798,16.302585,15.519608,6.197415,27.544065,0.020000|0.760797,16.302585,15.519569,6.197415,27.544065,0.020000
 40|0.780396,15.989293,15.830114|0.780801,15.989040,15.842701,6.510960,28.937602,0.020000|0.780800,15.989040,15.842660,6.510960,28.937602,0.020000
 41|0.800406,15.669350,16.146872|0.800803,15.669092,16.159455,6.830908,30.359591,0.020000|0.800802,15.669092,16.159413,6.830908,30.359592,0.020000
 42|0.820416,15.343134,16.457164|0.820806,15.342870,16.469745,7.157130,31.809465,0.020000|0.820804,15.342870,16.469700,7.157130,31.809465,0.020000
 43|0.840426,15.010774,16.760867|0.840808,15.010506,16.773445,7.489494,33.286641,0.020000|0.840806,15.010506,16.773398,7.489494,33.286642,0.020000
 44|0.860436,14.672404,17.057859|0.860810,14.672131,17.070434,7.827869,34.790529,0.020000|0.860808,14.672131,17.070385,7.827869,34.790530,0.020000
 45|0.880446,14.328159,17.348022|0.880811,14.327882,17.360593,8.172118,36.320526,0.020000|0.880810,14.327881,17.360542,8.172119,36.320527,0.020000
 46|0.900456,13.978177,17.631238|0.900813,13.977895,17.643806,8.522105,37.876020,0.020000|0.900812,13.977895,17.643753,8.522105,37.876021,0.020000
 47|0.920467,13.622599,17.907395|0.920815,13.622313,17.919959,8.877687,39.456388,0.020000|0.920813,13.622312,17.919904,8.877688,39.456389,0.020000
 48|0.940477,13.261566,18.176382|0.940816,13.261276,18.188943,9.238724,41.060998,0.020000|0.940815,13.261275,18.188885,9.238725,41.060998,0.020000
 49|0.960487,12.895223,18.438091|0.960817,12.894929,18.450649,9.605071,42.689206,0.020000|0.960816,12.894929,18.450589,9.605071,42.689206,0.020000
 50|0.980497,12.523717,18.692418|0.980819,12.523419,18.704972,9.976581,44.340360,0.020000|0.980817,12.523419,18.704910,9.976581,44.340361,0.020000
 51|1.000507,12.147197,18.939261|1.000820,12.146895,18.951811,10.353105,46.013801,0.020000|1.000818,12.146895,18.951746,10.353105,46.013802,0.020000
 52|1.020517,11.765813,19.178520|1.020820,11.765507,19.191067,10.734493,47.708857,0.020000|1.020819,11.765507,19.191000,10.734493,47.708858,0.020000
 53|1.040528,11.379718,19.410101|1.040821,11.379409,19.422644,11.120591,49.424850,0.020000|1.040820,11.379408,19.422574,11.120592,49.424851,0.020000
 54|1.060538,10.989067,19.633909|1.060822,10.988754,19.646449,11.511246,51.161094,0.020000|1.060820,10.988754,19.646377,11.511246,51.161094,0.020000
 55|1.080548,10.594016,19.849857|1.080822,10.593699,19.862393,11.906301,52.916891,0.020000|1.080821,10.593699,19.862318,11.906301,52.916892,0.020000
 56|1.100558,10.194723,20.057857|1.100823,10.194403,20.070389,12.305597,54.691541,0.020000|1.100821,10.194403,20.070311,12.305597,54.691542,0.020000
 57|1.120568,9.791349,20.257825|1.120823,9.791025,20.270354,12.708975,56.484332,0.020000|1.120822,9.791025,20.270274,12.708975,56.484333,0.020000
 58|1.140578,9.384053,20.449683|1.140823,9.383727,20.462207,13.116273,58.294546,0.020000|1.140822,9.383727,20.462125,13.116273,58.294547,0.020000
 59|1.160588,8.973001,20.633353|1.160824,8.972672,20.645873,13.527328,60.121459,0.020000|1.160822,8.972672,20.645788,13.527328,60.121459,0.020000
 60|1.180599,8.558356,20.808761|1.180824,8.558024,20.821278,13.941976,61.964339,0.020000|1.180822,8.558024,20.821190,13.941976,61.964339,0.020000
 61|1.200609,8.140284,20.975838|1.200824,8.139949,20.988351,14.360051,63.822448,0.020000|1.200822,8.139949,20.988260,14.360051,63.822448,0.020000
 62|1.220619,7.718953,21.134516|1.220823,7.718616,21.147025,14.781384,65.695042,0.020000|1.220822,7.718615,21.146932,14.781385,65.695042,0.020000
 63|1.240629,7.294531,21.284732|1.240823,7.294191,21.297237,15.205809,67.581372,0.020000|1.240822,7.294191,21.297141,15.205809,67.581372,0.020000
 64|1.260639,6.867188,21.426426|1.260823,6.866847,21.438926,15.633153,69.480682,0.020000|1.260822,6.866847,21.438828,15.633153,69.480682,0.020000
 65|1.280649,6.437096,21.559541|1.280823,6.436752,21.572037,16.063248,71.392211,0.020000|1.280821,6.436752,21.571936,16.063248,71.392211,0.020000
 66|1.300659,6.004427,21.684023|1.300822,6.004081,21.696516,16.495919,73.315195,0.020000|1.300821,6.004081,21.696412,16.495919,73.315195,0.020000
 67|1.320670,5.569353,21.799823|1.320822,5.569006,21.812312,16.930994,75.248864,0.020000|1.320821,5.569006,21.812205,16.930994,75.248864,0.020000
 68|1.340680,5.132050,21.906895|1.340821,5.131700,21.919380,17.368300,77.192442,0.020000|1.340820,5.131701,21.919270,17.368299,77.192442,0.020000
 69|1.360690,4.692692,22.005196|1.360821,4.692341,22.017676,17.807659,79.145153,0.020000|1.360820,4.692341,22.017564,17.807659,79.145152,0.020000
 70|1.380700,4.251454,22.094686|1.380820,4.251102,22.107162,18.248898,81.106214,0.020000|1.380819,4.251102,22.107047,18.248898,81.106213,0.020000
 71|1.400710,3.808515,22.175329|1.400819,3.808161,22.187801,18.691839,83.074839,0.020000|1.400818,3.808161,22.187683,18.691839,83.074839,0.020000
 72|1.420720,3.364051,22.247093|1.420819,3.363696,22.259562,19.136304,85.050242,0.020000|1.420818,3.363696,22.259440,19.136304,85.050241,0.020000
 73|1.440730,2.918239,22.309950|1.440818,2.917883,22.322414,19.582117,87.031630,0.020000|1.440817,2.917884,22.322290,19.582116,87.031629,0.020000
 74|1.460741,2.471260,22.363874|1.460817,2.470903,22.376334,20.029097,89.018211,0.020000|1.460816,2.470903,22.376207,20.029097,89.018209,0.020000
 75|1.480751,2.023290,22.408844|1.480816,2.022933,22.421300,20.477067,91.009189,0.020000|1.480816,2.022933,22.421170,20.477067,91.009187,0.020000
 76|1.500761,1.574511,22.444842|1.500815,1.574153,22.457293,20.925847,93.003766,0.020000|1.500815,1.574153,22.457160,20.925847,93.003764,0.020000
 77|1.520771,1.125101,22.471852|1.520815,1.124742,22.484300,21.375258,95.001145,0.020000|1.520814,1.124743,22.484164,21.375257,95.001143,0.020000
 78|1.540781,0.675241,22.489865|1.540814,0.674882,22.502309,21.825118,97.000526,0.020000|1.540813,0.674882,22.502170,21.825118,97.000523,0.020000
 79|1.560791,0.225110,22.498874|1.560813,0.224751,22.511313,22.275249,99.001107,0.020000|1.560813,0.224752,22.511171,22.275248,99.001104,0.020000
 80|1.580801,-0.225110,22.498874|1.580812,-0.225470,22.511309,22.274530,98.997912,0.020000|1.580812,-0.225469,22.511164,22.274531,98.997915,0.020000
 81|1.600812,-0.675241,22.489865|1.600811,-0.675600,22.502296,21.824400,96.997331,0.020000|1.600811,-0.675600,22.502149,21.824400,96.997335,0.020000
 82|1.620822,-1.125101,22.471852|1.620810,-1.125460,22.484279,21.374540,94.997953,0.020000|1.620810,-1.125460,22.484128,21.374540,94.997958,0.020000
 83|1.640832,-1.574511,22.444842|1.640809,-1.574870,22.457264,20.925130,93.000578,0.020000|1.640810,-1.574869,22.457111,20.925131,93.000583,0.020000
 84|1.660842,-2.023290,22.408844|1.660808,-2.023649,22.421263,20.476351,91.006006,0.020000|1.660809,-2.023648,22.421106,20.476352,91.006010,0.020000
 85|1.680852,-2.471260,22.363874|1.680807,-2.471617,22.376289,20.028383,89.015034,0.020000|1.680808,-2.471616,22.376129,20.028384,89.015039,0.020000
 86|1.700862,-2.918239,22.309950|1.700806,-2.918596,22.322361,19.581404,87.028460,0.020000|1.700807,-2.918595,22.322198,19.581405,87.028466,0.020000
 87|1.720872,-3.364051,22.247093|1.720806,-3.364407,22.259500,19.135593,85.047081,0.020000|1.720807,-3.364405,22.259334,19.135595,85.047087,0.020000
 88|1.740883,-3.808515,22.175329|1.740805,-3.808870,22.187731,18.691130,83.071688,0.020000|1.740806,-3.808869,22.187563,18.691131,83.071695,0.020000
 89|1.760893,-4.251454,22.094686|1.760804,-4.251809,22.107084,18.248191,81.103073,0.020000|1.760805,-4.251807,22.106912,18.248193,81.103081,0.020000
 90|1.780903,-4.692692,22.005196|1.780803,-4.693044,22.017590,17.806956,79.142025,0.020000|1.780805,-4.693043,22.017416,17.806957,79.142033,0.020000
 91|1.800913,-5.132050,21.906895|1.800803,-5.132401,21.919286,17.367599,77.189327,0.020000|1.800804,-5.132399,21.919108,17.367601,77.189336,0.020000
 92|1.820923,-5.569353,21.799823|1.820802,-5.569703,21.812210,16.930297,75.245763,0.020000|1.820804,-5.569701,21.812029,16.930299,75.245773,0.020000
 93|1.840933,-6.004427,21.684023|1.840801,-6.004775,21.696406,16.495225,73.312111,0.020000|1.840803,-6.004773,21.696222,16.495227,73.312121,0.020000
 94|1.860943,-6.437096,21.559541|1.860801,-6.437443,21.571919,16.062557,71.389144,0.020000|1.860803,-6.437440,21.571733,16.062560,71.389154,0.020000
 95|1.880954,-6.867188,21.426426|1.880800,-6.867533,21.438800,15.632467,69.477632,0.020000|1.880803,-6.867530,21.438611,15.632470,69.477643,0.020000
 96|1.900964,-7.294531,21.284732|1.900800,-7.294873,21.297103,15.205127,67.578341,0.020000|1.900803,-7.294870,21.296911,15.205130,67.578353,0.020000
 97|1.920974,-7.718953,21.134516|1.920800,-7.719293,21.146883,14.780707,65.692032,0.020000|1.920802,-7.719290,21.146688,14.780710,65.692045,0.020000
 98|1.940984,-8.140284,20.975838|1.940799,-8.140622,20.988201,14.359378,63.819459,0.020000|1.940802,-8.140619,20.988003,14.359381,63.819473,0.020000
 99|1.960994,-8.558356,20.808761|1.960799,-8.558691,20.821121,13.941309,61.961373,0.020000|1.960802,-8.558688,20.820920,13.941312,61.961387,0.020000
100|1.981004,-8.973001,20.633353|1.980799,-8.973334,20.645709,13.526666,60.118517,0.020000|1.980802,-8.973330,20.645505,13.526670,60.118532,0.020000
101|2.001014,-9.384053,20.449683|2.000799,-9.384383,20.462035,13.115617,58.291629,0.020000|2.000803,-9.384380,20.461829,13.115620,58.291645,0.020000
102|2.021025,-9.791349,20.257825|2.020799,-9.791676,20.270174,12.708324,56.481441,0.020000|2.020803,-9.791672,20.269965,12.708328,56.481458,0.020000
103|2.041035,-10.194723,20.057857|2.040799,-10.195048,20.070201,12.304952,54.688677,0.020000|2.040803,-10.195044,20.069990,12.304956,54.688695,0.020000
104|2.061045,-10.594016,19.849857|2.060799,-10.594337,19.862198,11.905663,52.914056,0.020000|2.060804,-10.594333,19.861984,11.905667,52.914075,0.020000
105|2.081055,-10.989067,19.633909|2.080800,-10.989385,19.646247,11.510615,51.158287,0.020000|2.080804,-10.989381,19.646030,11.510619,51.158307,0.020000
106|2.101065,-11.379718,19.410101|2.100800,-11.380033,19.422435,11.119967,49.422075,0.020000|2.100805,-11.380028,19.422215,11.119972,49.422096,0.020000
107|2.121075,-11.765813,19.178520|2.120801,-11.766125,19.190851,10.733875,47.706113,0.020000|2.120806,-11.766120,19.190628,10.733880,47.706135,0.020000
108|2.141085,-12.147197,18.939261|2.140801,-12.147505,18.951588,10.352495,46.011089,0.020000|2.140807,-12.147500,18.951363,10.352500,46.011112,0.020000
109|2.161096,-12.523717,18.692418|2.160802,-12.524022,18.704742,9.975978,44.337682,0.020000|2.160808,-12.524016,18.704514,9.975984,44.337706,0.020000
110|2.181106,-12.895223,18.438091|2.180803,-12.895524,18.450412,9.604476,42.686562,0.020000|2.180809,-12.895518,18.450182,9.604482,42.686587,0.020000
111|2.201116,-13.261566,18.176382|2.200804,-13.261862,18.188700,9.238138,41.058389,0.020000|2.200810,-13.261856,18.188467,9.238144,41.058416,0.020000
112|2.221126,-13.622599,17.907395|2.220805,-13.622891,17.919709,8.877109,39.453816,0.020000|2.220811,-13.622885,17.919474,8.877115,39.453844,0.020000
113|2.241136,-13.978177,17.631238|2.240806,-13.978466,17.643549,8.521534,37.873486,0.020000|2.240813,-13.978459,17.643311,8.521541,37.873515,0.020000
114|2.261146,-14.328159,17.348022|2.260808,-14.328443,17.360330,8.171557,36.318030,0.020000|2.260814,-14.328436,17.360089,8.171564,36.318061,0.020000
115|2.281156,-14.672404,17.057859|2.280809,-14.672684,17.070164,7.827316,34.788072,0.020000|2.280816,-14.672677,17.069922,7.827323,34.788104,0.020000
116|2.301167,-15.010774,16.760867|2.300811,-15.011049,16.773169,7.488951,33.284225,0.020000|2.300818,-15.011042,16.772924,7.488958,33.284258,0.020000
117|2.321177,-15.343134,16.457164|2.320813,-15.343405,16.469463,7.156595,31.807090,0.020000|2.320820,-15.343397,16.469216,7.156603,31.807124,0.020000
118|2.341187,-15.669350,16.146872|2.340815,-15.669617,16.159168,6.830383,30.357259,0.020000|2.340822,-15.669609,16.158918,6.830391,30.357294,0.020000
119|2.361197,-15.989293,15.830114|2.360817,-15.989555,15.842407,6.510445,28.935312,0.020000|2.360825,-15.989547,15.842155,6.510453,28.935349,0.020000
120|2.381207,-16.302834,15.507018|2.380819,-16.303091,15.519309,6.196909,27.541819,0.020000|2.380827,-16.303082,15.519055,6.196918,27.541857,0.020000
121|2.401217,-16.609847,15.177713|2.400822,-16.610099,15.190001,5.889901,26.177337,0.020000|2.400830,-16.610090,15.189745,5.889910,26.177377,0.020000
122|2.421227,-16.910210,14.842332|2.420825,-16.910457,14.854617,5.589543,24.842414,0.020000|2.420833,-16.910448,14.854358,5.589552,24.842455,0.020000
123|2.441238,-17.203802,14.501007|2.440827,-17.204044,14.513290,5.295956,23.537583,0.020000|2.440836,-17.204034,14.513029,5.295966,23.537626,0.020000
124|2.461248,-17.490505,14.153876|2.460830,-17.490742,14.166156,5.009258,22.263367,0.020000|2.460839,-17.490732,14.165894,5.009268,22.263411,0.020000
125|2.481258,-17.770206,13.801079|2.480833,-17.770438,13.813356,4.729562,21.020276,0.020000|2.480842,-17.770428,13.813092,4.729572,21.020322,0.020000
126|2.501268,-18.042792,13.442755|2.500837,-18.043018,13.455030,4.456982,19.808808,0.020000|2.500846,-18.043008,13.454764,4.456992,19.808855,0.020000
127|2.521278,-18.308153,13.079049|2.520840,-18.308374,13.091322,4.191626,18.629448,0.020000|2.520850,-18.308363,13.091054,4.191637,18.629497,0.020000
128|2.541288,-18.566184,12.710106|2.540844,-18.566400,12.722377,3.933600,17.482667,0.020000|2.540853,-18.566388,12.722107,3.933612,17.482718,0.020000
129|2.561298,-18.816781,12.336075|2.560848,-18.816991,12.348343,3.683009,16.368927,0.020000|2.560858,-18.816980,12.348071,3.683020,16.368979,0.020000
130|2.581309,-19.059844,11.957104|2.580852,-19.060049,11.969370,3.439951,15.288671,0.020000|2.580862,-19.060037,11.969097,3.439963,15.288725,0.020000
131|2.601319,-19.295276,11.573345|2.600856,-19.295475,11.585609,3.204525,14.242333,0.020000|2.600866,-19.295462,11.585334,3.204538,14.242389,0.020000
132|2.621329,-19.522982,11.184953|2.620860,-19.523175,11.197215,2.976825,13.230332,0.020000|2.620871,-19.523162,11.196938,2.976838,13.230390,0.020000
133|2.641339,-19.742871,10.792082|2.640865,-19.743059,10.804342,2.756941,12.253073,0.020000|2.640876,-19.743045,10.804064,2.756955,12.253132,0.020000
134|2.661349,-19.954856,10.394890|2.660870,-19.955037,10.407148,2.544963,11.310947,0.020000|2.660881,-19.955023,10.406869,2.544977,11.311008,0.020000
135|2.681359,-20.158850,9.993536|2.680875,-20.159026,10.005793,2.340974,10.404331,0.020000|2.680886,-20.159011,10.005512,2.340989,10.404394,0.020000
136|2.701369,-20.354773,9.588181|2.700880,-20.354943,9.600436,2.145057,9.533588,0.020000|2.700891,-20.354928,9.600153,2.145072,9.533653,0.020000
137|2.721380,-20.542546,9.178987|2.720885,-20.542710,9.191240,1.957290,8.699068,0.020000|2.720897,-20.542695,9.190956,1.957305,8.699135,0.020000
138|2.741390,-20.722094,8.766117|2.740891,-20.722252,8.778369,1.777748,7.901104,0.020000|2.740903,-20.722236,8.778084,1.777764,7.901172,0.020000
139|2.761400,-20.893345,8.349738|2.760897,-20.893497,8.361988,1.606503,7.140015,0.020000|2.760908,-20.893481,8.361702,1.606519,7.140086,0.020000
140|2.781410,-21.056231,7.930015|2.780903,-21.056376,7.942264,1.443624,6.416107,0.020000|2.780915,-21.056360,7.941977,1.443640,6.416179,0.020000
141|2.801420,-21.210686,7.507118|2.800909,-21.210824,7.519365,1.289176,5.729669,0.020000|2.800921,-21.210808,7.519076,1.289192,5.729743,0.020000
142|2.821430,-21.356648,7.081214|2.820916,-21.356780,7.093460,1.143220,5.080977,0.020000|2.820928,-21.356763,7.093171,1.143237,5.081052,0.020000
143|2.841440,-21.494059,6.652475|2.840922,-21.494185,6.664720,1.005815,4.470289,0.020000|2.840934,-21.494168,6.664430,1.005832,4.470366,0.020000
144|2.861451,-21.622864,6.221073|2.860929,-21.622984,6.233317,0.877016,3.897850,0.020000|2.860941,-21.622966,6.233025,0.877034,3.897930,0.020000
145|2.881461,-21.743012,5.787180|2.880936,-21.743125,5.799423,0.756875,3.363890,0.020000|2.880949,-21.743106,5.799130,0.756894,3.363971,0.020000
146|2.901471,-21.854453,5.350970|2.900944,-21.854560,5.363211,0.645440,2.868622,0.020000|2.900956,-21.854541,5.362918,0.645459,2.868705,0.020000
147|2.921481,-21.957145,4.912617|2.920951,-21.957245,4.924858,0.542755,2.412245,0.020000|2.920964,-21.957226,4.924564,0.542774,2.412330,0.020000
148|2.941491,-22.051044,4.472297|2.940959,-22.051138,4.484537,0.448862,1.994941,0.020000|2.940972,-22.051119,4.484243,0.448881,1.995028,0.020000
149|2.961501,-22.136115,4.030186|2.960967,-22.136203,4.042426,0.363797,1.616877,0.020000|2.960980,-22.136182,4.042131,0.363818,1.616967,0.020000
150|2.981511,-22.212323,3.586462|2.980975,-22.212404,3.598701,0.287596,1.278206,0.020000|2.980988,-22.212383,3.598405,0.287617,1.278297,0.020000
151|3.001522,-22.279637,3.141302|3.000984,-22.279711,3.153540,0.220289,0.979062,0.020000|3.000996,-22.279690,3.153244,0.220310,0.979155,0.020000
152|3.021532,-22.338030,2.694884|3.020992,-22.338098,2.707122,0.161902,0.719565,0.020000|3.021005,-22.338076,2.706825,0.161924,0.719660,0.020000
153|3.041542,-22.387480,2.247387|3.041001,-22.387541,2.259625,0.112459,0.499819,0.020000|3.041014,-22.387519,2.259328,0.112481,0.499916,0.020000
154|3.061552,-22.427965,1.798991|3.061010,-22.428020,1.811227,0.071980,0.319912,0.020000|3.061023,-22.427997,1.810930,0.072003,0.320012,0.020000
155|3.081562,-22.459471,1.349874|3.081020,-22.459519,1.362110,0.040481,0.179916,0.020000|3.081033,-22.459496,1.361813,0.040504,0.180018,0.020000
156|3.101572,-22.481984,0.900216|3.101029,-22.482025,0.912452,0.017975,0.079888,0.020000|3.101042,-22.482002,0.912155,0.017998,0.079992,0.020000
157|3.121583,-22.495496,0.450198|3.121039,-22.495530,0.462434,0.004470,0.019867,0.020000|3.121052,-22.495506,0.462137,0.004494,0.019972,0.020000
158|3.141593,-22.500000,0.000000|3.141049,-22.500028,0.012236,0.000028,0.000123,0.020000|3.141062,-22.500004,0.011939,0.000004,0.000016,0.020000
159|3.161603,-22.495496,-0.450198|3.161059,-22.495517,-0.437962,0.004483,0.019926,0.020000|3.161072,-22.495492,-0.438260,0.004508,0.020035,0.020000
160|3.181613,-22.481984,-0.900216|3.181070,-22.481999,-0.887980,0.018001,0.080006,0.020000|3.181083,-22.481973,-0.888277,0.018027,0.080118,0.020000
161|3.201623,-22.459471,-1.349874|3.201080,-22.459479,-1.337637,0.040521,0.180094,0.020000|3.201093,-22.459453,-1.337934,0.040547,0.180208,0.020000
162|3.221633,-22.427965,-1.798991|3.221091,-22.427967,-1.786754,0.072033,0.320148,0.020000|3.221104,-22.427941,-1.787051,0.072059,0.320264,0.020000
163|3.241643,-22.387480,-2.247387|3.241102,-22.387474,-2.235150,0.112526,0.500114,0.020000|3.241115,-22.387448,-2.235447,0.112552,0.500232,0.020000
164|3.261654,-22.338030,-2.694884|3.261114,-22.338018,-2.682647,0.161982,0.719919,0.020000|3.261127,-22.337991,-2.682943,0.162009,0.720039,0.020000
165|3.281664,-22.279637,-3.141302|3.281125,-22.279618,-3.129064,0.220382,0.979474,0.020000|3.281138,-22.279591,-3.129360,0.220409,0.979596,0.020000
166|3.301674,-22.212323,-3.586462|3.301137,-22.212298,-3.574224,0.287702,1.278677,0.020000|3.301150,-22.212270,-3.574519,0.287730,1.278801,0.020000
167|3.321684,-22.136115,-4.030186|3.321149,-22.136083,-4.017947,0.363917,1.617407,0.020000|3.321162,-22.136055,-4.018242,0.363945,1.617533,0.020000
168|3.341694,-22.051044,-4.472297|3.341161,-22.051006,-4.460057,0.448994,1.995528,0.020000|3.341174,-22.050977,-4.460351,0.449023,1.995656,0.020000
169|3.361704,-21.957145,-4.912617|3.361174,-21.957100,-4.900376,0.542900,2.412890,0.020000|3.361187,-21.957071,-4.900670,0.542929,2.413020,0.020000
170|3.381714,-21.854453,-5.350970|3.381186,-21.854402,-5.338728,0.645598,2.869325,0.020000|3.381199,-21.854372,-5.339021,0.645628,2.869457,0.020000
171|3.401725,-21.743012,-5.787180|3.401199,-21.742954,-5.774937,0.757046,3.364650,0.020000|3.401212,-21.742924,-5.775229,0.757076,3.364784,0.020000
172|3.421735,-21.622864,-6.221073|3.421212,-21.622800,-6.208829,0.877200,3.898667,0.020000|3.421225,-21.622769,-6.209121,0.877231,3.898803,0.020000
173|3.441745,-21.494059,-6.652475|3.441226,-21.493988,-6.640230,1.006012,4.471163,0.020000|3.441239,-21.493957,-6.640521,1.006043,4.471300,0.020000
174|3.461755,-21.356648,-7.081214|3.461239,-21.356571,-7.068968,1.143429,5.081907,0.020000|3.461252,-21.356540,-7.069258,1.143460,5.082046,0.020000
175|3.481765,-21.210686,-7.507118|3.481253,-21.210602,-7.494870,1.289398,5.730656,0.020000|3.481266,-21.210571,-7.495159,1.289429,5.730797,0.020000
176|3.501775,-21.056231,-7.930015|3.501267,-21.056141,-7.917766,1.443859,6.417149,0.020000|3.501280,-21.056109,-7.918054,1.443891,6.417293,0.020000
177|3.521785,-20.893345,-8.349738|3.521281,-20.893250,-8.337487,1.606750,7.141113,0.020000|3.521294,-20.893217,-8.337774,1.606783,7.141258,0.020000
178|3.541796,-20.722094,-8.766117|3.541296,-20.721992,-8.753865,1.778008,7.902256,0.020000|3.541308,-20.721959,-8.754151,1.778041,7.902403,0.020000
179|3.561806,-20.542546,-9.178987|3.561310,-20.542438,-9.166733,1.957562,8.700274,0.020000|3.561322,-20.542405,-9.167017,1.957595,8.700423,0.020000
180|3.581816,-20.354773,-9.588181|3.581325,-20.354659,-9.575926,2.145341,9.534849,0.020000|3.581337,-20.354625,-9.576208,2.145375,9.534999,0.020000
181|3.601826,-20.158850,-9.993536|3.601340,-20.158730,-9.981279,2.341270,10.405644,0.020000|3.601352,-20.158696,-9.981561,2.341304,10.405797,0.020000
182|3.621836,-19.954856,-10.394890|3.621355,-19.954730,-10.382632,2.545270,11.312313,0.020000|3.621367,-19.954695,-10.382911,2.545305,11.312467,0.020000
183|3.641846,-19.742871,-10.792082|3.641371,-19.742739,-10.779822,2.757261,12.254491,0.020000|3.641382,-19.742704,-10.780100,2.757296,12.254647,0.020000
184|3.661856,-19.522982,-11.184953|3.661386,-19.522845,-11.172690,2.977155,13.231802,0.020000|3.661398,-19.522809,-11.172967,2.977191,13.231960,0.020000
185|3.681867,-19.295276,-11.573345|3.681402,-19.295133,-11.561081,3.204867,14.243854,0.020000|3.681414,-19.295097,-11.561356,3.204903,14.244014,0.020000
186|3.701877,-19.059844,-11.957104|3.701418,-19.059695,-11.944837,3.440305,15.290243,0.020000|3.701429,-19.059659,-11.945111,3.440341,15.290404,0.020000
187|3.721887,-18.816781,-12.336075|3.721434,-18.816627,-12.323806,3.683373,16.370548,0.020000|3.721445,-18.816590,-12.324078,3.683410,16.370711,0.020000
188|3.741897,-18.566184,-12.710106|3.741451,-18.566024,-12.697836,3.933976,17.484338,0.020000|3.741462,-18.565987,-12.698106,3.934013,17.484503,0.020000
189|3.761907,-18.308153,-13.079049|3.761467,-18.307987,-13.066776,4.192013,18.631167,0.020000|3.761478,-18.307950,-13.067044,4.192050,18.631333,0.020000
190|3.781917,-18.042792,-13.442755|3.781484,-18.042621,-13.430480,4.457379,19.810575,0.020000|3.781495,-18.042583,-13.430746,4.457417,19.810743,0.020000
191|3.801927,-17.770206,-13.801079|3.801501,-17.770030,-13.788801,4.729970,21.022090,0.020000|3.801511,-17.769992,-13.789066,4.730008,21.022259,0.020000
192|3.821938,-17.490505,-14.153876|3.821518,-17.490324,-14.141596,5.009676,22.265227,0.020000|3.821528,-17.490285,-14.141859,5.009715,22.265398,0.020000
193|3.841948,-17.203802,-14.501007|3.841536,-17.203615,-14.488724,5.296385,23.539489,0.020000|3.841545,-17.203576,-14.488985,5.296424,23.539661,0.020000
194|3.861958,-16.910210,-14.842332|3.861553,-16.910018,-14.830046,5.589982,24.844365,0.020000|3.861563,-16.909979,-14.830305,5.590021,24.844539,0.020000
195|3.881968,-16.609847,-15.177713|3.881571,-16.609650,-15.165425,5.890350,26.179333,0.020000|3.881580,-16.609611,-15.165682,5.890389,26.179508,0.020000
196|3.901978,-16.302834,-15.507018|3.901588,-16.302632,-15.494727,6.197368,27.543857,0.020000|3.901598,-16.302592,-15.494982,6.197408,27.544034,0.020000
197|3.921988,-15.989293,-15.830114|3.921606,-15.989087,-15.817820,6.510913,28.937393,0.020000|3.921616,-15.989046,-15.818073,6.510954,28.937571,0.020000
198|3.941998,-15.669350,-16.146872|3.941624,-15.669139,-16.134575,6.830861,30.359382,0.020000|3.941633,-15.669099,-16.134825,6.830901,30.359561,0.020000
199|3.962009,-15.343134,-16.457164|3.961643,-15.342918,-16.444865,7.157082,31.809254,0.020000|3.961652,-15.342877,-16.445113,7.157123,31.809434,0.020000
200|3.982019,-15.010774,-16.760867|3.981661,-15.010554,-16.748565,7.489446,33.286429,0.020000|3.981670,-15.010513,-16.748810,7.489487,33.286611,0.020000
201|4.002029,-14.672404,-17.057859|4.001680,-14.672179,-17.045554,7.827821,34.790315,0.020000|4.001688,-14.672138,-17.045797,7.827862,34.790499,0.020000
202|4.022039,-14.328159,-17.348022|4.021698,-14.327930,-17.335714,8.172070,36.320311,0.020000|4.021707,-14.327888,-17.335954,8.172112,36.320496,0.020000
203|4.042049,-13.978177,-17.631238|4.041717,-13.977944,-17.618927,8.522056,37.875804,0.020000|4.041725,-13.977902,-17.619165,8.522098,37.875990,0.020000
204|4.062059,-13.622599,-17.907395|4.061736,-13.622361,-17.895081,8.877639,39.456171,0.020000|4.061744,-13.622319,-17.895316,8.877681,39.456358,0.020000
205|4.082069,-13.261566,-18.176382|4.081755,-13.261325,-18.164065,9.238675,41.060779,0.020000|4.081763,-13.261282,-18.164298,9.238718,41.060968,0.020000
206|4.102080,-12.895223,-18.438091|4.101775,-12.894978,-18.425771,9.605022,42.688986,0.020000|4.101782,-12.894935,-18.426001,9.605065,42.689176,0.020000
207|4.122090,-12.523717,-18.692418|4.121794,-12.523468,-18.680094,9.976532,44.340140,0.020000|4.121801,-12.523426,-18.680322,9.976574,44.340331,0.020000
208|4.142100,-12.147197,-18.939261|4.141813,-12.146945,-18.926933,10.353055,46.013580,0.020000|4.141820,-12.146902,-18.927159,10.353098,46.013771,0.020000
209|4.162110,-11.765813,-19.178520|4.161833,-11.765557,-19.166189,10.734443,47.708635,0.020000|4.161840,-11.765514,-19.166412,10.734486,47.708827,0.020000
210|4.182120,-11.379718,-19.410101|4.181853,-11.379459,-19.397766,11.120541,49.424627,0.020000|4.181859,-11.379415,-19.397986,11.120585,49.424821,0.020000
211|4.202130,-10.989067,-19.633909|4.201873,-10.988804,-19.621571,11.511196,51.160869,0.020000|4.201879,-10.988761,-19.621789,11.511239,51.161064,0.020000
212|4.222140,-10.594016,-19.849857|4.221892,-10.593750,-19.837515,11.906250,52.916666,0.020000|4.221899,-10.593706,-19.837730,11.906294,52.916862,0.020000
213|4.242151,-10.194723,-20.057857|4.241913,-10.194454,-20.045512,12.305546,54.691315,0.020000|4.241919,-10.194410,-20.045724,12.305590,54.691511,0.020000
214|4.262161,-9.791349,-20.257825|4.261933,-9.791076,-20.245477,12.708924,56.484105,0.020000|4.261939,-9.791032,-20.245686,12.708968,56.484302,0.020000
215|4.282171,-9.384053,-20.449683|4.281953,-9.383778,-20.437331,13.116222,58.294318,0.020000|4.281959,-9.383734,-20.437537,13.116266,58.294516,0.020000
216|4.302181,-8.973001,-20.633353|4.301973,-8.972723,-20.620997,13.527277,60.121230,0.020000|4.301979,-8.972678,-20.621201,13.527322,60.121429,0.020000
217|4.322191,-8.558356,-20.808761|4.321994,-8.558076,-20.796402,13.941924,61.964109,0.020000|4.321999,-8.558031,-20.796603,13.941969,61.964309,0.020000
218|4.342201,-8.140284,-20.975838|4.342014,-8.140001,-20.963474,14.359999,63.822217,0.020000|4.342019,-8.139956,-20.963673,14.360044,63.822418,0.020000
219|4.362211,-7.718953,-21.134516|4.362035,-7.718668,-21.122149,14.781332,65.694810,0.020000|4.362040,-7.718622,-21.122344,14.781378,65.695012,0.020000
220|4.382222,-7.294531,-21.284732|4.382055,-7.294244,-21.272361,15.205756,67.581139,0.020000|4.382060,-7.294198,-21.272553,15.205802,67.581342,0.020000
221|4.402232,-6.867188,-21.426426|4.402076,-6.866899,-21.414051,15.633101,69.480448,0.020000|4.402081,-6.866853,-21.414240,15.633147,69.480651,0.020000
222|4.422242,-6.437096,-21.559541|4.422097,-6.436805,-21.547162,16.063195,71.391977,0.020000|4.422101,-6.436759,-21.547348,16.063241,71.392181,0.020000
223|4.442252,-6.004427,-21.684023|4.442118,-6.004134,-21.671640,16.495866,73.314961,0.020000|4.442122,-6.004088,-21.671824,16.495912,73.315165,0.020000
224|4.462262,-5.569353,-21.799823|4.462139,-5.569059,-21.787437,16.930941,75.248628,0.020000|4.462143,-5.569013,-21.787617,16.930987,75.248833,0.020000
225|4.482272,-5.132050,-21.906895|4.482159,-5.131754,-21.894505,17.368246,77.192206,0.020000|4.482163,-5.131707,-21.894682,17.368293,77.192412,0.020000
226|4.502282,-4.692692,-22.005196|4.502180,-4.692394,-21.992801,17.807606,79.144916,0.020000|4.502184,-4.692348,-21.992976,17.807652,79.145122,0.020000
227|4.522293,-4.251454,-22.094686|4.522201,-4.251155,-22.082287,18.248845,81.105976,0.020000|4.522205,-4.251109,-22.082459,18.248891,81.106183,0.020000
228|4.542303,-3.808515,-22.175329|4.542223,-3.808215,-22.162926,18.691785,83.074601,0.020000|4.542226,-3.808168,-22.163095,18.691832,83.074808,0.020000
229|4.562313,-3.364051,-22.247093|4.562244,-3.363749,-22.234687,19.136251,85.050003,0.020000|4.562247,-3.363703,-22.234853,19.136297,85.050210,0.020000
230|4.582323,-2.918239,-22.309950|4.582265,-2.917937,-22.297539,19.582063,87.031390,0.020000|4.582268,-2.917890,-22.297702,19.582110,87.031599,0.020000
231|4.602333,-2.471260,-22.363874|4.602286,-2.470957,-22.351459,20.029043,89.017971,0.020000|4.602289,-2.470910,-22.351619,20.029090,89.018179,0.020000
232|4.622343,-2.023290,-22.408844|4.622307,-2.022987,-22.396425,20.477013,91.008948,0.020000|4.622310,-2.022940,-22.396582,20.477060,91.009156,0.020000
233|4.642353,-1.574511,-22.444842|4.642328,-1.574207,-22.432419,20.925793,93.003525,0.020000|4.642331,-1.574160,-22.432573,20.925840,93.003734,0.020000
234|4.662364,-1.125101,-22.471852|4.662350,-1.124797,-22.459425,21.375203,95.000903,0.020000|4.662352,-1.124750,-22.459576,21.375250,95.001112,0.020000
235|4.682374,-0.675241,-22.489865|4.682371,-0.674936,-22.477434,21.825064,97.000283,0.020000|4.682373,-0.674889,-22.477582,21.825111,97.000493,0.020000
236|4.702384,-0.225110,-22.498874|4.702392,-0.224806,-22.486438,22.275194,99.000863,0.020000|4.702394,-0.224758,-22.486583,22.275242,99.001074,0.020000
237|4.722394,0.225110,-22.498874|4.722413,0.225415,-22.486434,22.274585,98.998156,0.020000|4.722415,0.225462,-22.486576,22.274538,98.997945,0.020000
238|4.742404,0.675241,-22.489865|4.742434,0.675545,-22.477422,21.824455,96.997576,0.020000|4.742436,0.675593,-22.477561,21.824407,96.997365,0.020000
239|4.762414,1.125101,-22.471852|4.762456,1.125405,-22.459405,21.374595,94.998199,0.020000|4.762457,1.125453,-22.459541,21.374547,94.997988,0.020000
240|4.782424,1.574511,-22.444842|4.782477,1.574814,-22.432390,20.925186,93.000824,0.020000|4.782478,1.574862,-22.432523,20.925138,93.000613,0.020000
241|4.802435,2.023290,-22.408844|4.802498,2.023593,-22.396388,20.476407,91.006252,0.020000|4.802499,2.023641,-22.396518,20.476359,91.006041,0.020000
242|4.822445,2.471260,-22.363874|4.822519,2.471562,-22.351414,20.028438,89.015281,0.020000|4.822520,2.471609,-22.351541,20.028391,89.015070,0.020000
243|4.842455,2.918239,-22.309950|4.842540,2.918541,-22.297486,19.581459,87.028709,0.020000|4.842541,2.918588,-22.297610,19.581412,87.028497,0.020000
244|4.862465,3.364051,-22.247093|4.862561,3.364351,-22.234625,19.135649,85.047330,0.020000|4.862562,3.364399,-22.234746,19.135601,85.047118,0.020000
245|4.882475,3.808515,-22.175329|4.882582,3.808814,-22.162856,18.691186,83.071938,0.020000|4.882583,3.808862,-22.162975,18.691138,83.071725,0.020000
246|4.902485,4.251454,-22.094686|4.902603,4.251752,-22.082209,18.248248,81.103324,0.020000|4.902604,4.251800,-22.082325,18.248200,81.103111,0.020000
247|4.922495,4.692692,-22.005196|4.922624,4.692988,-21.992715,17.807012,79.142276,0.020000|4.922625,4.693036,-21.992828,17.806964,79.142063,0.020000
248|4.942506,5.132050,-21.906895|4.942645,5.132345,-21.894411,17.367655,77.189579,0.020000|4.942646,5.132393,-21.894520,17.367607,77.189366,0.020000
249|4.962516,5.569353,-21.799823|4.962666,5.569646,-21.787335,16.930354,75.246016,0.020000|4.962667,5.569694,-21.787441,16.930306,75.245803,0.020000
250|4.982526,6.004427,-21.684023|4.982687,6.004718,-21.671530,16.495282,73.312364,0.020000|4.982687,6.004766,-21.671634,16.495234,73.312151,0.020000
251|5.002536,6.437096,-21.559541|5.002707,6.437386,-21.547044,16.062614,71.389397,0.020000|5.002708,6.437433,-21.547145,16.062567,71.389185,0.020000
252|5.022546,6.867188,-21.426426|5.022728,6.867475,-21.413925,15.632525,69.477887,0.020000|5.022729,6.867523,-21.414023,15.632477,69.477674,0.020000
253|5.042556,7.294531,-21.284732|5.042749,7.294816,-21.272227,15.205184,67.578597,0.020000|5.042749,7.294864,-21.272323,15.205136,67.578384,0.020000
254|5.062567,7.718953,-21.134516|5.062769,7.719235,-21.122007,14.780765,65.692288,0.020000|5.062770,7.719283,-21.122100,14.780717,65.692075,0.020000
255|5.082577,8.140284,-20.975838|5.082790,8.140564,-20.963325,14.359436,63.819716,0.020000|5.082790,8.140612,-20.963415,14.359388,63.819503,0.020000
256|5.102587,8.558356,-20.808761|5.102810,8.558633,-20.796245,13.941367,61.961631,0.020000|5.102810,8.558681,-20.796332,13.941319,61.961418,0.020000
257|5.122597,8.973001,-20.633353|5.122830,8.973275,-20.620832,13.526725,60.118776,0.020000|5.122831,8.973323,-20.620917,13.526677,60.118563,0.020000
258|5.142607,9.384053,-20.449683|5.142850,9.384325,-20.437159,13.115675,58.291889,0.020000|5.142851,9.384373,-20.437241,13.115627,58.291676,0.020000
259|5.162617,9.791349,-20.257825|5.162870,9.791617,-20.245297,12.708383,56.481702,0.020000|5.162871,9.791665,-20.245377,12.708335,56.481489,0.020000
260|5.182627,10.194723,-20.057857|5.182890,10.194989,-20.045325,12.305011,54.688939,0.020000|5.182891,10.195037,-20.045402,12.304963,54.688726,0.020000
261|5.202638,10.594016,-19.849857|5.202910,10.594278,-19.837321,11.905722,52.914318,0.020000|5.202911,10.594326,-19.837396,11.905674,52.914105,0.020000
262|5.222648,10.989067,-19.633909|5.222930,10.989326,-19.621370,11.510674,51.158551,0.020000|5.222930,10.989374,-19.621442,11.510626,51.158338,0.020000
263|5.242658,11.379718,-19.410101|5.242950,11.379974,-19.397558,11.120026,49.422339,0.020000|5.242950,11.380022,-19.397627,11.119978,49.422126,0.020000
264|5.262668,11.765813,-19.178520|5.262969,11.766065,-19.165973,10.733935,47.706378,0.020000|5.262969,11.766113,-19.166040,10.733887,47.706166,0.020000
265|5.282678,12.147197,-18.939261|5.282989,12.147445,-18.926710,10.352555,46.011356,0.020000|5.282989,12.147493,-18.926775,10.352507,46.011143,0.020000
266|5.302688,12.523717,-18.692418|5.303008,12.523961,-18.679864,9.976039,44.337950,0.020000|5.303008,12.524009,-18.679926,9.975991,44.337737,0.020000
267|5.322698,12.895223,-18.438091|5.323027,12.895463,-18.425534,9.604537,42.686830,0.020000|5.323027,12.895511,-18.425594,9.604489,42.686618,0.020000
268|5.342709,13.261566,-18.176382|5.343046,13.261802,-18.163821,9.238198,41.058659,0.020000|5.343046,13.261850,-18.163879,9.238150,41.058447,0.020000
269|5.362719,13.622599,-17.907395|5.363065,13.622830,-17.894831,8.877170,39.454087,0.020000|5.363065,13.622878,-17.894886,8.877122,39.453875,0.020000
270|5.382729,13.978177,-17.631238|5.383084,13.978404,-17.618671,8.521596,37.873758,0.020000|5.383084,13.978452,-17.618723,8.521548,37.873546,0.020000
271|5.402739,14.328159,-17.348022|5.403103,14.328382,-17.335451,8.171618,36.318304,0.020000|5.403103,14.328429,-17.335501,8.171571,36.318091,0.020000
272|5.422749,14.672404,-17.057859|5.423121,14.672622,-17.045285,7.827378,34.788347,0.020000|5.423121,14.672670,-17.045334,7.827330,34.788135,0.020000
273|5.442759,15.010774,-16.760867|5.443139,15.010987,-16.748290,7.489013,33.284501,0.020000|5.443140,15.011035,-16.748336,7.488965,33.284289,0.020000
274|5.462769,15.343134,-16.457164|5.463158,15.343342,-16.444584,7.156658,31.807367,0.020000|5.463158,15.343390,-16.444628,7.156610,31.807155,0.020000
275|5.482780,15.669350,-16.146872|5.483176,15.669554,-16.134288,6.830446,30.357537,0.020000|5.483176,15.669602,-16.134330,6.830398,30.357325,0.020000
276|5.502790,15.989293,-15.830114|5.503194,15.989492,-15.817527,6.510508,28.935592,0.020000|5.503194,15.989540,-15.817567,6.510460,28.935380,0.020000
277|5.522800,16.302834,-15.507018|5.523211,16.303028,-15.494429,6.196972,27.542100,0.020000|5.523212,16.303075,-15.494467,6.196925,27.541888,0.020000
278|5.542810,16.609847,-15.177713|5.543229,16.610036,-15.165121,5.889964,26.177620,0.020000|5.543229,16.610083,-15.165157,5.889917,26.177408,0.020000
279|5.562820,16.910210,-14.842332|5.563246,16.910393,-14.829736,5.589607,24.842698,0.020000|5.563247,16.910441,-14.829770,5.589559,24.842486,0.020000
280|5.582830,17.203802,-14.501007|5.583264,17.203980,-14.488409,5.296020,23.537868,0.020000|5.583264,17.204027,-14.488441,5.295973,23.537657,0.020000
281|5.602840,17.490505,-14.153876|5.603281,17.490678,-14.141276,5.009322,22.263654,0.020000|5.603281,17.490726,-14.141306,5.009274,22.263442,0.020000
282|5.622851,17.770206,-13.801079|5.623298,17.770373,-13.788475,4.729627,21.020564,0.020000|5.623298,17.770421,-13.788504,4.729579,21.020353,0.020000
283|5.642861,18.042792,-13.442755|5.643314,18.042953,-13.430149,4.457047,19.809098,0.020000|5.643315,18.043001,-13.430176,4.456999,19.808886,0.020000
284|5.662871,18.308153,-13.079049|5.663331,18.308309,-13.066441,4.191691,18.629739,0.020000|5.663331,18.308356,-13.066466,4.191644,18.629528,0.020000
285|5.682881,18.566184,-12.710106|5.683347,18.566334,-12.697495,3.933666,17.482961,0.020000|5.683348,18.566381,-12.697519,3.933619,17.482749,0.020000
286|5.702891,18.816781,-12.336075|5.703364,18.816925,-12.323461,3.683075,16.369221,0.020000|5.703364,18.816973,-12.323483,3.683027,16.369010,0.020000
287|5.722901,19.059844,-11.957104|5.723380,19.059982,-11.944488,3.440018,15.288967,0.020000|5.723380,19.060030,-11.944509,3.439970,15.288756,0.020000
288|5.742911,19.295276,-11.573345|5.743395,19.295408,-11.560727,3.204592,14.242631,0.020000|5.743396,19.295455,-11.560746,3.204545,14.242420,0.020000
289|5.762922,19.522982,-11.184953|5.763411,19.523108,-11.172332,2.976892,13.230632,0.020000|5.763412,19.523155,-11.172350,2.976845,13.230421,0.020000
290|5.782932,19.742871,-10.792082|5.783427,19.742991,-10.779460,2.757009,12.253374,0.020000|5.783427,19.743038,-10.779476,2.756962,12.253163,0.020000
291|5.802942,19.954856,-10.394890|5.803442,19.954969,-10.382266,2.545031,11.311250,0.020000|5.803442,19.955016,-10.382281,2.544984,11.311039,0.020000
292|5.822952,20.158850,-9.993536|5.823457,20.158957,-9.980910,2.341043,10.404636,0.020000|5.823457,20.159004,-9.980924,2.340996,10.404425,0.020000
293|5.842962,20.354773,-9.588181|5.843472,20.354874,-9.575553,2.145126,9.533895,0.020000|5.843472,20.354921,-9.575565,2.145079,9.533684,0.020000
294|5.862972,20.542546,-9.178987|5.863487,20.542640,-9.166357,1.957360,8.699376,0.020000|5.863487,20.542688,-9.166368,1.957312,8.699166,0.020000
295|5.882982,20.722094,-8.766117|5.883501,20.722182,-8.753485,1.777818,7.901414,0.020000|5.883501,20.722229,-8.753496,1.777771,7.901204,0.020000
296|5.902993,20.893345,-8.349738|5.903515,20.893426,-8.337104,1.606574,7.140327,0.020000|5.903516,20.893474,-8.337114,1.606526,7.140117,0.020000
297|5.923003,21.056231,-7.930015|5.923529,21.056305,-7.917380,1.443695,6.416421,0.020000|5.923530,21.056353,-7.917389,1.443647,6.416211,0.020000
298|5.943013,21.210686,-7.507118|5.943543,21.210753,-7.494481,1.289247,5.729985,0.020000|5.943544,21.210801,-7.494488,1.289199,5.729775,0.020000
299|5.963023,21.356648,-7.081214|5.963557,21.356709,-7.068576,1.143291,5.081294,0.020000|5.963557,21.356756,-7.068583,1.143244,5.081084,0.020000
300|5.983033,21.494059,-6.652475|5.983571,21.494113,-6.639836,1.005887,4.470608,0.020000|5.983571,21.494161,-6.639842,1.005839,4.470398,0.020000
301|6.003043,21.622864,-6.221073|6.003584,21.622911,-6.208433,0.877089,3.898171,0.020000|6.003584,21.622959,-6.208437,0.877041,3.897961,0.020000
302|6.023053,21.743012,-5.787180|6.023597,21.743052,-5.774538,0.756948,3.364213,0.020000|6.023597,21.743099,-5.774542,0.756901,3.364003,0.020000
303|6.043064,21.854453,-5.350970|6.043610,21.854487,-5.338327,0.645513,2.868947,0.020000|6.043610,21.854534,-5.338330,0.645466,2.868737,0.020000
304|6.063074,21.957145,-4.912617|6.063622,21.957171,-4.899973,0.542829,2.412572,0.020000|6.063623,21.957219,-4.899976,0.542781,2.412362,0.020000
305|6.083084,22.051044,-4.472297|6.083635,22.051064,-4.459653,0.448936,1.995270,0.020000|6.083635,22.051112,-4.459655,0.448888,1.995060,0.020000
306|6.103094,22.136115,-4.030186|6.103647,22.136128,-4.017541,0.363872,1.617209,0.020000|6.103647,22.136175,-4.017543,0.363825,1.616999,0.020000
307|6.123104,22.212323,-3.586462|6.123659,22.212329,-3.573816,0.287671,1.278539,0.020000|6.123659,22.212376,-3.573817,0.287624,1.278329,0.020000
308|6.143114,22.279637,-3.141302|6.143671,22.279636,-3.128656,0.220364,0.979397,0.020000|6.143671,22.279683,-3.128656,0.220317,0.979187,0.020000
309|6.163124,22.338030,-2.694884|6.163682,22.338022,-2.682237,0.161978,0.719902,0.020000|6.163683,22.338069,-2.682237,0.161931,0.719692,0.020000
310|6.183135,22.387480,-2.247387|6.183694,22.387464,-2.234740,0.112536,0.500158,0.020000|6.183694,22.387512,-2.234740,0.112488,0.499948,0.020000
311|6.203145,22.427965,-1.798991|6.203705,22.427943,-1.786343,0.072057,0.320253,0.020000|6.203705,22.427990,-1.786342,0.072010,0.320043,0.020000
312|6.223155,22.459471,-1.349874|6.223716,22.459442,-1.337225,0.040558,0.180260,0.020000|6.223716,22.459489,-1.337225,0.040511,0.180050,0.020000
313|6.243165,22.481984,-0.900216|6.243727,22.481948,-0.887568,0.018052,0.080233,0.020000|6.243727,22.481995,-0.887567,0.018005,0.080023,0.020000
314|6.263175,22.495496,-0.450198|6.263737,22.495452,-0.437550,0.004548,0.020214,0.020000|6.263737,22.495499,-0.437549,0.004501,0.020004,0.020000
