OneBody1_E-0.2_ecc0.8_RK4.txt
initial value : [x, y, v_x, v_y] = [4.50,0.00,0.00,1.90] , numerical interval dt = 0.02000 , [M, m] = [ 9, 1]

num|given_position|geodesic|newtonian
num| degree1, x1, y1 | degree2, x2, y2, simple error, relative error, d(rho) | degree2, x2, y2, simple error, relative error, dt
  1|0.000000,4.500000,0.000000|0.022221,4.499383,0.099998,0.001111,0.024688,0.052702|0.022221,4.499383,0.099998,0.001111,0.024688,0.052706
  2|0.020010,4.499499,0.090048|0.042226,4.497648,0.190031,0.004136,0.091865,0.052687|0.042226,4.497648,0.190031,0.004136,0.091866,0.052712
  3|0.040020,4.497998,0.180107|0.062225,4.494912,0.280060,0.008962,0.198979,0.052660|0.062225,4.494912,0.280060,0.008962,0.198980,0.052722
  4|0.060030,4.495493,0.270191|0.082220,4.491176,0.370098,0.015591,0.345944,0.052619|0.082220,4.491175,0.370098,0.015591,0.345947,0.052738
  5|0.080041,4.491985,0.360311|0.102209,4.486436,0.460157,0.024026,0.532663,0.052566|0.102209,4.486436,0.460157,0.024026,0.532667,0.052759
  6|0.100051,4.487470,0.450479|0.122193,4.480693,0.550249,0.034269,0.759020,0.052499|0.122193,4.480692,0.550249,0.034270,0.759025,0.052784
  7|0.120061,4.481946,0.540707|0.142171,4.473942,0.640386,0.046328,1.024885,0.052421|0.142171,4.473942,0.640386,0.046328,1.024889,0.052815
  8|0.140071,4.475408,0.631007|0.162145,4.466181,0.730581,0.060206,1.330111,0.052329|0.162145,4.466181,0.730580,0.060206,1.330115,0.052851
  9|0.160081,4.467853,0.721392|0.182113,4.457406,0.820845,0.075912,1.674538,0.052226|0.182113,4.457406,0.820845,0.075912,1.674541,0.052891
 10|0.180091,4.459276,0.811873|0.202076,4.447612,0.911190,0.093455,2.057990,0.052110|0.202076,4.447612,0.911190,0.093455,2.057990,0.052937
 11|0.200101,4.449670,0.902463|0.222033,4.436795,1.001630,0.112844,2.480275,0.051983|0.222033,4.436795,1.001630,0.112843,2.480271,0.052987
 12|0.220112,4.439029,0.993173|0.241986,4.424947,1.092177,0.134090,2.941187,0.051844|0.241986,4.424947,1.092177,0.134089,2.941177,0.053043
 13|0.240122,4.427346,1.084017|0.261933,4.412062,1.182842,0.157206,3.440507,0.051693|0.261933,4.412063,1.182842,0.157205,3.440488,0.053104
 14|0.260132,4.414613,1.175006|0.281876,4.398133,1.273638,0.182206,3.977999,0.051531|0.281876,4.398134,1.273638,0.182204,3.977969,0.053169
 15|0.280142,4.400822,1.266152|0.301813,4.383151,1.364578,0.209104,4.553413,0.051358|0.301813,4.383153,1.364579,0.209102,4.553369,0.053240
 16|0.300152,4.385963,1.357469|0.321745,4.367107,1.455675,0.237918,5.166486,0.051175|0.321745,4.367110,1.455675,0.237915,5.166425,0.053315
 17|0.320162,4.370025,1.448967|0.341672,4.349992,1.546940,0.268665,5.816940,0.050981|0.341672,4.349996,1.546941,0.268661,5.816858,0.053396
 18|0.340172,4.352999,1.540661|0.361594,4.331796,1.638387,0.301363,6.504485,0.050777|0.361594,4.331800,1.638388,0.301358,6.504377,0.053482
 19|0.360183,4.334872,1.632562|0.381511,4.312506,1.730029,0.336034,7.228814,0.050564|0.381511,4.312512,1.730030,0.336028,7.228676,0.053572
 20|0.380193,4.315632,1.724683|0.401423,4.292111,1.821877,0.372700,7.989610,0.050341|0.401422,4.292118,1.821879,0.372692,7.989437,0.053668
 21|0.400203,4.295265,1.817036|0.421330,4.270597,1.913946,0.411384,8.786540,0.050110|0.421329,4.270607,1.913948,0.411374,8.786326,0.053768
 22|0.420213,4.273757,1.909635|0.441232,4.247952,2.006248,0.452111,9.619260,0.049869|0.441231,4.247964,2.006251,0.452099,9.618999,0.053874
 23|0.440223,4.251094,2.002491|0.461129,4.224160,2.098796,0.494908,10.487412,0.049621|0.461128,4.224174,2.098800,0.494893,10.487098,0.053985
 24|0.460233,4.227259,2.095619|0.481021,4.199205,2.191603,0.539803,11.390624,0.049364|0.481020,4.199223,2.191608,0.539785,11.390250,0.054100
 25|0.480243,4.202236,2.189030|0.500908,4.173073,2.284683,0.586825,12.328515,0.049101|0.500907,4.173093,2.284689,0.586803,12.328073,0.054221
 26|0.500254,4.176007,2.282738|0.520791,4.145744,2.378049,0.636006,13.300688,0.048830|0.520790,4.145767,2.378057,0.635981,13.300170,0.054347
 27|0.520264,4.148553,2.376756|0.540668,4.117200,2.471714,0.687378,14.306736,0.048552|0.540667,4.117228,2.471723,0.687349,14.306134,0.054478
 28|0.540274,4.119855,2.471097|0.560541,4.087423,2.565692,0.740978,15.346240,0.048269|0.560540,4.087455,2.565703,0.740944,15.345543,0.054614
 29|0.560284,4.089892,2.565775|0.580410,4.056392,2.659996,0.796841,16.418768,0.047979|0.580408,4.056429,2.660010,0.796802,16.417968,0.054754
 30|0.580294,4.058643,2.660801|0.600273,4.024086,2.754641,0.855006,17.523877,0.047684|0.600271,4.024128,2.754656,0.854961,17.522963,0.054900
 31|0.600304,4.026084,2.756191|0.620132,3.990482,2.849639,0.915513,18.661114,0.047385|0.620130,3.990530,2.849657,0.915462,18.660075,0.055051
 32|0.620314,3.992192,2.851957|0.639987,3.955556,2.945005,0.978405,19.830013,0.047081|0.639984,3.955611,2.945026,0.978346,19.828837,0.055207
 33|0.640325,3.956942,2.948114|0.659837,3.919285,3.040752,1.043726,21.030098,0.046772|0.659833,3.919346,3.040777,1.043659,21.028774,0.055367
 34|0.660335,3.920308,3.044674|0.679682,3.881642,3.136896,1.111522,22.260883,0.046460|0.679678,3.881711,3.136925,1.111447,22.259398,0.055533
 35|0.680345,3.882263,3.141651|0.699524,3.842600,3.233449,1.181843,23.521870,0.046145|0.699519,3.842677,3.233482,1.181758,23.520211,0.055704
 36|0.700355,3.842777,3.239060|0.719360,3.802130,3.330426,1.254738,24.812553,0.045827|0.719355,3.802217,3.330465,1.254642,24.810705,0.055879
 37|0.720365,3.801822,3.336914|0.739193,3.760204,3.427842,1.330261,26.132413,0.045507|0.739187,3.760300,3.427886,1.330154,26.130362,0.056060
 38|0.740375,3.759367,3.435227|0.759021,3.716790,3.525710,1.408468,27.480923,0.045184|0.759014,3.716897,3.525760,1.408349,27.478655,0.056245
 39|0.760385,3.715378,3.534013|0.778845,3.671856,3.624046,1.489417,28.857547,0.044860|0.778837,3.671975,3.624103,1.489283,28.855046,0.056436
 40|0.780396,3.669822,3.633287|0.798665,3.625369,3.722864,1.573167,30.261739,0.044535|0.798656,3.625499,3.722928,1.573019,30.258989,0.056631
 41|0.800406,3.622663,3.733063|0.818481,3.577292,3.822178,1.659783,31.692942,0.044209|0.818471,3.577436,3.822251,1.659619,31.689928,0.056831
 42|0.820416,3.573865,3.833355|0.838293,3.527590,3.922004,1.749330,33.150594,0.043883|0.838281,3.527748,3.922086,1.749148,33.147299,0.057036
 43|0.840426,3.523388,3.934177|0.858101,3.476223,4.022356,1.841877,34.634121,0.043557|0.858088,3.476396,4.022448,1.841677,34.630528,0.057245
 44|0.860436,3.471194,4.035544|0.877906,3.423152,4.123249,1.937496,36.142942,0.043231|0.877891,3.423341,4.123352,1.937275,36.139033,0.057459
 45|0.880446,3.417239,4.137471|0.897706,3.368336,4.224698,2.036261,37.676466,0.042906|0.897690,3.368542,4.224813,2.036018,37.672226,0.057678
 46|0.900456,3.361481,4.239972|0.917503,3.311730,4.326717,2.138251,39.234098,0.042582|0.917485,3.311954,4.326846,2.137984,39.229507,0.057902
 47|0.920467,3.303874,4.343061|0.937296,3.253289,4.429323,2.243546,40.815230,0.042260|0.937276,3.253533,4.429466,2.243253,40.810272,0.058130
 48|0.940477,3.244371,4.446754|0.957086,3.192966,4.532530,2.352231,42.419250,0.041939|0.957064,3.193230,4.532688,2.351911,42.413907,0.058362
 49|0.960487,3.182921,4.551064|0.976873,3.130712,4.636353,2.464395,44.045537,0.041620|0.976848,3.130998,4.636528,2.464045,44.039792,0.058599
 50|0.980497,3.119475,4.656008|0.996656,3.066475,4.740808,2.580129,45.693464,0.041304|0.996629,3.066784,4.741000,2.579748,45.687300,0.058840
 51|1.000507,3.053977,4.761598|1.016436,3.000202,4.845908,2.699529,47.362397,0.040991|1.016406,3.000535,4.846120,2.699114,47.355797,0.059086
 52|1.020517,2.986373,4.867851|1.036213,2.931837,4.951671,2.822696,49.051693,0.040680|1.036180,2.932195,4.951903,2.822244,49.044640,0.059336
 53|1.040528,2.916605,4.974780|1.055987,2.861322,5.058109,2.949732,50.760705,0.040373|1.055951,2.861707,5.058364,2.949242,50.753185,0.059590
 54|1.060538,2.844611,5.082400|1.075758,2.788596,5.165239,3.080746,52.488780,0.040070|1.075718,2.789010,5.165517,3.080214,52.480775,0.059847
 55|1.080548,2.770329,5.190726|1.095526,2.713597,5.273076,3.215852,54.235255,0.039770|1.095483,2.714040,5.273379,3.215276,54.226754,0.060109
 56|1.100558,2.693693,5.299772|1.115292,2.636259,5.381633,3.355166,55.999467,0.039475|1.115245,2.636733,5.381964,3.354542,55.990455,0.060375
 57|1.120568,2.614635,5.409553|1.135055,2.556512,5.490927,3.498810,57.780742,0.039184|1.135004,2.557019,5.491287,3.498137,57.771207,0.060644
 58|1.140578,2.533083,5.520082|1.154816,2.474287,5.600971,3.646914,59.578404,0.038898|1.154761,2.474828,5.601361,3.646186,59.568335,0.060917
 59|1.160588,2.448963,5.631373|1.174574,2.389508,5.711780,3.799608,61.391770,0.038616|1.174514,2.390085,5.712203,3.798824,61.381157,0.061193
 60|1.180599,2.362198,5.743442|1.194330,2.302099,5.823367,3.957033,63.220153,0.038340|1.194266,2.302713,5.823825,3.956188,63.208988,0.061473
 61|1.200609,2.272707,5.856299|1.214084,2.211979,5.935748,4.119331,65.062860,0.038068|1.214015,2.212631,5.936242,4.118422,65.051137,0.061755
 62|1.220619,2.180407,5.969960|1.233836,2.119063,6.048934,4.286654,66.919194,0.037802|1.233762,2.119755,6.049468,4.285676,66.906908,0.062041
 63|1.240629,2.085209,6.084437|1.253587,2.023264,6.162941,4.459157,68.788453,0.037542|1.253507,2.023998,6.163515,4.458107,68.775603,0.062329
 64|1.260639,1.987023,6.199743|1.273336,1.924491,6.277780,4.637005,70.669932,0.037287|1.273250,1.925269,6.278397,4.635878,70.656517,0.062621
 65|1.280649,1.885754,6.315889|1.293083,1.822649,6.393463,4.820366,72.562921,0.037039|1.292991,1.823472,6.394126,4.819158,72.548943,0.062914
 66|1.300659,1.781302,6.432887|1.312829,1.717639,6.510004,5.009418,74.466706,0.036796|1.312731,1.718509,6.510714,5.008125,74.452170,0.063210
 67|1.320670,1.673565,6.550748|1.332574,1.609358,6.627412,5.204347,76.380570,0.036559|1.332469,1.610276,6.628172,5.202963,76.365482,0.063508
 68|1.340680,1.562436,6.669483|1.352318,1.497698,6.745700,5.405343,78.303791,0.036329|1.352206,1.498666,6.746511,5.403864,78.288163,0.063808
 69|1.360690,1.447801,6.789101|1.372060,1.382547,6.864876,5.612608,80.235646,0.036105|1.371942,1.383567,6.865742,5.611029,80.219490,0.064110
 70|1.380700,1.329546,6.909611|1.391803,1.263789,6.984950,5.826351,82.175407,0.035888|1.391677,1.264861,6.985873,5.824666,82.158739,0.064413
 71|1.400710,1.207547,7.031021|1.411544,1.141300,7.105930,6.046790,84.122343,0.035677|1.411411,1.142427,7.106912,6.044993,84.105182,0.064717
 72|1.420720,1.081678,7.153338|1.431285,1.014956,7.227824,6.274151,86.075722,0.035473|1.431145,1.016139,7.228867,6.272237,86.058090,0.065023
 73|1.440730,0.951807,7.276568|1.451026,0.884622,7.350637,6.508673,88.034807,0.035275|1.450877,0.885863,7.351744,6.506636,88.016730,0.065329
 74|1.460741,0.817796,7.400716|1.470767,0.750162,7.474375,6.750601,89.998860,0.035084|1.470610,0.751462,7.475548,6.748435,89.980368,0.065636
 75|1.480751,0.679502,7.525785|1.490508,0.611431,7.599040,7.000193,91.967142,0.034900|1.490343,0.612792,7.600282,6.997891,91.948266,0.065942
 76|1.500761,0.536774,7.651777|1.510249,0.468280,7.724636,7.257717,93.938909,0.034723|1.510076,0.469703,7.725949,7.255274,93.919685,0.066249
 77|1.520771,0.389457,7.778691|1.529990,0.320552,7.851163,7.523454,95.913416,0.034553|1.529809,0.322039,7.852548,7.520863,95.893884,0.066556
 78|1.540781,0.237387,7.906527|1.549733,0.168084,7.978618,7.797694,97.889918,0.034390|1.549542,0.169636,7.980078,7.794949,97.870120,0.066862
 79|1.560791,0.080396,8.035281|1.569476,0.010708,8.106999,8.080743,99.867667,0.034233|1.569276,0.012325,8.108536,8.077837,99.847649,0.067168
 80|1.580801,-0.081694,8.164946|1.589219,-0.151756,8.236300,8.069405,98.154086,0.034084|1.589011,-0.150070,8.237916,8.069702,98.174277,0.067472
 81|1.600812,-0.249066,8.295515|1.608965,-0.319490,8.366512,8.035566,96.176092,0.033941|1.608747,-0.317736,8.368210,8.035825,96.196403,0.067775
 82|1.620822,-0.421915,8.426976|1.628711,-0.492687,8.497625,8.000601,94.199102,0.033805|1.628485,-0.490863,8.499406,8.000818,94.219478,0.068077
 83|1.640832,-0.600438,8.559316|1.648459,-0.671548,8.629625,7.964468,92.223868,0.033676|1.648224,-0.669654,8.631491,7.964638,92.244253,0.068376
 84|1.660842,-0.784846,8.692517|1.668208,-0.856281,8.762495,7.927123,90.251144,0.033554|1.667964,-0.854316,8.764447,7.927241,90.271478,0.068674
 85|1.680852,-0.975355,8.826558|1.687960,-1.047105,8.896214,7.888522,88.281683,0.033439|1.687707,-1.045067,8.898254,7.888582,88.301904,0.068969
 86|1.700862,-1.172192,8.961415|1.707713,-1.244246,9.030757,7.848617,86.316239,0.033331|1.707452,-1.242134,9.032886,7.848615,86.336284,0.069261
 87|1.720872,-1.375594,9.097059|1.727469,-1.447939,9.166097,7.807359,84.355565,0.033229|1.727199,-1.445754,9.168316,7.807290,84.375369,0.069550
 88|1.740883,-1.585805,9.233456|1.747226,-1.658432,9.302198,7.764698,82.400415,0.033134|1.746948,-1.656172,9.304509,7.764556,82.419914,0.069836
 89|1.760893,-1.803083,9.370568|1.766987,-1.875979,9.439023,7.720581,80.451544,0.033046|1.766700,-1.873645,9.441427,7.720360,80.470670,0.070118
 90|1.780903,-2.027692,9.508351|1.786750,-2.100848,9.576528,7.674952,78.509705,0.032964|1.786456,-2.098439,9.579025,7.674647,78.528391,0.070397
 91|1.800913,-2.259910,9.646753|1.806516,-2.333316,9.714662,7.627755,76.575650,0.032889|1.806214,-2.330831,9.717253,7.627360,76.593829,0.070672
 92|1.820923,-2.500026,9.785719|1.826285,-2.573671,9.853368,7.578930,74.650131,0.032820|1.825976,-2.571111,9.856054,7.578439,74.667737,0.070942
 93|1.840933,-2.748339,9.925183|1.846058,-2.822213,9.992582,7.528415,72.733898,0.032757|1.845741,-2.819577,9.995362,7.527824,72.750868,0.071208
 94|1.860943,-3.005159,10.065074|1.865833,-3.079253,10.132231,7.476147,70.827701,0.032701|1.865510,-3.076541,10.135106,7.475449,70.843971,0.071469
 95|1.880954,-3.270811,10.205310|1.885613,-3.345114,10.272236,7.422059,68.932289,0.032651|1.885282,-3.342328,10.275205,7.421250,68.947797,0.071726
 96|1.900964,-3.545629,10.345802|1.905395,-3.620133,10.412505,7.366082,67.048407,0.032607|1.905059,-3.617272,10.415568,7.365157,67.063095,0.071977
 97|1.920974,-3.829963,10.486449|1.925182,-3.904657,10.552938,7.308146,65.176799,0.032569|1.924840,-3.901722,10.556095,7.307100,65.190612,0.072223
 98|1.940984,-4.124170,10.627139|1.944973,-4.199046,10.693423,7.248176,63.318208,0.032537|1.944626,-4.196039,10.696673,7.247005,63.331094,0.072463
 99|1.960994,-4.428626,10.767749|1.964767,-4.503675,10.833837,7.186097,61.473373,0.032510|1.964416,-4.500595,10.837178,7.184796,61.485284,0.072698
100|1.981004,-4.743715,10.908141|1.984566,-4.818928,10.974042,7.121831,59.643031,0.032489|1.984210,-4.815778,10.977474,7.120396,59.653924,0.072927
101|2.001014,-5.069837,11.048163|2.004369,-5.145205,11.113887,7.055295,57.827915,0.032474|2.004010,-5.141984,11.117408,7.053723,57.837752,0.073150
102|2.021025,-5.407401,11.187650|2.024177,-5.482916,11.253205,6.986407,56.028756,0.032464|2.023815,-5.479627,11.256813,6.984695,56.037503,0.073367
103|2.041035,-5.756831,11.326417|2.043989,-5.832485,11.391812,6.915080,54.246281,0.032460|2.043624,-5.829129,11.395505,6.913226,54.253911,0.073578
104|2.061045,-6.118562,11.464263|2.063806,-6.194347,11.529505,6.841228,52.481213,0.032460|2.063439,-6.190925,11.533282,6.839228,52.487705,0.073783
105|2.081055,-6.493041,11.600964|2.083628,-6.568949,11.666063,6.764759,50.734269,0.032466|2.083259,-6.565462,11.669921,6.762614,50.739608,0.073982
106|2.101065,-6.880723,11.736277|2.103454,-6.956747,11.801242,6.685582,49.006166,0.032477|2.103085,-6.953199,11.805178,6.683289,49.010343,0.074175
107|2.121075,-7.282077,11.869937|2.123285,-7.358208,11.934776,6.603603,47.297610,0.032492|2.122916,-7.354600,11.938788,6.601163,47.300623,0.074361
108|2.141085,-7.697577,12.001651|2.143122,-7.773808,12.066372,6.518726,45.609308,0.032513|2.142753,-7.770143,12.070457,6.516139,45.611162,0.074541
109|2.161096,-8.127706,12.131101|2.162963,-8.204030,12.195712,6.430855,43.941956,0.032537|2.162595,-8.200309,12.199867,6.428122,43.942663,0.074715
110|2.181106,-8.572951,12.257939|2.182809,-8.649361,12.322449,6.339892,42.296248,0.032567|2.182443,-8.645588,12.326670,6.337016,42.295826,0.074882
111|2.201116,-9.033804,12.381787|2.202660,-9.110293,12.446203,6.245739,40.672870,0.032601|2.202296,-9.106470,12.450487,6.242723,40.671343,0.075044
112|2.221126,-9.510757,12.502231|2.222517,-9.587318,12.566562,6.148299,39.072500,0.032639|2.222156,-9.583447,12.570906,6.145146,39.069902,0.075199
113|2.241136,-10.004299,12.618825|2.242379,-10.080926,12.683077,6.047475,37.495812,0.032681|2.242020,-10.077010,12.687477,6.044189,37.492181,0.075348
114|2.261146,-10.514915,12.731082|2.262245,-10.591601,12.795264,5.943171,35.943470,0.032727|2.261891,-10.587643,12.799716,5.939758,35.938850,0.075491
115|2.281156,-11.043079,12.838475|2.282117,-11.119818,12.902594,5.835293,34.416131,0.032777|2.281767,-11.115822,12.907094,5.831760,34.410574,0.075628
116|2.301167,-11.589253,12.940434|2.301994,-11.666038,13.004497,5.723753,32.914444,0.032831|2.301649,-11.662007,13.009041,5.720107,32.908006,0.075759
117|2.321177,-12.153877,13.036342|2.321876,-12.230702,13.100357,5.608464,31.439049,0.032888|2.321536,-12.226639,13.104940,5.604714,31.431792,0.075885
118|2.341187,-12.737366,13.125536|2.341764,-12.814225,13.189510,5.489347,29.990577,0.032950|2.341429,-12.810135,13.194127,5.485501,29.982567,0.076005
119|2.361197,-13.340104,13.207298|2.361656,-13.416991,13.271238,5.366329,28.569649,0.033015|2.361327,-13.412876,13.275886,5.362398,28.560957,0.076120
120|2.381207,-13.962432,13.280862|2.381553,-14.039342,13.344775,5.239345,27.176877,0.033083|2.381231,-14.035205,13.349448,5.235341,27.167578,0.076229
121|2.401217,-14.604643,13.345402|2.401455,-14.681569,13.409296,5.108342,25.812861,0.033155|2.401140,-14.677416,13.413988,5.104277,25.803034,0.076333
122|2.421227,-15.266971,13.400037|2.421362,-15.343907,13.463918,4.973280,24.478192,0.033230|2.421054,-15.339741,13.468626,4.969167,24.467918,0.076433
123|2.441238,-15.949577,13.443827|2.441273,-16.026519,13.507701,4.834132,23.173449,0.033309|2.440973,-16.022344,13.512419,4.829986,23.162811,0.076527
124|2.461248,-16.652542,13.475770|2.461190,-16.729483,13.539645,4.690890,21.899200,0.033390|2.460897,-16.725304,13.544368,4.686725,21.888282,0.076617
125|2.481258,-17.375849,13.494805|2.481110,-17.452784,13.558688,4.543566,20.655998,0.033476|2.480825,-17.448604,13.563410,4.539399,20.644888,0.076702
126|2.501268,-18.119370,13.499810|2.501035,-18.196293,13.563708,4.392193,19.444389,0.033564|2.500759,-18.192118,13.568423,4.388041,19.433171,0.076783
127|2.521278,-18.882850,13.489604|2.520965,-18.959755,13.553523,4.236834,18.264901,0.033656|2.520697,-18.955589,13.558226,4.232714,18.253661,0.076860
128|2.541288,-19.665889,13.462947|2.540898,-19.742770,13.526894,4.077580,17.118051,0.033751|2.540639,-19.738619,13.531579,4.073511,17.106875,0.076933
129|2.561298,-20.467924,13.418546|2.560836,-20.544776,13.482529,3.914555,16.004342,0.033850|2.560585,-20.540643,13.487189,3.910557,15.993313,0.077002
130|2.581309,-21.288209,13.355058|2.580777,-21.365025,13.419083,3.747923,14.924264,0.033952|2.580535,-21.360917,13.423713,3.744015,14.913463,0.077068
131|2.601319,-22.125796,13.271097|2.600722,-22.202571,13.335173,3.577887,13.878291,0.034058|2.600489,-22.198493,13.339764,3.574089,13.867795,0.077130
132|2.621329,-22.979515,13.165242|2.620670,-23.056241,13.229376,3.404698,12.866884,0.034167|2.620446,-23.052199,13.233922,3.401030,12.856768,0.077189
133|2.641339,-23.847948,13.036048|2.640622,-23.924620,13.100247,3.228656,11.890486,0.034281|2.640407,-23.920620,13.104741,3.225139,11.880820,0.077244
134|2.661349,-24.729418,12.882056|2.660577,-24.806027,12.946329,3.050116,10.949527,0.034398|2.660371,-24.802077,12.950763,3.046769,10.940378,0.077297
135|2.681359,-25.621958,12.701814|2.680535,-25.698498,12.766169,2.869489,10.044422,0.034520|2.680338,-25.694604,12.770534,2.866332,10.035849,0.077347
136|2.701369,-26.523302,12.493886|2.700495,-26.599765,12.558333,2.687250,9.175568,0.034647|2.700308,-26.595935,12.562621,2.684302,9.167624,0.077394
137|2.721380,-27.430867,12.256882|2.720458,-27.507245,12.321430,2.503937,8.343347,0.034779|2.720280,-27.503486,12.325631,2.501216,8.336080,0.077439
138|2.741390,-28.341737,11.989473|2.740423,-28.418020,12.054132,2.320156,7.548124,0.034916|2.740255,-28.414342,12.058236,2.317678,7.541574,0.077481
139|2.761400,-29.252658,11.690422|2.760391,-29.328837,11.755205,2.136580,6.790248,0.035059|2.760231,-29.325250,11.759200,2.134360,6.784445,0.077522
140|2.781410,-30.160037,11.358612|2.780360,-30.236101,11.423529,1.953952,6.070050,0.035209|2.780210,-30.232615,11.427404,1.952002,6.065017,0.077560
141|2.801420,-31.059941,10.993073|2.800331,-31.135878,11.058139,1.773084,5.387845,0.035365|2.800190,-31.132505,11.061880,1.771413,5.383594,0.077596
142|2.821430,-31.948110,10.593020|2.820303,-32.023908,10.658249,1.594851,4.743932,0.035529|2.820171,-32.020661,10.661842,1.593466,4.740464,0.077630
143|2.841440,-32.819979,10.157881|2.840276,-32.895623,10.223288,1.420191,4.138592,0.035702|2.840154,-32.892516,10.226718,1.419092,4.135896,0.077663
144|2.861451,-33.670705,9.687334|2.860250,-33.746178,9.752937,1.250098,3.572088,0.035884|2.860138,-33.743227,9.756185,1.249281,3.570139,0.077694
145|2.881461,-34.495203,9.181338|2.880225,-34.570489,9.247157,1.085609,3.044667,0.036076|2.880122,-34.567712,9.250204,1.085066,3.043427,0.077724
146|2.901471,-35.288205,8.640166|2.900199,-35.363282,8.706223,0.927803,2.556560,0.036279|2.900107,-35.360699,8.709047,0.927517,2.555972,0.077752
147|2.921481,-36.044309,8.064431|2.920174,-36.119155,8.130749,0.777780,2.107981,0.036494|2.920092,-36.116790,8.133326,0.777725,2.107971,0.077780
148|2.941491,-36.758060,7.455110|2.940149,-36.832650,7.521716,0.636650,1.699125,0.036722|2.940078,-36.830527,7.524020,0.636794,1.699598,0.077806
149|2.961501,-37.424024,6.813562|2.960123,-37.498328,6.880486,0.505518,1.330175,0.036964|2.960063,-37.496476,6.882487,0.505815,1.331012,0.077831
150|2.981511,-38.036877,6.141538|2.980097,-38.110865,6.208812,0.385461,1.001294,0.037220|2.980048,-38.109314,6.210478,0.385857,1.002351,0.077855
151|3.001522,-38.591499,5.441182|3.000069,-38.665136,5.508840,0.277516,0.712628,0.037492|3.000032,-38.663923,5.510137,0.277942,0.713737,0.077878
152|3.021532,-39.083073,4.715024|3.020041,-39.156321,4.783103,0.182654,0.464309,0.037779|3.020016,-39.155482,4.783995,0.183030,0.465269,0.077900
153|3.041542,-39.507178,3.965964|3.040011,-39.579997,4.034501,0.101763,0.256447,0.038080|3.039998,-39.579572,4.034949,0.101994,0.257030,0.077922
154|3.061552,-39.859886,3.197239|3.059979,-39.932236,3.266272,0.035625,0.089133,0.038395|3.059980,-39.932266,3.266240,0.035605,0.089085,0.077943
155|3.081562,-40.137849,2.412391|3.079946,-40.209687,2.481956,0.015098,0.037563,0.038720|3.079960,-40.210214,2.481408,0.015484,0.038523,0.077963
156|3.101572,-40.338375,1.615216|3.099910,-40.409661,1.685346,0.049884,0.123599,0.039052|3.099939,-40.410725,1.684248,0.050759,0.125766,0.077983
157|3.121583,-40.459493,0.809708|3.119873,-40.530191,0.880432,0.068364,0.168959,0.039387|3.119915,-40.531827,0.878757,0.069852,0.172636,0.078002
158|3.141593,-40.500000,0.000000|3.139834,-40.570080,0.071336,0.070330,0.173655,0.039721|3.139890,-40.572319,0.069065,0.072553,0.179145,0.078022
159|3.161603,-40.459493,-0.809708|3.159794,-40.528931,-0.737747,0.055745,0.137734,0.040047|3.159863,-40.531795,-0.740626,0.058816,0.145321,0.078040
160|3.181613,-40.338375,-1.615216|3.179751,-40.407156,-1.542627,0.024742,0.061269,0.040362|3.179834,-40.410661,-1.546116,0.028756,0.071211,0.078059
161|3.201623,-40.137849,-2.412391|3.199707,-40.205968,-2.339180,0.022383,0.055641,0.040660|3.199803,-40.210118,-2.343274,0.017346,0.043120,0.078077
162|3.221633,-39.859886,-3.197239|3.219661,-39.927344,-3.123419,0.085174,0.212869,0.040940|3.219768,-39.932138,-3.128104,0.079057,0.197588,0.078095
163|3.241643,-39.507178,-3.965964|3.239614,-39.573985,-3.891554,0.163031,0.410274,0.041199|3.239732,-39.579412,-3.896810,0.155799,0.392093,0.078112
164|3.261654,-39.083073,-4.715024|3.259564,-39.149242,-4.640047,0.255221,0.647695,0.041436|3.259692,-39.155288,-4.645851,0.246861,0.626517,0.078130
165|3.281664,-38.591499,-5.441182|3.279513,-38.657049,-5.365663,0.360900,0.924958,0.041652|3.279650,-38.663695,-5.371988,0.351418,0.900724,0.078147
166|3.301674,-38.036877,-6.141538|3.299460,-38.101828,-6.065503,0.479128,1.241876,0.041846|3.299605,-38.109052,-6.072323,0.468549,1.214561,0.078165
167|3.321684,-37.424024,-6.813562|3.319405,-37.488399,-6.737038,0.608890,1.598251,0.042021|3.319557,-37.496179,-6.744326,0.597251,1.567859,0.078182
168|3.341694,-36.758060,-7.455110|3.339347,-36.821880,-7.378123,0.749118,1.993873,0.042177|3.339505,-36.830194,-7.385851,0.736468,1.960431,0.078200
169|3.361704,-36.044309,-8.064431|3.359287,-36.107595,-7.987004,0.898705,2.428518,0.042317|3.359451,-36.116420,-7.995148,0.885104,2.392074,0.078217
170|3.381714,-35.288205,-8.640166|3.379225,-35.350977,-8.562322,1.056529,2.901953,0.042441|3.379393,-35.360291,-8.570859,1.042043,2.862571,0.078235
171|3.401725,-34.495203,-9.181338|3.399161,-34.557480,-9.103098,1.221468,3.413929,0.042552|3.399332,-34.567265,-9.112005,1.206167,3.371684,0.078252
172|3.421735,-33.670705,-9.687334|3.419093,-33.732503,-9.608715,1.392417,3.964187,0.042650|3.419267,-33.742740,-9.617974,1.376376,3.919165,0.078270
173|3.441745,-32.819979,-10.157881|3.439024,-32.881315,-10.078901,1.568302,4.552451,0.042736|3.439199,-32.891987,-10.088492,1.551596,4.504747,0.078287
174|3.461755,-31.948110,-10.593020|3.458951,-32.008998,-10.513694,1.748089,5.178435,0.042813|3.459128,-32.020089,-10.523601,1.730796,5.128149,0.078305
175|3.481765,-31.059941,-10.993073|3.478876,-31.120392,-10.913414,1.930797,5.841839,0.042881|3.479053,-31.131889,-10.923622,1.912993,5.789075,0.078323
176|3.501775,-30.160037,-11.358612|3.498799,-30.220063,-11.278632,2.115506,6.542349,0.042941|3.498975,-30.231953,-11.289127,2.097266,6.487214,0.078341
177|3.521785,-29.252658,-11.690422|3.518719,-29.312269,-11.610132,2.301358,7.279638,0.042993|3.518893,-29.324539,-11.620902,2.282756,7.222243,0.078359
178|3.541796,-28.341737,-11.989473|3.538636,-28.400941,-11.908882,2.487565,8.053367,0.043038|3.538808,-28.413582,-11.919915,2.468672,7.993821,0.078376
179|3.561806,-27.430867,-12.256882|3.558552,-27.489671,-12.175999,2.673409,8.863184,0.043077|3.558720,-27.502674,-12.187284,2.654295,8.801597,0.078394
180|3.581816,-26.523302,-12.493886|3.578464,-26.581713,-12.412719,2.858244,9.708724,0.043110|3.578628,-26.595068,-12.424247,2.838974,9.645205,0.078412
181|3.601826,-25.621958,-12.701814|3.598375,-25.679981,-12.620369,3.041492,10.589610,0.043138|3.598533,-25.693681,-12.632130,3.022128,10.524265,0.078430
182|3.621836,-24.729418,-12.882056|3.618284,-24.787057,-12.800339,3.222643,11.505454,0.043161|3.618434,-24.801095,-12.812326,3.203245,11.438387,0.078448
183|3.641846,-23.847948,-13.036048|3.638190,-23.905207,-12.954064,3.401253,12.455856,0.043180|3.638333,-23.919577,-12.966267,3.381877,12.387167,0.078465
184|3.661856,-22.979515,-13.165242|3.658095,-23.036396,-13.082996,3.576940,13.440404,0.043194|3.658229,-23.051092,-13.095408,3.557637,13.370187,0.078482
185|3.681867,-22.125796,-13.271097|3.677999,-22.182303,-13.188592,3.749378,14.458676,0.043205|3.678121,-22.197319,-13.201207,3.730197,14.387020,0.078499
186|3.701877,-21.288209,-13.355058|3.697901,-21.344342,-13.272299,3.918295,15.510239,0.043212|3.698011,-21.359673,-13.285109,3.899282,15.437227,0.078516
187|3.721887,-20.467924,-13.418546|3.717801,-20.523685,-13.335535,4.083471,16.594649,0.043215|3.717898,-20.539327,-13.348534,4.064667,16.520356,0.078532
188|3.741897,-19.665889,-13.462947|3.737701,-19.721279,-13.379688,4.244728,17.711454,0.043215|3.737783,-19.737227,-13.392869,4.226172,17.635945,0.078547
189|3.761907,-18.882850,-13.489604|3.757600,-18.937869,-13.406099,4.401930,18.860189,0.043212|3.757665,-18.954119,-13.419455,4.383656,18.783522,0.078562
190|3.781917,-18.119370,-13.499810|3.777499,-18.174017,-13.416062,4.554977,20.040382,0.043207|3.777546,-18.190566,-13.429587,4.537018,19.962604,0.078575
191|3.801927,-17.375849,-13.494805|3.797397,-17.430124,-13.410815,4.703803,21.251551,0.043198|3.797424,-17.446967,-13.424503,4.686186,21.172699,0.078588
192|3.821938,-16.652542,-13.475770|3.817296,-16.706445,-13.391541,4.848368,22.493206,0.043188|3.817300,-16.723577,-13.405385,4.831120,22.413304,0.078599
193|3.841948,-15.949577,-13.443827|3.837195,-16.003106,-13.359360,4.988661,23.764845,0.043175|3.837175,-16.020525,-13.373354,4.971803,23.683906,0.078609
194|3.861958,-15.266971,-13.400037|3.857094,-15.320125,-13.315334,5.124690,25.065963,0.043161|3.857048,-15.337826,-13.329472,5.108243,24.983984,0.078617
195|3.881968,-14.604643,-13.345402|3.876994,-14.657421,-13.260464,5.256482,26.396041,0.043144|3.876920,-14.675401,-13.274739,5.240463,26.313009,0.078623
196|3.901978,-13.962432,-13.280862|3.896896,-14.014833,-13.195691,5.384083,27.754556,0.043126|3.896791,-14.033087,-13.210096,5.368507,27.670441,0.078628
197|3.921988,-13.340104,-13.207298|3.916799,-13.392125,-13.121895,5.507550,29.140976,0.043107|3.916661,-13.410650,-13.136424,5.492428,29.055734,0.078630
198|3.941998,-12.737366,-13.125536|3.936704,-12.789007,-13.039901,5.626952,30.554761,0.043087|3.936531,-12.807797,-13.054547,5.612295,30.468333,0.078629
199|3.962009,-12.153877,-13.036342|3.956611,-12.205135,-12.950478,5.742369,31.995364,0.043065|3.956401,-12.224187,-12.965233,5.728184,31.907675,0.078625
200|3.982019,-11.589253,-12.940434|3.976521,-11.640127,-12.854342,5.853887,33.462231,0.043044|3.976271,-11.659435,-12.869199,5.840179,33.373189,0.078618
201|4.002029,-11.043079,-12.838475|3.996434,-11.093567,-12.752156,5.961599,34.954800,0.043022|3.996142,-11.113127,-12.767108,5.948372,34.864299,0.078608
202|4.022039,-10.514915,-12.731082|4.016350,-10.565015,-12.644538,6.065602,36.472504,0.043000|4.016013,-10.584821,-12.659576,6.052857,36.380419,0.078593
203|4.042049,-10.004299,-12.618825|4.036269,-10.054009,-12.532056,6.165998,38.014767,0.042978|4.035886,-10.074056,-12.547174,6.153733,37.920959,0.078575
204|4.062059,-9.510757,-12.502231|4.056193,-9.560076,-12.415239,6.262889,39.581007,0.042957|4.055760,-9.580358,-12.430428,6.251103,39.485320,0.078551
205|4.082069,-9.033804,-12.381787|4.076121,-9.082731,-12.294573,6.356381,41.170637,0.042937|4.075635,-9.103241,-12.309825,6.345069,41.072900,0.078522
206|4.102080,-8.572951,-12.257939|4.096053,-8.621485,-12.170506,6.446579,42.783061,0.042918|4.095513,-8.642217,-12.185812,6.435735,42.683087,0.078488
207|4.122090,-8.127706,-12.131101|4.115991,-8.175844,-12.043450,6.533589,44.417678,0.042900|4.115393,-8.196792,-12.058802,6.523206,44.315267,0.078448
208|4.142100,-7.697577,-12.001651|4.135934,-7.745320,-11.913784,6.617516,46.073881,0.042885|4.135277,-7.766475,-11.929173,6.607586,45.968817,0.078401
209|4.162110,-7.282077,-11.869937|4.155882,-7.329423,-11.781856,6.698464,47.751056,0.042872|4.155163,-7.350779,-11.797273,6.688976,47.643111,0.078347
210|4.182120,-6.880723,-11.736277|4.175837,-6.927672,-11.647984,6.776537,49.448582,0.042862|4.175054,-6.949220,-11.663420,6.767479,49.337518,0.078286
211|4.202130,-6.493041,-11.600964|4.195797,-6.539592,-11.512460,6.851835,51.165833,0.042854|4.194948,-6.561324,-11.527907,6.843194,51.051398,0.078217
212|4.222140,-6.118562,-11.464263|4.215765,-6.164716,-11.375551,6.924458,52.902175,0.042851|4.214847,-6.186624,-11.390999,6.916220,52.784112,0.078139
213|4.242151,-5.756831,-11.326417|4.235740,-5.802588,-11.237500,6.994502,54.656971,0.042852|4.234751,-5.824662,-11.252940,6.986651,54.535011,0.078052
214|4.262161,-5.407401,-11.187650|4.255722,-5.452762,-11.098530,7.062061,56.429573,0.042857|4.254660,-5.474993,-11.113953,7.054582,56.303444,0.077956
215|4.282171,-5.069837,-11.048163|4.275711,-5.114802,-10.958843,7.127228,58.219331,0.042867|4.274575,-5.137181,-10.974239,7.120104,58.088754,0.077849
216|4.302181,-4.743715,-10.908141|4.295709,-4.788287,-10.818623,7.190092,60.025587,0.042882|4.294496,-4.810803,-10.833983,7.183305,59.890281,0.077732
217|4.322191,-4.428626,-10.767749|4.315714,-4.472805,-10.678037,7.250740,61.847675,0.042904|4.314424,-4.495448,-10.693352,7.244270,61.707359,0.077603
218|4.342201,-4.124170,-10.627139|4.335728,-4.167959,-10.537236,7.309255,63.684924,0.042932|4.334359,-4.190719,-10.552498,7.303084,63.539318,0.077464
219|4.362211,-3.829963,-10.486449|4.355751,-3.873363,-10.396358,7.365718,65.536658,0.042967|4.354301,-3.896229,-10.411557,7.359826,65.385485,0.077311
220|4.382222,-3.545629,-10.345802|4.375783,-3.588645,-10.255527,7.420209,67.402192,0.043010|4.374251,-3.611606,-10.270655,7.414575,67.245180,0.077147
221|4.402232,-3.270811,-10.205310|4.395823,-3.313445,-10.114854,7.472802,69.280837,0.043060|4.394209,-3.336490,-10.129902,7.467407,69.117720,0.076969
222|4.422242,-3.005159,-10.065074|4.415874,-3.047415,-9.974440,7.523570,71.171894,0.043120|4.414176,-3.070532,-9.989401,7.518393,71.002417,0.076777
223|4.442252,-2.748339,-9.925183|4.435933,-2.790220,-9.834376,7.572584,73.074661,0.043189|4.434152,-2.813399,-9.849241,7.567603,72.898579,0.076572
224|4.462262,-2.500026,-9.785719|4.456002,-2.541539,-9.694742,7.619912,74.988428,0.043267|4.454137,-2.564767,-9.709505,7.615106,74.805509,0.076352
225|4.482272,-2.259910,-9.646753|4.476081,-2.301059,-9.555612,7.665618,76.912478,0.043356|4.474132,-2.324326,-9.570264,7.660967,76.722505,0.076117
226|4.502282,-2.027692,-9.508351|4.496170,-2.068482,-9.417048,7.709766,78.846088,0.043456|4.494137,-2.091776,-9.431584,7.705248,78.648861,0.075868
227|4.522293,-1.803083,-9.370568|4.516268,-1.843520,-9.279109,7.752414,80.788528,0.043568|4.514153,-1.866830,-9.293521,7.748010,80.583865,0.075603
228|4.542303,-1.585805,-9.233456|4.536377,-1.625897,-9.141845,7.793622,82.739063,0.043692|4.534179,-1.649212,-9.156128,7.789310,82.526800,0.075324
229|4.562313,-1.375594,-9.097059|4.556496,-1.415347,-9.005300,7.833444,84.696950,0.043829|4.554216,-1.438655,-9.019449,7.829204,84.476946,0.075028
230|4.582323,-1.172192,-8.961415|4.576625,-1.211614,-8.869513,7.871933,86.661441,0.043980|4.574263,-1.234904,-8.883523,7.867747,86.433575,0.074717
231|4.602333,-0.975355,-8.826558|4.596764,-1.014454,-8.734518,7.909141,88.631781,0.044145|4.594323,-1.037715,-8.748384,7.904989,88.395955,0.074391
232|4.622343,-0.784846,-8.692517|4.616913,-0.823630,-8.600344,7.945116,90.607209,0.044325|4.614393,-0.846853,-8.614062,7.940980,90.363348,0.074049
233|4.642353,-0.600438,-8.559316|4.637072,-0.638917,-8.467015,7.979906,92.586958,0.044521|4.634476,-0.662091,-8.480582,7.975768,92.335013,0.073692
234|4.662364,-0.421915,-8.426976|4.657241,-0.460098,-8.334553,8.013555,94.570257,0.044733|4.654570,-0.483212,-8.347966,8.009398,94.310201,0.073319
235|4.682374,-0.249066,-8.295515|4.677420,-0.286964,-8.202974,8.046106,96.556327,0.044961|4.674675,-0.310010,-8.216232,8.041915,96.288158,0.072932
236|4.702384,-0.081694,-8.164946|4.697609,-0.119315,-8.072293,8.077600,98.544386,0.045208|4.694793,-0.142285,-8.085393,8.073359,98.268126,0.072530
237|4.722394,0.080396,-8.035281|4.717808,0.043039,-7.942521,8.022000,99.466355,0.045473|4.714923,0.020156,-7.955462,8.063460,99.750660,0.072113
238|4.742404,0.237387,-7.906527|4.738016,0.200283,-7.813666,7.737010,97.476689,0.045758|4.735064,0.177494,-7.826447,7.778203,97.768968,0.071683
239|4.762414,0.389457,-7.778691|4.758233,0.352593,-7.685734,7.460944,95.487411,0.046062|4.755217,0.329907,-7.698356,7.501841,95.787573,0.071240
240|4.782424,0.536774,-7.651777|4.778460,0.500138,-7.558729,7.193498,93.499325,0.046387|4.775382,0.477562,-7.571191,7.234073,93.807253,0.070783
241|4.802435,0.679502,-7.525785|4.798695,0.643082,-7.432653,6.934382,91.513233,0.046734|4.795558,0.620622,-7.444957,6.974609,91.828792,0.070315
242|4.822445,0.817796,-7.400716|4.818939,0.781578,-7.307505,6.683314,89.529945,0.047102|4.815746,0.759242,-7.319652,6.723171,89.852978,0.069835
243|4.842455,0.951807,-7.276568|4.839192,0.915778,-7.183284,6.440028,87.550272,0.047494|4.835945,0.893571,-7.195275,6.479493,87.880601,0.069343
244|4.862465,1.081678,-7.153338|4.859453,1.045823,-7.059987,6.204264,85.575027,0.047910|4.856155,1.023752,-7.071824,6.243318,85.912457,0.068842
245|4.882475,1.207547,-7.031021|4.879722,1.171852,-6.937608,5.975777,83.605025,0.048350|4.876376,1.149921,-6.949294,6.014401,83.949344,0.068332
246|4.902485,1.329546,-6.909611|4.899999,1.293996,-6.816143,5.754328,81.641084,0.048816|4.896608,1.272210,-6.827680,5.792507,81.992061,0.067812
247|4.922495,1.447801,-6.789101|4.920283,1.412382,-6.695584,5.539691,79.684021,0.049309|4.916849,1.390745,-6.706975,5.577410,80.041413,0.067285
248|4.942506,1.562436,-6.669483|4.940575,1.527130,-6.575922,5.331646,77.734655,0.049828|4.937101,1.505648,-6.587172,5.368892,78.098203,0.066750
249|4.962516,1.673565,-6.550748|4.960873,1.638358,-6.457151,5.129985,75.793806,0.050376|4.957363,1.617033,-6.468261,5.166745,76.163236,0.066210
250|4.982526,1.781302,-6.432887|4.981178,1.746177,-6.339258,4.934505,73.862291,0.050952|4.977634,1.725013,-6.350233,4.970770,74.237319,0.065663
251|5.002536,1.885754,-6.315889|5.001489,1.850694,-6.222236,4.745013,71.940927,0.051559|4.997914,1.829695,-6.233079,4.780774,72.321257,0.065113
252|5.022546,1.987023,-6.199743|5.021805,1.952013,-6.106071,4.561325,70.030530,0.052196|5.018203,1.931180,-6.116787,4.596574,70.415855,0.064558
253|5.042556,2.085209,-6.084437|5.042127,2.050231,-5.990754,4.383261,68.131912,0.052865|5.038500,2.029568,-6.001346,4.417992,68.521918,0.064000
254|5.062567,2.180407,-5.969960|5.062455,2.145443,-5.876272,4.210651,66.245886,0.053567|5.058805,2.124953,-5.886744,4.244858,66.640248,0.063440
255|5.082577,2.272707,-5.856299|5.082787,2.237741,-5.762612,4.043330,64.373257,0.054303|5.079118,2.217426,-5.772969,4.077009,64.771643,0.062878
256|5.102587,2.362198,-5.743442|5.103123,2.327212,-5.649761,3.881141,62.514830,0.055073|5.099438,2.307073,-5.660007,3.914287,62.916900,0.062315
257|5.122597,2.448963,-5.631373|5.123464,2.413939,-5.537708,3.723933,60.671403,0.055879|5.119765,2.393980,-5.547846,3.756543,61.076813,0.061753
258|5.142607,2.533083,-5.520082|5.143808,2.498003,-5.426437,3.571559,58.843770,0.056721|5.140098,2.478225,-5.436472,3.603632,59.252168,0.061191
259|5.162617,2.614635,-5.409553|5.164155,2.579481,-5.315935,3.423880,57.032720,0.057601|5.160438,2.559886,-5.325871,3.455414,57.443750,0.060630
260|5.182627,2.693693,-5.299772|5.184506,2.658447,-5.206189,3.280761,55.239034,0.058520|5.180783,2.639037,-5.216030,3.311755,55.652335,0.060071
261|5.202638,2.770329,-5.190726|5.204859,2.734973,-5.097185,3.142074,53.463489,0.059478|5.201134,2.715750,-5.106934,3.172527,53.878697,0.059514
262|5.222648,2.844611,-5.082400|5.225215,2.809126,-4.988908,3.007695,51.706852,0.060478|5.221490,2.790093,-4.998568,3.037607,52.123599,0.058960
263|5.242658,2.916605,-4.974780|5.245572,2.880973,-4.881343,2.877505,49.969884,0.061519|5.241850,2.862131,-4.890919,2.906876,50.387799,0.058410
264|5.262668,2.986373,-4.867851|5.265931,2.950577,-4.774477,2.751388,48.253336,0.062603|5.262214,2.931928,-4.783971,2.780219,48.672047,0.057864
265|5.282678,3.053977,-4.761598|5.286291,3.017997,-4.668295,2.629236,46.557953,0.063731|5.282583,2.999544,-4.677711,2.657528,46.977085,0.057323
266|5.302688,3.119475,-4.656008|5.306653,3.083293,-4.562783,2.510943,44.884468,0.064904|5.302955,3.065038,-4.572123,2.538696,45.303646,0.056786
267|5.322698,3.182921,-4.551064|5.327014,3.146519,-4.457925,2.396407,43.233604,0.066123|5.323330,3.128465,-4.467192,2.423622,43.652453,0.056255
268|5.342709,3.244371,-4.446754|5.347376,3.207731,-4.353708,2.285531,41.606077,0.067390|5.343708,3.189879,-4.362904,2.312210,42.024220,0.055729
269|5.362719,3.303874,-4.343061|5.367738,3.266978,-4.250117,2.178220,40.002588,0.068705|5.364088,3.249332,-4.259245,2.204366,40.419649,0.055209
270|5.382729,3.361481,-4.239972|5.388100,3.324311,-4.147137,2.074387,38.423830,0.070069|5.384471,3.306874,-4.156198,2.099999,38.839436,0.054696
271|5.402739,3.417239,-4.137471|5.408461,3.379778,-4.044753,1.973942,36.870482,0.071484|5.404856,3.362551,-4.053750,1.999024,37.284260,0.054189
272|5.422749,3.471194,-4.035544|5.428821,3.433423,-3.942952,1.876805,35.343213,0.072951|5.425242,3.416411,-3.951886,1.901357,35.754793,0.053689
273|5.442759,3.523388,-3.934177|5.449180,3.485290,-3.841719,1.782895,33.842678,0.074470|5.445629,3.468495,-3.850590,1.806919,34.251693,0.053196
274|5.462769,3.573865,-3.833355|5.469537,3.535422,-3.741040,1.692135,32.369521,0.076043|5.466018,3.518848,-3.749849,1.715633,32.775607,0.052710
275|5.482780,3.622663,-3.733063|5.489892,3.583858,-3.640899,1.604452,30.924369,0.077671|5.486407,3.567509,-3.649648,1.627426,31.327168,0.052232
276|5.502790,3.669822,-3.633287|5.510246,3.630639,-3.541284,1.519776,29.507840,0.079355|5.506796,3.614517,-3.549972,1.542227,29.906997,0.051761
277|5.522800,3.715378,-3.534013|5.530597,3.675800,-3.442179,1.438039,28.120536,0.081095|5.527185,3.659909,-3.450807,1.459969,28.515703,0.051298
278|5.542810,3.759367,-3.435227|5.550945,3.719377,-3.343571,1.359175,26.763043,0.082893|5.547575,3.703722,-3.352139,1.380587,27.153878,0.050843
279|5.562820,3.801822,-3.336914|5.571291,3.761405,-3.245446,1.283123,25.435937,0.084750|5.567963,3.745989,-3.253952,1.304018,25.822104,0.050396
280|5.582830,3.842777,-3.239060|5.591634,3.801916,-3.147789,1.209822,24.139775,0.086667|5.588351,3.786743,-3.156233,1.230203,24.520946,0.049956
281|5.602840,3.882263,-3.141651|5.611973,3.840941,-3.050588,1.139216,22.875101,0.088644|5.608738,3.826017,-3.058968,1.159083,23.250957,0.049525
282|5.622851,3.920308,-3.044674|5.632309,3.878512,-2.953827,1.071249,21.642444,0.090682|5.629124,3.863839,-2.962143,1.090606,22.012673,0.049102
283|5.642861,3.956942,-2.948114|5.652642,3.914656,-2.857494,1.005869,20.442315,0.092782|5.649509,3.900239,-2.865744,1.024717,20.806617,0.048686
284|5.662871,3.992192,-2.851957|5.672970,3.949401,-2.761575,0.943026,19.275213,0.094945|5.669891,3.935245,-2.769756,0.961366,19.633296,0.048279
285|5.682881,4.026084,-2.756191|5.693295,3.982775,-2.666056,0.882671,18.141619,0.097172|5.690272,3.968883,-2.674166,0.900506,18.493202,0.047880
286|5.702891,4.058643,-2.660801|5.713616,4.014801,-2.570924,0.824757,17.041997,0.099462|5.710651,4.001178,-2.578961,0.842090,17.386811,0.047489
287|5.722901,4.089892,-2.565775|5.733932,4.045504,-2.476166,0.769242,15.976797,0.101817|5.731027,4.032155,-2.484126,0.786074,16.314583,0.047106
288|5.742911,4.119855,-2.471097|5.754244,4.074908,-2.381768,0.716083,14.946451,0.104238|5.751400,4.061837,-2.389649,0.732416,15.276964,0.046731
289|5.762922,4.148553,-2.376756|5.774551,4.103033,-2.287717,0.665240,13.951374,0.106723|5.771771,4.090246,-2.295515,0.681077,14.274380,0.046363
290|5.782932,4.176007,-2.282738|5.794853,4.129902,-2.194001,0.616674,12.991966,0.109274|5.792139,4.117402,-2.201711,0.632017,13.307245,0.046004
291|5.802942,4.202236,-2.189030|5.815151,4.155535,-2.100605,0.570348,12.068610,0.111891|5.812503,4.143326,-2.108225,0.585200,12.375954,0.045653
292|5.822952,4.227259,-2.095619|5.835443,4.179950,-2.007518,0.526229,11.181670,0.114574|5.832864,4.168037,-2.015042,0.540592,11.480885,0.045309
293|5.842962,4.251094,-2.002491|5.855731,4.203165,-1.914726,0.484283,10.331495,0.117322|5.853222,4.191552,-1.922150,0.498160,10.622403,0.044974
294|5.862972,4.273757,-1.909635|5.876013,4.225198,-1.822216,0.444479,9.518416,0.120137|5.873575,4.213890,-1.829535,0.457872,9.800850,0.044645
295|5.882982,4.295265,-1.817036|5.896290,4.246065,-1.729977,0.406787,8.742748,0.123017|5.893925,4.235066,-1.737185,0.419700,9.016557,0.044325
296|5.902993,4.315632,-1.724683|5.916561,4.265781,-1.637994,0.371179,8.004788,0.125962|5.914270,4.255096,-1.645087,0.383614,8.269835,0.044012
297|5.923003,4.334872,-1.632562|5.936827,4.284361,-1.546256,0.337628,7.304815,0.128972|5.934611,4.273994,-1.553228,0.349588,7.560977,0.043706
298|5.943013,4.352999,-1.540661|5.957087,4.301820,-1.454750,0.306109,6.643092,0.132046|5.954947,4.291774,-1.461595,0.317598,6.890261,0.043408
299|5.963023,4.370025,-1.448967|5.977342,4.318169,-1.363463,0.276599,6.019864,0.135184|5.975279,4.308448,-1.370175,0.287619,6.257947,0.043117
300|5.983033,4.385963,-1.357469|5.997591,4.333421,-1.272384,0.249075,5.435359,0.138384|5.995606,4.324029,-1.278956,0.259631,5.664276,0.042833
301|6.003043,4.400822,-1.266152|6.017834,4.347588,-1.181499,0.223517,4.889787,0.141646|6.015927,4.338529,-1.187925,0.233612,5.109474,0.042557
302|6.023053,4.414613,-1.175006|6.038071,4.360679,-1.090797,0.199906,4.383342,0.144969|6.036244,4.351956,-1.097069,0.209544,4.593747,0.042287
303|6.043064,4.427346,-1.084017|6.058303,4.372706,-1.000265,0.178224,3.916200,0.148350|6.056555,4.364322,-1.006377,0.187408,4.117286,0.042024
304|6.063074,4.439029,-0.993173|6.078528,4.383676,-0.909890,0.158453,3.488519,0.151790|6.076860,4.375635,-0.915835,0.167188,3.680263,0.041768
305|6.083084,4.449670,-0.902463|6.098748,4.393599,-0.819661,0.140580,3.100440,0.155286|6.097160,4.385903,-0.825431,0.148869,3.282833,0.041519
306|6.103094,4.459276,-0.811873|6.118961,4.402482,-0.729566,0.124589,2.752089,0.158836|6.117454,4.395134,-0.735153,0.132437,2.925132,0.041276
307|6.123104,4.467853,-0.721392|6.139168,4.410332,-0.639591,0.110469,2.443571,0.162439|6.137742,4.403335,-0.644989,0.117881,2.607282,0.041040
308|6.143114,4.475408,-0.631007|6.159369,4.417155,-0.549726,0.098208,2.174977,0.166092|6.158024,4.410512,-0.554925,0.105188,2.329382,0.040810
309|6.163124,4.481946,-0.540707|6.179564,4.422957,-0.459958,0.087796,1.946379,0.169794|6.178300,4.416669,-0.464951,0.094349,2.091520,0.040587
310|6.183135,4.487470,-0.450479|6.199753,4.427743,-0.370275,0.079225,1.757834,0.173542|6.198569,4.421812,-0.375053,0.085355,1.893760,0.040370
311|6.203145,4.491985,-0.360311|6.219936,4.431516,-0.280664,0.072486,1.609379,0.177334|6.218832,4.425945,-0.285219,0.078199,1.736154,0.040159
312|6.223155,4.495493,-0.270191|6.240113,4.434281,-0.191115,0.067575,1.501039,0.181166|6.239088,4.429071,-0.195438,0.072875,1.618734,0.039954
313|6.243165,4.497998,-0.180107|6.260283,4.436040,-0.101613,0.064484,1.432817,0.185037|6.259337,4.431192,-0.105696,0.069377,1.541514,0.039755
314|6.263175,4.499499,-0.090048|6.280447,4.436796,-0.012149,0.063212,1.404702,0.188943|6.279579,4.432311,-0.015982,0.067702,1.504494,0.039562
