OneBody1_E-0.25_ecc0.4_RK4.txt
initial value : [x, y, v_x, v_y] = [10.80,0.00,0.00,1.08] , numerical interval dt = 0.02000 , [M, m] = [ 9, 1]

num|given_position|geodesic|newtonian
num| degree1, x1, y1 | degree2, x2, y2, simple error, relative error, d(rho) | degree2, x2, y2, simple error, relative error, dt
  1|0.000000,10.800000,0.000000|0.009259,10.799669,0.099999,0.000463,0.004287,0.092582|0.009259,10.799669,0.099999,0.000463,0.004287,0.092582
  2|0.020010,10.798456,0.216107|0.029267,10.797464,0.316103,0.003858,0.035719,0.092581|0.029267,10.797464,0.316103,0.003858,0.035718,0.092587
  3|0.040020,10.793822,0.432203|0.049273,10.792169,0.532189,0.011578,0.107163,0.092579|0.049273,10.792169,0.532189,0.011578,0.107162,0.092600
  4|0.060030,10.786097,0.648273|0.069275,10.783784,0.748246,0.023623,0.218580,0.092576|0.069275,10.783784,0.748246,0.023623,0.218579,0.092622
  5|0.080041,10.775280,0.864306|0.089275,10.772306,0.964262,0.039996,0.369915,0.092571|0.089275,10.772306,0.964262,0.039996,0.369913,0.092651
  6|0.100051,10.761366,1.080290|0.109272,10.757734,1.180223,0.060702,0.561097,0.092565|0.109272,10.757734,1.180223,0.060702,0.561094,0.092689
  7|0.120061,10.744353,1.296210|0.129267,10.740062,1.396118,0.085745,0.792039,0.092557|0.129267,10.740062,1.396118,0.085744,0.792035,0.092735
  8|0.140071,10.724235,1.512056|0.149259,10.719287,1.611934,0.115131,1.062639,0.092548|0.149259,10.719287,1.611934,0.115130,1.062633,0.092789
  9|0.160081,10.701006,1.727814|0.169248,10.695402,1.827657,0.148868,1.372777,0.092538|0.169248,10.695403,1.827657,0.148867,1.372771,0.092851
 10|0.180091,10.674660,1.943470|0.189234,10.668403,2.043274,0.186964,1.722321,0.092527|0.189234,10.668403,2.043274,0.186963,1.722313,0.092922
 11|0.200101,10.645190,2.159011|0.209218,10.638280,2.258772,0.229430,2.111120,0.092515|0.209218,10.638281,2.258772,0.229430,2.111112,0.093000
 12|0.220112,10.612586,2.374424|0.229199,10.605026,2.474138,0.276277,2.539009,0.092501|0.229199,10.605027,2.474138,0.276276,2.539001,0.093087
 13|0.240122,10.576840,2.589694|0.249177,10.568632,2.689357,0.327517,3.005808,0.092487|0.249177,10.568632,2.689357,0.327517,3.005801,0.093182
 14|0.260132,10.537942,2.804808|0.269153,10.529087,2.904415,0.383164,3.511322,0.092472|0.269153,10.529088,2.904415,0.383164,3.511315,0.093286
 15|0.280142,10.495880,3.019750|0.289127,10.486382,3.119298,0.443233,4.055339,0.092455|0.289126,10.486383,3.119298,0.443232,4.055333,0.093397
 16|0.300152,10.450643,3.234505|0.309097,10.440504,3.333990,0.507739,4.637633,0.092438|0.309097,10.440505,3.333990,0.507739,4.637629,0.093517
 17|0.320162,10.402218,3.449059|0.329065,10.391441,3.548476,0.576701,5.257963,0.092420|0.329065,10.391441,3.548476,0.576701,5.257961,0.093645
 18|0.340172,10.350592,3.663394|0.349031,10.339180,3.762741,0.650136,5.916074,0.092401|0.349031,10.339179,3.762741,0.650136,5.916075,0.093781
 19|0.360183,10.295749,3.877496|0.368994,10.283705,3.976768,0.728065,6.611694,0.092382|0.368994,10.283704,3.976768,0.728065,6.611699,0.093925
 20|0.380193,10.237674,4.091346|0.388954,10.225002,4.190539,0.810507,7.344539,0.092362|0.388954,10.225001,4.190539,0.810508,7.344549,0.094078
 21|0.400203,10.176352,4.304927|0.408912,10.163055,4.404039,0.897487,8.114309,0.092342|0.408912,10.163054,4.404039,0.897488,8.114323,0.094239
 22|0.420213,10.111766,4.518221|0.428867,10.097848,4.617248,0.989025,8.920689,0.092321|0.428867,10.097845,4.617247,0.989028,8.920710,0.094408
 23|0.440223,10.043897,4.731210|0.448820,10.029361,4.830148,1.085149,9.763352,0.092300|0.448820,10.029358,4.830147,1.085152,9.763379,0.094585
 24|0.460233,9.972726,4.943873|0.468771,9.957577,5.042719,1.185882,10.641955,0.092279|0.468771,9.957574,5.042719,1.185886,10.641989,0.094770
 25|0.480243,9.898235,5.156192|0.488719,9.882477,5.254942,1.291252,11.556142,0.092258|0.488719,9.882472,5.254942,1.291257,11.556184,0.094964
 26|0.500254,9.820402,5.368144|0.508664,9.804039,5.466797,1.401287,12.505542,0.092237|0.508665,9.804034,5.466796,1.401293,12.505593,0.095166
 27|0.520264,9.739207,5.579709|0.528608,9.722244,5.678260,1.516016,13.489773,0.092216|0.528608,9.722238,5.678259,1.516023,13.489833,0.095376
 28|0.540274,9.654627,5.790864|0.548549,9.637069,5.889311,1.635469,14.508437,0.092195|0.548549,9.637061,5.889310,1.635477,14.508507,0.095594
 29|0.560284,9.566639,6.001586|0.568487,9.548491,6.099925,1.759678,15.561124,0.092175|0.568488,9.548482,6.099924,1.759687,15.561204,0.095820
 30|0.580294,9.475221,6.211851|0.588424,9.456487,6.310080,1.888676,16.647411,0.092155|0.588424,9.456477,6.310078,1.888686,16.647502,0.096055
 31|0.600304,9.380347,6.421632|0.608358,9.361032,6.519749,2.022495,17.766861,0.092135|0.608358,9.361021,6.519747,2.022507,17.766963,0.096298
 32|0.620314,9.281992,6.630905|0.628290,9.262102,6.728907,2.161172,18.919025,0.092117|0.628290,9.262090,6.728905,2.161185,18.919139,0.096549
 33|0.640325,9.180131,6.839643|0.648220,9.159671,6.937527,2.304741,20.103442,0.092099|0.648220,9.159657,6.937524,2.304756,20.103567,0.096808
 34|0.660335,9.074735,7.047816|0.668147,9.053711,7.145581,2.453240,21.319638,0.092082|0.668148,9.053697,7.145578,2.453257,21.319775,0.097076
 35|0.680345,8.965779,7.255395|0.688073,8.944197,7.353039,2.606707,22.567126,0.092066|0.688074,8.944181,7.353035,2.606725,22.567276,0.097351
 36|0.700355,8.853234,7.462351|0.707996,8.831099,7.559871,2.765180,23.845410,0.092052|0.707997,8.831081,7.559867,2.765199,23.845571,0.097635
 37|0.720365,8.737071,7.668651|0.727918,8.714389,7.766045,2.928700,25.153978,0.092038|0.727919,8.714370,7.766041,2.928721,25.154151,0.097927
 38|0.740375,8.617260,7.874263|0.747837,8.594037,7.971529,3.097307,26.492310,0.092027|0.747838,8.594017,7.971524,3.097329,26.492494,0.098227
 39|0.760385,8.493770,8.079151|0.767755,8.470013,8.176288,3.271043,27.859872,0.092016|0.767756,8.469992,8.176283,3.271067,27.860068,0.098535
 40|0.780396,8.366572,8.283280|0.787671,8.342287,8.380287,3.449952,29.256122,0.092008|0.787672,8.342265,8.380281,3.449977,29.256328,0.098851
 41|0.800406,8.235634,8.486614|0.807584,8.210827,8.583488,3.634076,30.680503,0.092001|0.807585,8.210803,8.583482,3.634102,30.680719,0.099175
 42|0.820416,8.100923,8.689113|0.827496,8.075601,8.785853,3.823460,32.132451,0.091997|0.827497,8.075576,8.785847,3.823488,32.132676,0.099508
 43|0.840426,7.962407,8.890737|0.847406,7.936576,8.987343,4.018149,33.611389,0.091994|0.847407,7.936551,8.987336,4.018178,33.611622,0.099848
 44|0.860436,7.820052,9.091444|0.867315,7.793720,9.187915,4.218190,35.116731,0.091994|0.867316,7.793693,9.187908,4.218220,35.116971,0.100196
 45|0.880446,7.673825,9.291192|0.887221,7.646998,9.387527,4.423629,36.647881,0.091996|0.887223,7.646971,9.387519,4.423660,36.648126,0.100553
 46|0.900456,7.523691,9.489935|0.907126,7.496377,9.586132,4.634514,38.204233,0.092000|0.907128,7.496349,9.586124,4.634545,38.204482,0.100917
 47|0.920467,7.369616,9.687625|0.927030,7.341822,9.783685,4.850892,39.785169,0.092007|0.927031,7.341794,9.783677,4.850924,39.785421,0.101289
 48|0.940477,7.211565,9.884215|0.946932,7.183298,9.980136,5.072812,41.390066,0.092017|0.946933,7.183269,9.980128,5.072845,41.390318,0.101669
 49|0.960487,7.049503,10.079653|0.966832,7.020769,10.175436,5.300323,43.018289,0.092030|0.966834,7.020741,10.175428,5.300356,43.018540,0.102057
 50|0.980497,6.883393,10.273887|0.986731,6.854201,10.369531,5.533475,44.669194,0.092046|0.986733,6.854173,10.369523,5.533508,44.669442,0.102452
 51|1.000507,6.713200,10.466863|1.006629,6.683557,10.562368,5.772317,46.342130,0.092065|1.006630,6.683530,10.562359,5.772350,46.342372,0.102855
 52|1.020517,6.538887,10.658522|1.026525,6.508801,10.753889,6.016901,48.036436,0.092087|1.026526,6.508774,10.753881,6.016932,48.036670,0.103266
 53|1.040528,6.360419,10.848808|1.046420,6.329897,10.944036,6.267275,49.751443,0.092112|1.046421,6.329872,10.944028,6.267306,49.751667,0.103685
 54|1.060538,6.177759,11.037657|1.066313,6.146809,11.132747,6.523491,51.486475,0.092141|1.066315,6.146785,11.132739,6.523520,51.486686,0.104110
 55|1.080548,5.990870,11.225008|1.086206,5.959500,11.319960,6.785599,53.240848,0.092174|1.086207,5.959478,11.319952,6.785626,53.241043,0.104544
 56|1.100558,5.799716,11.410793|1.106097,5.767934,11.505608,7.053649,55.013869,0.092210|1.106098,5.767914,11.505601,7.053674,55.014046,0.104985
 57|1.120568,5.604261,11.594945|1.125988,5.572075,11.689624,7.327693,56.804841,0.092251|1.125989,5.572057,11.689617,7.327715,56.804997,0.105433
 58|1.140578,5.404469,11.777393|1.145877,5.371887,11.871936,7.607779,58.613056,0.092295|1.145878,5.371872,11.871931,7.607798,58.613189,0.105888
 59|1.160588,5.200304,11.958063|1.165765,5.167334,12.052471,7.893958,60.437804,0.092343|1.165766,5.167322,12.052467,7.893974,60.437909,0.106350
 60|1.180599,4.991731,12.136879|1.185653,4.958381,12.231154,8.186279,62.278363,0.092396|1.185653,4.958372,12.231151,8.186291,62.278439,0.106820
 61|1.200609,4.778714,12.313763|1.205539,4.744993,12.407906,8.484791,64.134010,0.092453|1.205539,4.744988,12.407904,8.484797,64.134053,0.107296
 62|1.220619,4.561219,12.488632|1.225425,4.527135,12.582644,8.789541,66.004014,0.092514|1.225425,4.527134,12.582644,8.789542,66.004020,0.107779
 63|1.240629,4.339213,12.661402|1.245310,4.304775,12.755285,9.100575,67.887636,0.092580|1.245310,4.304779,12.755287,9.100570,67.887604,0.108269
 64|1.260639,4.112663,12.831986|1.265194,4.077878,12.925741,9.417941,69.784136,0.092650|1.265194,4.077888,12.925745,9.417929,69.784062,0.108765
 65|1.280649,3.881536,13.000293|1.285078,3.846414,13.093922,9.741682,71.692766,0.092725|1.285077,3.846429,13.093928,9.741663,71.692647,0.109268
 66|1.300659,3.645802,13.166229|1.304961,3.610351,13.259735,10.071842,73.612773,0.092805|1.304960,3.610372,13.259743,10.071814,73.612607,0.109778
 67|1.320670,3.405431,13.329698|1.324844,3.369660,13.423081,10.408461,75.543401,0.092890|1.324842,3.369687,13.423092,10.408425,75.543186,0.110293
 68|1.340680,3.160394,13.490599|1.344726,3.124311,13.583862,10.751581,77.483889,0.092979|1.344724,3.124346,13.583876,10.751535,77.483621,0.110815
 69|1.360690,2.910665,13.648829|1.364608,2.874279,13.741975,11.101238,79.433471,0.093074|1.364606,2.874321,13.741991,11.101182,79.433148,0.111342
 70|1.380700,2.656217,13.804282|1.384490,2.619536,13.897311,11.457468,81.391379,0.093174|1.384487,2.619587,13.897331,11.457401,81.390999,0.111875
 71|1.400710,2.397027,13.956846|1.404371,2.360061,14.049763,11.820304,83.356839,0.093279|1.404368,2.360120,14.049786,11.820225,83.356400,0.112414
 72|1.420720,2.133073,14.106408|1.424253,2.095831,14.199214,12.189777,85.329076,0.093390|1.424248,2.095898,14.199242,12.189685,85.328577,0.112958
 73|1.440730,1.864335,14.252851|1.444134,1.826826,14.345550,12.565914,87.307311,0.093506|1.444129,1.826903,14.345581,12.565809,87.306750,0.113507
 74|1.460741,1.590797,14.396054|1.464015,1.553029,14.488648,12.948739,89.290763,0.093627|1.464009,1.553116,14.488683,12.948620,89.290138,0.114062
 75|1.480751,1.312443,14.535893|1.483896,1.274425,14.628384,13.338273,91.278647,0.093754|1.483889,1.274523,14.628424,13.338140,91.277958,0.114621
 76|1.500761,1.029261,14.672238|1.503777,0.991002,14.764630,13.734534,93.270178,0.093886|1.503770,0.991111,14.764675,13.734385,93.269424,0.115185
 77|1.520771,0.741242,14.804959|1.523658,0.702752,14.897255,14.137534,95.264568,0.094024|1.523650,0.702871,14.897304,14.137369,95.263748,0.115753
 78|1.540781,0.448379,14.933919|1.543539,0.409667,15.026121,14.547281,97.261026,0.094168|1.543531,0.409798,15.026176,14.547099,97.260141,0.116326
 79|1.560791,0.150671,15.058978|1.563421,0.111745,15.151091,14.963781,99.258763,0.094317|1.563412,0.111888,15.151151,14.963581,99.257813,0.116903
 80|1.580801,-0.151882,15.179993|1.583303,-0.191012,15.272019,15.005007,98.743013,0.094472|1.583293,-0.190857,15.272085,15.005099,98.744028,0.117483
 81|1.600812,-0.459275,15.296817|1.603185,-0.498600,15.388760,14.819824,96.745096,0.094633|1.603174,-0.498433,15.388832,14.819923,96.746175,0.118067
 82|1.620822,-0.771499,15.409298|1.623068,-0.811010,15.501162,14.631730,94.748278,0.094800|1.623056,-0.810830,15.501239,14.631836,94.749419,0.118655
 83|1.640832,-1.088541,15.517283|1.642951,-1.128228,15.609070,14.440732,92.753352,0.094972|1.642938,-1.128035,15.609153,14.440844,92.754553,0.119245
 84|1.660842,-1.410382,15.620610|1.662835,-1.450236,15.712326,14.246843,90.761111,0.095151|1.662821,-1.450030,15.712415,14.246961,90.762371,0.119839
 85|1.680852,-1.736999,15.719120|1.682719,-1.777010,15.810766,14.050076,88.772348,0.095335|1.682705,-1.776791,15.810861,14.050200,88.773664,0.120435
 86|1.700862,-2.068363,15.812643|1.702604,-2.108523,15.904225,13.850449,86.787854,0.095526|1.702589,-2.108291,15.904327,13.850579,86.789224,0.121033
 87|1.720872,-2.404440,15.901012|1.722489,-2.444739,15.992533,13.647983,84.808420,0.095722|1.722474,-2.444494,15.992640,13.648120,84.809841,0.121634
 88|1.740883,-2.745190,15.984052|1.742376,-2.785618,16.075516,13.442704,82.834836,0.095924|1.742359,-2.785360,16.075629,13.442847,82.836303,0.122236
 89|1.760893,-3.090567,16.061586|1.762263,-3.131114,16.152997,13.234639,80.867889,0.096133|1.762245,-3.130844,16.153116,13.234788,80.869399,0.122839
 90|1.780903,-3.440516,16.133433|1.782151,-3.481174,16.224795,13.023823,78.908364,0.096347|1.782133,-3.480891,16.224921,13.023977,78.909915,0.123444
 91|1.800913,-3.794978,16.199410|1.802040,-3.835736,16.290727,12.810291,76.957047,0.096567|1.802021,-3.835441,16.290858,12.810451,76.958632,0.124050
 92|1.820923,-4.153885,16.259329|1.821929,-4.194734,16.350605,12.594085,75.014716,0.096793|1.821910,-4.194428,16.350742,12.594250,75.016332,0.124657
 93|1.840933,-4.517161,16.313001|1.841820,-4.558092,16.404240,12.375252,73.082152,0.097025|1.841800,-4.557774,16.404382,12.375422,73.083793,0.125264
 94|1.860943,-4.884723,16.360231|1.861712,-4.925726,16.451439,12.153843,71.160128,0.097263|1.861691,-4.925398,16.451586,12.154017,71.161789,0.125871
 95|1.880954,-5.256479,16.400826|1.881605,-5.297544,16.492005,11.929913,69.249416,0.097507|1.881583,-5.297206,16.492157,11.930092,69.251091,0.126478
 96|1.900964,-5.632328,16.434586|1.901498,-5.673445,16.525742,11.703526,67.350784,0.097757|1.901477,-5.673099,16.525897,11.703709,67.352468,0.127084
 97|1.920974,-6.012160,16.461312|1.921393,-6.053319,16.552449,11.474748,65.464995,0.098013|1.921372,-6.052965,16.552608,11.474934,65.466682,0.127690
 98|1.940984,-6.395854,16.480801|1.941290,-6.437046,16.571924,11.243652,63.592808,0.098274|1.941267,-6.436685,16.572086,11.243841,63.594493,0.128295
 99|1.960994,-6.783281,16.492851|1.961187,-6.824495,16.583963,11.010318,61.734979,0.098541|1.961165,-6.824130,16.584127,11.010510,61.736654,0.128898
100|1.981004,-7.174301,16.497256|1.981086,-7.215528,16.588362,10.774832,59.892255,0.098814|1.981063,-7.215159,16.588528,10.775026,59.893915,0.129499
101|2.001014,-7.568762,16.493810|2.000986,-7.609991,16.584916,10.537286,58.065383,0.099093|2.000963,-7.609620,16.585083,10.537480,58.067019,0.130099
102|2.021025,-7.966503,16.482308|2.020887,-8.007724,16.573417,10.297778,56.255099,0.099377|2.020865,-8.007352,16.573584,10.297973,56.256706,0.130696
103|2.041035,-8.367348,16.462543|2.040789,-8.408551,16.553660,10.056415,54.462137,0.099666|2.040768,-8.408182,16.553827,10.056610,54.463706,0.131291
104|2.061045,-8.771113,16.434310|2.060693,-8.812288,16.525440,9.813310,52.687222,0.099961|2.060672,-8.811922,16.525604,9.813503,52.688747,0.131882
105|2.081055,-9.177600,16.397404|2.080599,-9.218737,16.488551,9.568584,50.931074,0.100261|2.080578,-9.218376,16.488712,9.568775,50.932547,0.132471
106|2.101065,-9.586598,16.351620|2.100505,-9.627686,16.442789,9.322364,49.194405,0.100567|2.100485,-9.627334,16.442947,9.322551,49.195819,0.133056
107|2.121075,-9.997884,16.296759|2.120414,-10.038912,16.387955,9.074787,47.477922,0.100877|2.120394,-10.038572,16.388107,9.074969,47.479268,0.133638
108|2.141085,-10.411222,16.232620|2.140323,-10.452180,16.323848,8.825997,45.782321,0.101193|2.140305,-10.451853,16.323994,8.826172,45.783591,0.134215
109|2.161096,-10.826361,16.159009|2.160234,-10.867239,16.250273,8.576144,44.108293,0.101514|2.160217,-10.866929,16.250411,8.576312,44.109478,0.134789
110|2.181106,-11.243039,16.075734|2.180147,-11.283826,16.167038,8.325391,42.456519,0.101839|2.180131,-11.283536,16.167167,8.325549,42.457611,0.135357
111|2.201116,-11.660978,15.982607|2.200061,-11.701663,16.073956,8.073904,40.827673,0.102169|2.200047,-11.701397,16.074075,8.074050,40.828661,0.135921
112|2.221126,-12.079888,15.879447|2.219976,-12.120460,15.970846,7.821861,39.222419,0.102504|2.219964,-12.120221,15.970952,7.821993,39.223294,0.136480
113|2.241136,-12.499463,15.766077|2.239894,-12.539912,15.857531,7.569446,37.641412,0.102842|2.239883,-12.539704,15.857623,7.569563,37.642164,0.137034
114|2.261146,-12.919385,15.642329|2.259812,-12.959699,15.733843,7.316855,36.085299,0.103185|2.259803,-12.959526,15.733919,7.316953,36.085916,0.137582
115|2.281156,-13.339320,15.508041|2.279732,-13.379488,15.599620,7.064289,34.554715,0.103532|2.279726,-13.379354,15.599678,7.064365,34.555186,0.138124
116|2.301167,-13.758921,15.363062|2.299654,-13.798932,15.454709,6.811958,33.050286,0.103883|2.299650,-13.798842,15.454748,6.812010,33.050599,0.138660
117|2.321177,-14.177827,15.207247|2.319577,-14.217669,15.298967,6.560082,31.572630,0.104238|2.319575,-14.217628,15.298984,6.560106,31.572771,0.139190
118|2.341187,-14.595662,15.040463|2.339502,-14.635324,15.132261,6.308889,30.122349,0.104596|2.339503,-14.635337,15.132255,6.308881,30.122305,0.139714
119|2.361197,-15.012038,14.862588|2.359429,-15.051509,14.954469,6.058614,28.700040,0.104957|2.359432,-15.051581,14.954438,6.058570,28.699795,0.140231
120|2.381207,-15.426554,14.673514|2.379356,-15.465822,14.765481,5.809500,27.306284,0.105321|2.379363,-15.465958,14.765423,5.809416,27.305823,0.140741
121|2.401217,-15.838794,14.473142|2.399286,-15.877847,14.565201,5.561799,25.941654,0.105687|2.399295,-15.878054,14.565113,5.561670,25.940960,0.141244
122|2.421227,-16.248331,14.261391|2.419217,-16.287157,14.353546,5.315769,24.606709,0.106056|2.419230,-16.287440,14.353426,5.315590,24.605763,0.141740
123|2.441238,-16.654725,14.038193|2.439149,-16.693313,14.130448,5.071677,23.301997,0.106428|2.439166,-16.693678,14.130294,5.071443,23.300780,0.142229
124|2.461248,-17.057527,13.803496|2.459084,-17.095864,13.895855,4.829796,22.028052,0.106801|2.459103,-17.096318,13.895666,4.829500,22.026544,0.142710
125|2.481258,-17.456273,13.557265|2.479019,-17.494347,13.649733,4.590404,20.785399,0.107175|2.479042,-17.494897,13.649505,4.590040,20.783576,0.143183
126|2.501268,-17.850494,13.299484|2.498956,-17.888293,13.392065,4.353786,19.574546,0.107551|2.498983,-17.888944,13.391796,4.353347,19.572386,0.143648
127|2.521278,-18.239708,13.030153|2.518895,-18.277219,13.122850,4.120233,18.395990,0.107928|2.518926,-18.277980,13.122539,4.119712,18.393468,0.144106
128|2.541288,-18.623426,12.749293|2.538835,-18.660638,12.842112,3.890041,17.250215,0.108305|2.538870,-18.661515,12.841755,3.889430,17.247303,0.144555
129|2.561298,-19.001154,12.456947|2.558777,-19.038053,12.549890,3.663508,16.137691,0.108682|2.558816,-19.039054,12.549487,3.662799,16.134361,0.144996
130|2.581309,-19.372388,12.153176|2.578720,-19.408962,12.246248,3.440937,15.058872,0.109059|2.578763,-19.410095,12.245795,3.440122,15.055094,0.145429
131|2.601319,-19.736623,11.838066|2.598665,-19.772860,11.931269,3.222635,14.014200,0.109435|2.598712,-19.774131,11.930765,3.221704,14.009944,0.145853
132|2.621329,-20.093347,11.511722|2.618611,-20.129234,11.605061,3.008908,13.004103,0.109809|2.618662,-20.130653,11.604503,3.007852,12.999335,0.146269
133|2.641339,-20.442050,11.174275|2.638559,-20.477573,11.267753,2.800066,12.028994,0.110182|2.638614,-20.479148,11.267139,2.798875,12.023680,0.146675
134|2.661349,-20.782216,10.825879|2.658508,-20.817364,10.919499,2.596418,11.089270,0.110553|2.658568,-20.819102,10.918828,2.595081,11.083373,0.147074
135|2.681359,-21.113335,10.466712|2.678459,-21.148094,10.560476,2.398271,10.185315,0.110921|2.678522,-21.150004,10.559746,2.396779,10.178797,0.147463
136|2.701369,-21.434895,10.096976|2.698411,-21.469253,10.190888,2.205934,9.317495,0.111286|2.698478,-21.471343,10.190097,2.204275,9.310318,0.147843
137|2.721380,-21.746391,9.716898|2.718364,-21.780335,9.810961,2.019711,8.486163,0.111648|2.718436,-21.782614,9.810107,2.017874,8.478287,0.148214
138|2.741390,-22.047322,9.326731|2.738319,-22.080839,9.420947,1.839901,7.691656,0.112005|2.738395,-22.083315,9.420029,1.837875,7.683040,0.148576
139|2.761400,-22.337194,8.926752|2.758276,-22.370272,9.021123,1.666802,6.934295,0.112357|2.758355,-22.372954,9.020140,1.664574,6.924896,0.148929
140|2.781410,-22.615524,8.517263|2.778234,-22.648151,8.611790,1.500703,6.214385,0.112703|2.778317,-22.651046,8.610741,1.498262,6.204161,0.149273
141|2.801420,-22.881838,8.098590|2.798193,-22.914001,8.193277,1.341888,5.532214,0.113044|2.798279,-22.917119,8.192160,1.339222,5.521122,0.149607
142|2.821430,-23.135676,7.671086|2.818154,-23.167362,7.765933,1.190633,4.888057,0.113377|2.818244,-23.170711,7.764747,1.187730,4.876053,0.149932
143|2.841440,-23.376591,7.235125|2.838116,-23.407789,7.330134,1.047204,4.282168,0.113704|2.838209,-23.411377,7.328879,1.044053,4.269209,0.150247
144|2.861451,-23.604154,6.791106|2.858080,-23.634852,6.886278,0.911859,3.714789,0.114022|2.858175,-23.638687,6.884955,0.908448,3.700831,0.150553
145|2.881461,-23.817953,6.339452|2.878045,-23.848139,6.434787,0.784842,3.186143,0.114332|2.878143,-23.852229,6.433394,0.781160,3.171143,0.150849
146|2.901471,-24.017596,5.880606|2.898012,-24.047258,5.976105,0.666388,2.696436,0.114633|2.898112,-24.051611,5.974643,0.662423,2.680353,0.151136
147|2.921481,-24.202711,5.415032|2.917980,-24.231840,5.510696,0.556716,2.245859,0.114924|2.918082,-24.236462,5.509164,0.552459,2.228652,0.151412
148|2.941491,-24.372951,4.943216|2.937950,-24.401536,5.039044,0.456033,1.834585,0.115204|2.938053,-24.406435,5.037444,0.451473,1.816215,0.151679
149|2.961501,-24.527994,4.465661|2.957921,-24.556023,4.561653,0.364531,1.462771,0.115474|2.958025,-24.561206,4.559985,0.359658,1.443201,0.151936
150|2.981511,-24.667541,3.982889|2.977894,-24.695006,4.079043,0.282383,1.130556,0.115732|2.977998,-24.700479,4.077308,0.277190,1.109751,0.152183
151|3.001522,-24.791324,3.495436|2.997868,-24.818214,3.591753,0.209750,0.838063,0.115977|2.997972,-24.823983,3.589952,0.204228,0.815991,0.152420
152|3.021532,-24.899101,3.003855|3.017844,-24.925408,3.100332,0.146772,0.585399,0.116210|3.017947,-24.931478,3.098468,0.140914,0.562029,0.152647
153|3.041542,-24.990660,2.508710|3.037821,-25.016376,2.605347,0.093573,0.372652,0.116430|3.037924,-25.022753,2.603420,0.087373,0.347957,0.152864
154|3.061552,-25.065822,2.010578|3.057800,-25.090938,2.107373,0.050256,0.199895,0.116636|3.057901,-25.097626,2.105386,0.043709,0.173852,0.153070
155|3.081562,-25.124437,1.510045|3.077780,-25.148946,1.606995,0.016907,0.067182,0.116828|3.077879,-25.155949,1.604950,0.010009,0.039772,0.153266
156|3.101572,-25.166388,1.007704|3.097762,-25.190284,1.104807,0.006408,0.025447,0.117005|3.097858,-25.197606,1.102707,0.013660,0.054240,0.153451
157|3.121583,-25.191593,0.504155|3.117746,-25.214869,0.601408,0.019645,0.077970,0.117168|3.117838,-25.222512,0.599255,0.027251,0.108158,0.153626
158|3.141593,-25.200000,0.000000|3.137731,-25.222651,0.097401,0.022776,0.090383,0.117315|3.137820,-25.230618,0.095198,0.030737,0.121973,0.153790
159|3.161603,-25.191593,-0.504155|3.157718,-25.213614,-0.406610,0.015798,0.062697,0.117446|3.157802,-25.221906,-0.408860,0.024112,0.095692,0.153943
160|3.181613,-25.166388,-1.007704|3.177706,-25.187776,-0.910018,0.001275,0.005061,0.117562|3.177785,-25.196393,-0.912312,0.007390,0.029338,0.154085
161|3.201623,-25.124437,-1.510045|3.197696,-25.145187,-1.412222,0.028408,0.112847,0.117662|3.197769,-25.154130,-1.414555,0.019396,0.077049,0.154216
162|3.221633,-25.065822,-2.010578|3.217688,-25.085932,-1.912621,0.065545,0.260599,0.117746|3.217754,-25.095201,-1.914991,0.056192,0.223414,0.154336
163|3.241643,-24.990660,-2.508710|3.237682,-25.010128,-2.410623,0.112611,0.448243,0.117813|3.237740,-25.019722,-2.413026,0.102924,0.409685,0.154444
164|3.261654,-24.899101,-3.003855|3.257677,-24.917925,-2.905642,0.169512,0.675686,0.117864|3.257727,-24.927842,-2.908074,0.159499,0.635773,0.154541
165|3.281664,-24.791324,-3.495436|3.277674,-24.809504,-3.397102,0.236135,0.942818,0.117900|3.277716,-24.819741,-3.399558,0.225804,0.901575,0.154626
166|3.301674,-24.667541,-3.982889|3.297673,-24.685078,-3.884438,0.312347,1.249518,0.117919|3.297705,-24.695632,-3.886915,0.301710,1.206970,0.154700
167|3.321684,-24.527994,-4.465661|3.317673,-24.544887,-4.367098,0.398000,1.595644,0.117922|3.317695,-24.555754,-4.369592,0.387068,1.551823,0.154761
168|3.341694,-24.372951,-4.943216|3.337675,-24.389202,-4.844545,0.492926,1.981043,0.117909|3.337686,-24.400379,-4.847051,0.481713,1.935982,0.154810
169|3.361704,-24.202711,-5.415032|3.357679,-24.218322,-5.316258,0.596942,2.405545,0.117880|3.357679,-24.229803,-5.318772,0.585462,2.359281,0.154847
170|3.381714,-24.017596,-5.880606|3.377685,-24.032569,-5.781733,0.709851,2.868964,0.117836|3.377673,-24.044349,-5.784251,0.698118,2.821537,0.154871
171|3.401725,-23.817953,-6.339452|3.397693,-23.832293,-6.240485,0.831439,3.371100,0.117777|3.397668,-23.844366,-6.243003,0.819469,3.322554,0.154882
172|3.421735,-23.604154,-6.791106|3.417702,-23.617864,-6.692050,0.961480,3.911739,0.117704|3.417664,-23.630223,-6.694564,0.949289,3.862117,0.154881
173|3.441745,-23.376591,-7.235125|3.437714,-23.389675,-7.135984,1.099734,4.490652,0.117615|3.437661,-23.402313,-7.138489,1.087340,4.440000,0.154866
174|3.461755,-23.135676,-7.671086|3.457727,-23.148138,-7.571865,1.245951,5.107595,0.117513|3.457660,-23.161048,-7.574358,1.233372,5.055959,0.154838
175|3.481765,-22.881838,-8.098590|3.477742,-22.893685,-7.999294,1.399870,5.762309,0.117398|3.477659,-22.906858,-8.001771,1.387123,5.709738,0.154797
176|3.501775,-22.615524,-8.517263|3.497759,-22.626761,-8.417896,1.561219,6.454522,0.117269|3.497661,-22.640190,-8.420352,1.548322,6.401064,0.154742
177|3.521785,-22.337194,-8.926752|3.517778,-22.347829,-8.827319,1.729719,7.183949,0.117127|3.517664,-22.361503,-8.829752,1.716692,7.129652,0.154673
178|3.541796,-22.047322,-9.326731|3.537799,-22.057360,-9.227236,1.905084,7.950289,0.116973|3.537668,-22.071271,-9.229641,1.891944,7.895201,0.154590
179|3.561806,-21.746391,-9.716898|3.557823,-21.755840,-9.617346,2.087020,8.753230,0.116808|3.557674,-21.769979,-9.619720,2.073787,8.697396,0.154492
180|3.581816,-21.434895,-10.096976|3.577848,-21.443763,-9.997370,2.275231,9.592442,0.116631|3.577681,-21.458120,-9.999710,2.261922,9.535909,0.154380
181|3.601826,-21.113335,-10.466712|3.597875,-21.121630,-10.367056,2.469413,10.467587,0.116443|3.597690,-21.136195,-10.369360,2.456046,10.410398,0.154253
182|3.621836,-20.782216,-10.825879|3.617904,-20.789946,-10.726178,2.669261,11.378309,0.116246|3.617700,-20.804709,-10.728442,2.655855,11.320506,0.154111
183|3.641846,-20.442050,-11.174275|3.637935,-20.449223,-11.074533,2.874468,12.324243,0.116038|3.637713,-20.464174,-11.076753,2.861039,12.265865,0.153954
184|3.661856,-20.093347,-11.511722|3.657968,-20.099974,-11.411942,3.084726,13.305008,0.115822|3.657727,-20.115102,-11.414117,3.071291,13.246092,0.153782
185|3.681867,-19.736623,-11.838066|3.678003,-19.742711,-11.738251,3.299726,14.320212,0.115597|3.677743,-19.758006,-11.740379,3.286300,14.260791,0.153594
186|3.701877,-19.372388,-12.153176|3.698041,-19.377947,-12.053331,3.519159,15.369449,0.115364|3.697761,-19.393399,-12.055409,3.505759,15.309555,0.153391
187|3.721887,-19.001154,-12.456947|3.718081,-19.006194,-12.357074,3.742720,16.452301,0.115123|3.717781,-19.021791,-12.359100,3.729360,16.391962,0.153172
188|3.741897,-18.623426,-12.749293|3.738122,-18.627957,-12.649396,3.970104,17.568338,0.114875|3.737803,-18.643690,-12.651368,3.956798,17.507578,0.152936
189|3.761907,-18.239708,-13.030153|3.758166,-18.243739,-12.930234,4.201010,18.717118,0.114621|3.757826,-18.259597,-12.932151,4.187772,18.655958,0.152685
190|3.781917,-17.850494,-13.299484|3.778213,-17.854036,-13.199546,4.435142,19.898185,0.114360|3.777853,-17.870008,-13.201406,4.421983,19.836643,0.152418
191|3.801927,-17.456273,-13.557265|3.798261,-17.459337,-13.457312,4.672206,21.111074,0.114094|3.797881,-17.475413,-13.459114,4.659138,21.049163,0.152134
192|3.821938,-17.057527,-13.803496|3.818312,-17.060122,-13.703530,4.911916,22.355305,0.113823|3.817911,-17.076292,-13.705272,4.898948,22.293037,0.151834
193|3.841948,-16.654725,-14.038193|3.838365,-16.656863,-13.938216,5.153989,23.630389,0.113548|3.837944,-16.673116,-13.939899,5.141132,23.567769,0.151517
194|3.861958,-16.248331,-14.261391|3.858420,-16.250021,-14.161405,5.398150,24.935824,0.113268|3.857979,-16.266349,-14.163028,5.385411,24.872856,0.151184
195|3.881968,-15.838794,-14.473142|3.878477,-15.840048,-14.373150,5.644129,26.271098,0.112984|3.878017,-15.856440,-14.374711,5.631517,26.207782,0.150835
196|3.901978,-15.426554,-14.673514|3.898537,-15.427382,-14.573517,5.891665,27.635685,0.112697|3.898057,-15.443829,-14.575017,5.879185,27.572017,0.150469
197|3.921988,-15.012038,-14.862588|3.918599,-15.012452,-14.762589,6.140502,29.029050,0.112408|3.918099,-15.028944,-14.764028,6.128161,28.965025,0.150086
198|3.941998,-14.595662,-15.040463|3.938664,-14.595672,-14.940463,6.390393,30.450648,0.112116|3.938144,-14.612200,-14.941840,6.378195,30.386256,0.149687
199|3.962009,-14.177827,-15.207247|3.958731,-14.177444,-15.107247,6.641099,31.899922,0.111822|3.958192,-14.194000,-15.108563,6.629049,31.835150,0.149271
200|3.982019,-13.758921,-15.363062|3.978800,-13.758157,-15.263065,6.892389,33.376303,0.111526|3.978242,-13.774732,-15.264320,6.880489,33.311137,0.148840
201|4.002029,-13.339320,-15.508041|3.998871,-13.338186,-15.408048,7.144039,34.879214,0.111229|3.998295,-13.354771,-15.409242,7.132292,34.813637,0.148392
202|4.022039,-12.919385,-15.642329|4.018945,-12.917892,-15.542340,7.395835,36.408066,0.110931|4.018350,-12.934480,-15.543475,7.384242,36.342060,0.147927
203|4.042049,-12.499463,-15.766077|4.039022,-12.497622,-15.666094,7.647571,37.962262,0.110633|4.038409,-12.514206,-15.667169,7.636133,37.895804,0.147448
204|4.062059,-12.079888,-15.879447|4.059100,-12.077710,-15.779470,7.899049,39.541192,0.110334|4.058470,-12.094282,-15.780488,7.887765,39.474261,0.146952
205|4.082069,-11.660978,-15.982607|4.079181,-11.658475,-15.882638,8.150079,41.144240,0.110036|4.078533,-11.675027,-15.883599,8.138950,41.076810,0.146441
206|4.102080,-11.243039,-16.075734|4.099265,-11.240222,-15.975774,8.400481,42.770777,0.109738|4.098600,-11.256748,-15.976678,8.389505,42.702824,0.145915
207|4.122090,-10.826361,-16.159009|4.119351,-10.823241,-16.059058,8.650083,44.420166,0.109441|4.118669,-10.839736,-16.059908,8.639258,44.351664,0.145373
208|4.142100,-10.411222,-16.232620|4.139439,-10.407810,-16.132679,8.898720,46.091762,0.109145|4.138742,-10.424267,-16.133475,8.888043,46.022683,0.144818
209|4.162110,-9.997884,-16.296759|4.159530,-9.994193,-16.196827,9.146237,47.784910,0.108850|4.158817,-10.010606,-16.197571,9.135706,47.715226,0.144247
210|4.182120,-9.586598,-16.351620|4.179623,-9.582639,-16.251699,9.392487,49.498945,0.108557|4.178894,-9.599002,-16.252393,9.382098,49.428630,0.143663
211|4.202130,-9.177600,-16.397404|4.199718,-9.173383,-16.297492,9.637329,51.233195,0.108266|4.198975,-9.189693,-16.298137,9.627078,51.162221,0.143066
212|4.222140,-8.771113,-16.434310|4.219815,-8.766651,-16.334410,9.880632,52.986980,0.107977|4.219059,-8.782903,-16.335007,9.870516,52.915318,0.142455
213|4.242151,-8.367348,-16.462543|4.239915,-8.362651,-16.362654,10.122272,54.759610,0.107690|4.239145,-8.378840,-16.363206,10.112285,54.687235,0.141831
214|4.262161,-7.966503,-16.482308|4.260018,-7.961583,-16.382429,10.362132,56.550389,0.107406|4.259234,-7.977705,-16.382937,10.352271,56.477274,0.141195
215|4.282171,-7.568762,-16.493810|4.280122,-7.563631,-16.393942,10.600103,58.358612,0.107125|4.279326,-7.579683,-16.394408,10.590362,58.284731,0.140548
216|4.302181,-7.174301,-16.497256|4.300229,-7.168970,-16.397398,10.836083,60.183567,0.106848|4.299421,-7.184949,-16.397824,10.826457,60.108896,0.139889
217|4.322191,-6.783281,-16.492851|4.320338,-6.777762,-16.393003,11.069977,62.024536,0.106573|4.319518,-6.793664,-16.393391,11.060460,61.949050,0.139219
218|4.342201,-6.395854,-16.480801|4.340449,-6.390157,-16.380964,11.301696,63.880792,0.106302|4.339618,-6.405980,-16.381315,11.292283,63.804469,0.138539
219|4.362211,-6.012160,-16.461312|4.360562,-6.006297,-16.361484,11.531157,65.751602,0.106035|4.359721,-6.022039,-16.361801,11.521843,65.674421,0.137849
220|4.382222,-5.632328,-16.434586|4.380678,-5.626311,-16.334767,11.758285,67.636227,0.105771|4.379827,-5.641969,-16.335052,11.749063,67.558169,0.137150
221|4.402232,-5.256479,-16.400826|4.400795,-5.250319,-16.301016,11.983009,69.533921,0.105512|4.399935,-5.265893,-16.301270,11.973875,69.454967,0.136442
222|4.422242,-4.884723,-16.360231|4.420915,-4.878432,-16.260430,12.205266,71.443934,0.105257|4.420045,-4.893918,-16.260655,12.196213,71.364067,0.135726
223|4.442252,-4.517161,-16.313001|4.441037,-4.510750,-16.213206,12.424996,73.365507,0.105006|4.440159,-4.526148,-16.213405,12.416018,73.284713,0.135003
224|4.462262,-4.153885,-16.259329|4.461160,-4.147365,-16.159542,12.642145,75.297879,0.104760|4.460274,-4.162675,-16.159716,12.633238,75.216143,0.134272
225|4.482272,-3.794978,-16.199410|4.481286,-3.788361,-16.099629,12.856666,77.240282,0.104518|4.480392,-3.803581,-16.099781,12.847823,77.157593,0.133536
226|4.502282,-3.440516,-16.133433|4.501413,-3.433814,-16.033658,13.068515,79.191943,0.104282|4.500513,-3.448944,-16.033789,13.059730,79.108292,0.132793
227|4.522293,-3.090567,-16.061586|4.521542,-3.083791,-15.961816,13.277652,81.152086,0.104050|4.520635,-3.098830,-15.961928,13.268920,81.067464,0.132045
228|4.542303,-2.745190,-15.984052|4.541673,-2.738352,-15.884286,13.484043,83.119929,0.103823|4.540760,-2.753301,-15.884382,13.475358,83.034330,0.131293
229|4.562313,-2.404440,-15.901012|4.561806,-2.397550,-15.801250,13.687656,85.094688,0.103602|4.560888,-2.412409,-15.801330,13.679014,85.008107,0.130537
230|4.582323,-2.068363,-15.812643|4.581940,-2.061433,-15.712884,13.888467,87.075574,0.103385|4.581017,-2.076202,-15.712951,13.879861,86.988008,0.129777
231|4.602333,-1.736999,-15.719120|4.602076,-1.730040,-15.619362,14.086450,89.061794,0.103174|4.601148,-1.744719,-15.619418,14.077877,88.973244,0.129015
232|4.622343,-1.410382,-15.620610|4.622214,-1.403406,-15.520854,14.281588,91.052555,0.102968|4.621281,-1.417996,-15.520901,14.273042,90.963020,0.128250
233|4.642353,-1.088541,-15.517283|4.642352,-1.081560,-15.417527,14.473864,93.047058,0.102768|4.641417,-1.096061,-15.417566,14.465340,92.956541,0.127483
234|4.662364,-0.771499,-15.409298|4.662493,-0.764524,-15.309542,14.663264,95.044503,0.102574|4.661554,-0.778937,-15.309575,14.654758,94.953009,0.126715
235|4.682374,-0.459275,-15.296817|4.682634,-0.452316,-15.197059,14.849780,97.044090,0.102385|4.681693,-0.466643,-15.197089,14.841287,96.951624,0.125947
236|4.702384,-0.151882,-15.179993|4.702777,-0.144951,-15.080233,15.033404,99.045014,0.102201|4.701833,-0.159193,-15.080261,15.024919,98.951584,0.125178
237|4.722394,0.150671,-15.058978|4.722921,0.157562,-14.959216,14.899006,98.953530,0.102024|4.721975,0.143405,-14.959242,14.918840,99.047914,0.124410
238|4.742404,0.448379,-14.933919|4.743067,0.455220,-14.834153,14.481519,96.952347,0.101852|4.742119,0.441146,-14.834181,14.501187,97.047675,0.123643
239|4.762414,0.741242,-14.804959|4.763213,0.748020,-14.705189,14.070848,94.952243,0.101686|4.762264,0.734029,-14.705219,14.090349,95.048502,0.122878
240|4.782424,1.029261,-14.672238|4.783360,1.035966,-14.572464,13.666989,92.954026,0.101525|4.782410,1.022055,-14.572498,13.686322,93.051202,0.122114
241|4.802435,1.312443,-14.535893|4.803508,1.319064,-14.436112,13.269934,90.958501,0.101371|4.802558,1.305233,-14.436153,13.289098,91.056578,0.121352
242|4.822445,1.590797,-14.396054|4.823658,1.597323,-14.296268,12.879672,88.966475,0.101222|4.822707,1.583569,-14.296316,12.898666,89.065437,0.120594
243|4.842455,1.864335,-14.252851|4.843807,1.870755,-14.153058,12.496185,86.978754,0.101079|4.842857,1.857078,-14.153115,12.515010,87.078581,0.119838
244|4.862465,2.133073,-14.106408|4.863958,2.139374,-14.006607,12.119454,84.996141,0.100942|4.863008,2.125773,-14.006675,12.138108,85.096815,0.119087
245|4.882475,2.397027,-13.956846|4.884109,2.403200,-13.857037,11.749453,83.019440,0.100811|4.883160,2.389672,-13.857117,11.767937,83.120938,0.118339
246|4.902485,2.656217,-13.804282|4.904261,2.662250,-13.704464,11.386156,81.049451,0.100685|4.903313,2.648794,-13.704557,11.404471,81.151751,0.117596
247|4.922495,2.910665,-13.648829|4.924413,2.916548,-13.549003,11.029533,79.086973,0.100566|4.923467,2.903163,-13.549111,11.047678,79.190051,0.116858
248|4.942506,3.160394,-13.490599|4.944565,3.166116,-13.390763,10.679551,77.132802,0.100452|4.943621,3.152801,-13.390888,10.697527,77.236632,0.116124
249|4.962516,3.405431,-13.329698|4.964718,3.410981,-13.229852,10.336173,75.187732,0.100344|4.963777,3.397734,-13.229995,10.353981,75.292288,0.115397
250|4.982526,3.645802,-13.166229|4.984871,3.651169,-13.066374,9.999362,73.252552,0.100241|4.983932,3.637989,-13.066535,10.017002,73.357807,0.114675
251|5.002536,3.881536,-13.000293|5.005025,3.886709,-12.900427,9.669079,71.328048,0.100144|5.004088,3.873595,-12.900609,9.686552,71.433974,0.113959
252|5.022546,4.112663,-12.831986|5.025178,4.117631,-12.732110,9.345281,69.415004,0.100052|5.024245,4.104582,-12.732313,9.362588,69.521569,0.113250
253|5.042556,4.339213,-12.661402|5.045331,4.343967,-12.561515,9.027926,67.514196,0.099967|5.044402,4.330981,-12.561742,9.045067,67.621371,0.112547
254|5.062567,4.561219,-12.488632|5.065484,4.565747,-12.388735,8.716967,65.626399,0.099886|5.064559,4.552824,-12.388985,8.733945,65.734152,0.111851
255|5.082577,4.778714,-12.313763|5.085637,4.783006,-12.213855,8.412360,63.752380,0.099811|5.084716,4.770144,-12.214131,8.429174,63.860677,0.111163
256|5.102587,4.991731,-12.136879|5.105790,4.995777,-12.036961,8.114056,61.892902,0.099741|5.104874,4.982975,-12.037263,8.130708,62.001711,0.110482
257|5.122597,5.200304,-11.958063|5.125943,5.204094,-11.858135,7.822007,60.048723,0.099676|5.125031,5.191352,-11.858464,7.838498,60.158008,0.109808
258|5.142607,5.404469,-11.777393|5.146095,5.407992,-11.677455,7.536165,58.220593,0.099617|5.145188,5.395309,-11.677813,7.552496,58.330320,0.109142
259|5.162617,5.604261,-11.594945|5.166246,5.607508,-11.494998,7.256480,56.409258,0.099562|5.165346,5.594882,-11.495386,7.272651,56.519389,0.108485
260|5.182627,5.799716,-11.410793|5.186398,5.802676,-11.310837,6.982900,54.615453,0.099513|5.185503,5.790108,-11.311256,6.998914,54.725953,0.107835
261|5.202638,5.990870,-11.225008|5.206548,5.993533,-11.125043,6.715376,52.839912,0.099468|5.205659,5.981021,-11.125494,6.731233,52.950743,0.107194
262|5.222648,6.177759,-11.037657|5.226698,6.180115,-10.937685,6.453857,51.083356,0.099428|5.225815,6.167660,-10.938168,6.469558,51.194480,0.106561
263|5.242658,6.360419,-10.848808|5.246847,6.362459,-10.748828,6.198290,49.346502,0.099393|5.245971,6.350060,-10.749346,6.213837,49.457880,0.105937
264|5.262668,6.538887,-10.658522|5.266995,6.540601,-10.558537,5.948626,47.630056,0.099362|5.266127,6.528257,-10.559089,5.964018,47.741649,0.105321
265|5.282678,6.713200,-10.466863|5.287143,6.714578,-10.366872,5.704811,45.934718,0.099336|5.286281,6.702289,-10.367460,5.720051,46.046487,0.104714
266|5.302688,6.883393,-10.273887|5.307289,6.884426,-10.173892,5.466796,44.261178,0.099314|5.306435,6.872192,-10.174516,5.481885,44.373083,0.104116
267|5.322698,7.049503,-10.079653|5.327434,7.050181,-9.979655,5.234530,42.610117,0.099296|5.326589,7.038003,-9.980316,5.249467,42.722118,0.103527
268|5.342709,7.211565,-9.884215|5.347579,7.211880,-9.784215,5.007960,40.982208,0.099282|5.346741,7.199756,-9.784914,5.022748,41.094265,0.102948
269|5.362719,7.369616,-9.687625|5.367722,7.369558,-9.587625,4.787038,39.378112,0.099272|5.366893,7.357490,-9.588363,4.801678,39.490185,0.102377
270|5.382729,7.523691,-9.489935|5.387863,7.523251,-9.389936,4.571713,37.798482,0.099266|5.387043,7.511238,-9.390713,4.586204,37.910530,0.101815
271|5.402739,7.673825,-9.291192|5.408004,7.672994,-9.191195,4.361935,36.243961,0.099263|5.407193,7.661036,-9.192013,4.376280,36.355944,0.101263
272|5.422749,7.820052,-9.091444|5.428143,7.818822,-8.991452,4.157656,34.715180,0.099264|5.427342,7.806920,-8.992310,4.171854,34.827057,0.100720
273|5.442759,7.962407,-8.890737|5.448281,7.960769,-8.790750,3.958827,33.212760,0.099269|5.447489,7.948922,-8.791650,3.972880,33.324491,0.100187
274|5.462769,8.100923,-8.689113|5.468417,8.098869,-8.589134,3.765400,31.737311,0.099276|5.467635,8.087079,-8.590076,3.779309,31.848856,0.099662
275|5.482780,8.235634,-8.486614|5.488552,8.233155,-8.386644,3.577328,30.289432,0.099287|5.487780,8.221422,-8.387629,3.591094,30.400751,0.099148
276|5.502790,8.366572,-8.283280|5.508685,8.363660,-8.183323,3.394566,28.869710,0.099301|5.507924,8.351985,-8.184350,3.408188,28.980764,0.098642
277|5.522800,8.493770,-8.079151|5.528817,8.490417,-7.979207,3.217067,27.478720,0.099318|5.528067,8.478801,-7.980278,3.230547,27.589469,0.098146
278|5.542810,8.617260,-7.874263|5.548947,8.613457,-7.774335,3.044786,26.117025,0.099337|5.548207,8.601900,-7.775449,3.058125,26.227432,0.097659
279|5.562820,8.737071,-7.668651|5.569075,8.732811,-7.568742,2.877681,24.785176,0.099359|5.568347,8.721314,-7.569900,2.890879,24.895202,0.097182
280|5.582830,8.853234,-7.462351|5.589201,8.848510,-7.362463,2.715708,23.483712,0.099383|5.588485,8.837074,-7.363666,2.728765,23.593320,0.096714
281|5.602840,8.965779,-7.255395|5.609325,8.960583,-7.155531,2.558824,22.213159,0.099409|5.608621,8.949209,-7.156778,2.571743,22.322311,0.096256
282|5.622851,9.074735,-7.047816|5.629448,9.069060,-6.947977,2.406990,20.974029,0.099438|5.628755,9.057748,-6.949269,2.419769,21.082690,0.095806
283|5.642861,9.180131,-6.839643|5.649568,9.173968,-6.739833,2.260165,19.766822,0.099469|5.648888,9.162721,-6.741170,2.272806,19.874956,0.095367
284|5.662871,9.281992,-6.630905|5.669687,9.275336,-6.531127,2.118309,18.592023,0.099501|5.669019,9.264154,-6.532509,2.130813,18.699596,0.094936
285|5.682881,9.380347,-6.421632|5.689803,9.373190,-6.321889,1.981386,17.450107,0.099535|5.689148,9.362074,-6.323316,1.993752,17.557084,0.094515
286|5.702891,9.475221,-6.211851|5.709918,9.467557,-6.112145,1.849357,16.341530,0.099571|5.709276,9.456508,-6.113617,1.861586,16.447879,0.094103
287|5.722901,9.566639,-6.001586|5.730030,9.558462,-5.901921,1.722187,15.266739,0.099608|5.729401,9.547481,-5.903438,1.734281,15.372427,0.093701
288|5.742911,9.654627,-5.790864|5.750140,9.645929,-5.691243,1.599842,14.226164,0.099646|5.749524,9.635019,-5.692806,1.611800,14.331160,0.093307
289|5.762922,9.739207,-5.579709|5.770248,9.729983,-5.480136,1.482287,13.220222,0.099685|5.769646,9.719143,-5.481743,1.494109,13.324496,0.092923
290|5.782932,9.820402,-5.368144|5.790354,9.810645,-5.268621,1.369490,12.249314,0.099725|5.789765,9.799879,-5.270273,1.381178,12.352836,0.092548
291|5.802942,9.898235,-5.156192|5.810457,9.887940,-5.056723,1.261419,11.313828,0.099767|5.809882,9.877248,-5.058419,1.272973,11.416571,0.092182
292|5.822952,9.972726,-4.943873|5.830558,9.961888,-4.844462,1.158045,10.414137,0.099808|5.829997,9.951271,-4.846202,1.169465,10.516073,0.091825
293|5.842962,10.043897,-4.731210|5.850657,10.032509,-4.631860,1.059338,9.550598,0.099851|5.850110,10.021969,-4.633643,1.070624,9.651701,0.091477
294|5.862972,10.111766,-4.518221|5.870753,10.099823,-4.418937,0.965269,8.723554,0.099894|5.870220,10.089362,-4.420763,0.976423,8.823799,0.091138
295|5.882982,10.176352,-4.304927|5.890847,10.163850,-4.205711,0.875813,7.933333,0.099937|5.890329,10.153469,-4.207580,0.886834,8.032696,0.090807
296|5.902993,10.237674,-4.091346|5.910938,10.224607,-3.992203,0.790944,7.180246,0.099980|5.910434,10.214307,-3.994114,0.801832,7.278704,0.090486
297|5.923003,10.295749,-3.877496|5.931027,10.282112,-3.778430,0.710636,6.464592,0.100023|5.930538,10.271895,-3.780382,0.721393,6.562123,0.090173
298|5.943013,10.350592,-3.663394|5.951114,10.336381,-3.564409,0.634868,5.786651,0.100067|5.950639,10.326249,-3.566403,0.645493,5.883234,0.089870
299|5.963023,10.402218,-3.449059|5.971198,10.387429,-3.350158,0.563616,5.146689,0.100110|5.970737,10.377383,-3.352192,0.574111,5.242304,0.089574
300|5.983033,10.450643,-3.234505|5.991279,10.435271,-3.135694,0.496861,4.544956,0.100152|5.990834,10.425313,-3.137767,0.507224,4.639584,0.089288
301|6.003043,10.495880,-3.019750|6.011358,10.479922,-2.921031,0.434581,3.981686,0.100195|6.010927,10.470053,-2.923143,0.444815,4.075310,0.089010
302|6.023053,10.537942,-2.804808|6.031434,10.521393,-2.706187,0.376760,3.457099,0.100237|6.031018,10.511615,-2.708335,0.386863,3.549702,0.088740
303|6.043064,10.576840,-2.589694|6.051508,10.559697,-2.491175,0.323379,2.971397,0.100278|6.051107,10.550012,-2.493360,0.333353,3.062962,0.088480
304|6.063074,10.612586,-2.374424|6.071579,10.594845,-2.276010,0.274424,2.524766,0.100318|6.071192,10.585255,-2.278231,0.284268,2.615279,0.088227
305|6.083084,10.645190,-2.159011|6.091647,10.626848,-2.060708,0.229878,2.117378,0.100358|6.091275,10.617353,-2.062964,0.239594,2.206825,0.087983
306|6.103094,10.674660,-1.943470|6.111713,10.655715,-1.845281,0.189729,1.749386,0.100397|6.111356,10.646317,-1.847570,0.199316,1.837754,0.087747
307|6.123104,10.701006,-1.727814|6.131776,10.681454,-1.629744,0.153964,1.420931,0.100435|6.131434,10.672156,-1.632066,0.163423,1.508206,0.087519
308|6.143114,10.724235,-1.512056|6.151836,10.704074,-1.414110,0.122572,1.132132,0.100472|6.151509,10.694876,-1.416463,0.131903,1.218305,0.087300
309|6.163124,10.744353,-1.296210|6.171894,10.723580,-1.198392,0.095544,0.883099,0.100508|6.171581,10.714484,-1.200775,0.104747,0.968158,0.087088
310|6.183135,10.761366,-1.080290|6.191949,10.739979,-0.982603,0.072870,0.673919,0.100542|6.191650,10.730987,-0.985016,0.081946,0.757854,0.086885
311|6.203145,10.775280,-0.864306|6.212001,10.753277,-0.766757,0.054544,0.504668,0.100575|6.211717,10.744390,-0.769197,0.063493,0.587470,0.086690
312|6.223155,10.786097,-0.648273|6.232051,10.763476,-0.550865,0.040559,0.375402,0.100607|6.231780,10.754696,-0.553331,0.049381,0.457063,0.086502
313|6.243165,10.793822,-0.432203|6.252098,10.770581,-0.334941,0.030910,0.286164,0.100638|6.251841,10.761909,-0.337431,0.039607,0.366676,0.086323
314|6.263175,10.798456,-0.216107|6.272142,10.774594,-0.118996,0.025594,0.236979,0.100667|6.271899,10.766032,-0.121510,0.034165,0.316333,0.086151
