OneBody1_E-0.25_ecc0.0_RK4.txt
initial value : [x, y, v_x, v_y] = [18.00,0.00,0.00,0.71] , numerical interval dt = 0.02000 , [M, m] = [ 9, 1]

num|given_position|geodesic|newtonian
num| degree1, x1, y1 | degree2, x2, y2, simple error, relative error, d(rho) | degree2, x2, y2, simple error, relative error, dt
  1|0.000000,18.000000,0.000000|0.005556,17.999722,0.100000,0.000278,0.001543,0.141422|0.005556,17.999722,0.100000,0.000278,0.001543,0.141422
  2|0.020010,17.996396,0.360159|0.025565,17.995563,0.460155,0.004437,0.024649,0.141424|0.025565,17.995563,0.460155,0.004437,0.024649,0.141427
  3|0.040020,17.985587,0.720173|0.045573,17.984199,0.820163,0.015801,0.087785,0.141433|0.045573,17.984199,0.820163,0.015801,0.087786,0.141444
  4|0.060030,17.967577,1.079899|0.065580,17.965633,1.179880,0.034367,0.190927,0.141447|0.065580,17.965633,1.179880,0.034367,0.190929,0.141473
  5|0.080041,17.942372,1.439193|0.085586,17.939874,1.539161,0.060126,0.334034,0.141467|0.085586,17.939873,1.539161,0.060127,0.334038,0.141512
  6|0.100051,17.909984,1.797910|0.105591,17.906931,1.897863,0.093069,0.517049,0.141493|0.105591,17.906930,1.897863,0.093070,0.517056,0.141564
  7|0.120061,17.870424,2.155907|0.125594,17.866818,2.255842,0.133182,0.739899,0.141524|0.125594,17.866816,2.255842,0.133184,0.739913,0.141626
  8|0.140071,17.823710,2.513042|0.145597,17.819551,2.612955,0.180449,1.002496,0.141561|0.145597,17.819547,2.612955,0.180453,1.002518,0.141700
  9|0.160081,17.769858,2.869170|0.165598,17.765148,2.969059,0.234852,1.304734,0.141603|0.165598,17.765142,2.969059,0.234858,1.304769,0.141786
 10|0.180091,17.708892,3.224149|0.185598,17.703631,3.324011,0.296369,1.646494,0.141652|0.185598,17.703622,3.324010,0.296378,1.646545,0.141883
 11|0.200101,17.640836,3.577838|0.205597,17.635025,3.677669,0.364975,2.027639,0.141706|0.205597,17.635012,3.677668,0.364988,2.027710,0.141992
 12|0.220112,17.565716,3.930093|0.225594,17.559357,4.029891,0.440643,2.448017,0.141765|0.225595,17.559340,4.029890,0.440660,2.448112,0.142112
 13|0.240122,17.483563,4.280776|0.245591,17.476657,4.380537,0.523343,2.907460,0.141831|0.245591,17.476635,4.380535,0.523365,2.907585,0.142244
 14|0.260132,17.394409,4.629744|0.265586,17.386959,4.729466,0.613041,3.405785,0.141902|0.265587,17.386930,4.729464,0.613070,3.405945,0.142388
 15|0.280142,17.298291,4.976858|0.285581,17.290297,5.076538,0.709703,3.942792,0.141978|0.285581,17.290261,5.076535,0.709739,3.942994,0.142543
 16|0.300152,17.195247,5.321980|0.305574,17.186712,5.421615,0.813288,4.518267,0.142061|0.305574,17.186667,5.421612,0.813333,4.518517,0.142711
 17|0.320162,17.085318,5.664971|0.325566,17.076244,5.764559,0.923756,5.131980,0.142149|0.325566,17.076189,5.764554,0.923811,5.132285,0.142891
 18|0.340172,16.968549,6.005694|0.345556,16.958936,6.105231,1.041064,5.783686,0.142242|0.345557,16.958870,6.105225,1.041130,5.784054,0.143082
 19|0.360183,16.844985,6.344012|0.365546,16.834838,6.443496,1.165162,6.473125,0.142342|0.365547,16.834759,6.443488,1.165241,6.473563,0.143286
 20|0.380193,16.714676,6.679790|0.385534,16.703996,6.779218,1.296004,7.200020,0.142447|0.385536,16.703903,6.779208,1.296097,7.200538,0.143503
 21|0.400203,16.577675,7.012894|0.405521,16.566465,7.112263,1.433535,7.964081,0.142558|0.405523,16.566356,7.112251,1.433644,7.964687,0.143731
 22|0.420213,16.434037,7.343189|0.425507,16.422299,7.442498,1.577701,8.765004,0.142674|0.425510,16.422173,7.442483,1.577827,8.765707,0.143973
 23|0.440223,16.283818,7.670545|0.445492,16.271556,7.769790,1.728444,9.602467,0.142796|0.445495,16.271410,7.769772,1.728590,9.603277,0.144227
 24|0.460233,16.127080,7.994829|0.465476,16.114296,8.094008,1.885704,10.476135,0.142924|0.465479,16.114129,8.093987,1.885871,10.477063,0.144494
 25|0.480243,15.963884,8.315912|0.485458,15.950581,8.415023,2.049419,11.385660,0.143057|0.485462,15.950391,8.414997,2.049609,11.386716,0.144774
 26|0.500254,15.794297,8.633666|0.505440,15.780478,8.732706,2.219522,12.330677,0.143197|0.505444,15.780263,8.732676,2.219737,12.331872,0.145067
 27|0.520264,15.618386,8.947962|0.525420,15.604054,9.046930,2.395946,13.310810,0.143341|0.525425,15.603812,9.046895,2.396188,13.312155,0.145373
 28|0.540274,15.436221,9.258676|0.545399,15.421380,9.357569,2.578620,14.325664,0.143492|0.545404,15.421109,9.357528,2.578891,14.327172,0.145693
 29|0.560284,15.247876,9.565683|0.565376,15.232530,9.664498,2.767470,15.374836,0.143648|0.565383,15.232227,9.664451,2.767773,15.376519,0.146027
 30|0.580294,15.053425,9.868860|0.585353,15.037577,9.967596,2.962423,16.457905,0.143810|0.585361,15.037240,9.967541,2.962760,16.459775,0.146375
 31|0.600304,14.852947,10.168085|0.605328,14.836601,10.266740,3.163399,17.574438,0.143977|0.605337,14.836228,10.266678,3.163772,17.576509,0.146736
 32|0.620314,14.646523,10.463239|0.625302,14.629682,10.561811,3.370318,18.723988,0.144150|0.625312,14.629271,10.561740,3.370729,18.726273,0.147112
 33|0.640325,14.434233,10.754204|0.645275,14.416903,10.852691,3.583097,19.906095,0.144329|0.645287,14.416450,10.852610,3.583550,19.908609,0.147503
 34|0.660335,14.216165,11.040863|0.665247,14.198348,11.139263,3.801652,21.120287,0.144513|0.665260,14.197852,11.139172,3.802148,21.123044,0.147909
 35|0.680345,13.992404,11.323101|0.685217,13.974106,11.421413,4.025894,22.366078,0.144703|0.685232,13.973564,11.421310,4.026436,22.369092,0.148329
 36|0.700355,13.763041,11.600806|0.705186,13.744266,11.699027,4.255734,23.642969,0.144899|0.705203,13.743674,11.698912,4.256326,23.646255,0.148765
 37|0.720365,13.528168,11.873865|0.725154,13.508919,11.971995,4.491081,24.950450,0.145100|0.725173,13.508276,11.971867,4.491724,24.954023,0.149216
 38|0.740375,13.287878,12.142171|0.745121,13.268161,12.240208,4.731839,26.287997,0.145307|0.745142,13.267463,12.240065,4.732537,26.291874,0.149684
 39|0.760385,13.042267,12.405615|0.765087,13.022086,12.503557,4.977914,27.655075,0.145519|0.765110,13.021331,12.503398,4.978669,27.659271,0.150167
 40|0.780396,12.791434,12.664091|0.785051,12.770795,12.761938,5.229205,29.051138,0.145737|0.785076,12.769979,12.761762,5.230021,29.055670,0.150667
 41|0.800406,12.535480,12.917497|0.805014,12.514387,13.015247,5.485613,30.475626,0.145961|0.805042,12.513508,13.015054,5.486492,30.480510,0.151184
 42|0.820416,12.274507,13.165731|0.824976,12.252965,13.263383,5.747035,31.927970,0.146190|0.825007,12.252020,13.263170,5.747980,31.933223,0.151718
 43|0.840426,12.008619,13.408694|0.844937,11.986634,13.506247,6.013366,33.407588,0.146424|0.844970,11.985619,13.506013,6.014381,33.413228,0.152270
 44|0.860436,11.737923,13.646288|0.864896,11.715500,13.743741,6.284500,34.913889,0.146665|0.864933,11.714412,13.743484,6.285588,34.919933,0.152839
 45|0.880446,11.462527,13.878417|0.884855,11.439671,13.975771,6.560329,36.446270,0.146910|0.884895,11.438508,13.975490,6.561492,36.452735,0.153427
 46|0.900456,11.182542,14.104991|0.904812,11.159259,14.202242,6.840741,38.004117,0.147162|0.904855,11.158016,14.201936,6.841984,38.011021,0.154034
 47|0.920467,10.898079,14.325916|0.924767,10.874375,14.423066,7.125625,39.586807,0.147418|0.924815,10.873050,14.422733,7.126950,39.594169,0.154660
 48|0.940477,10.609253,14.541106|0.944722,10.585133,14.638153,7.414867,41.193706,0.147680|0.944773,10.583722,14.637792,7.416278,41.201545,0.155305
 49|0.960487,10.316179,14.750473|0.964675,10.291649,14.847418,7.708351,42.824172,0.147948|0.964731,10.290149,14.847026,7.709851,42.832506,0.155971
 50|0.980497,10.018974,14.953935|0.984627,9.994041,15.050776,8.005959,44.477552,0.148221|0.984688,9.992448,15.050352,8.007552,44.486400,0.156658
 51|1.000507,9.717758,15.151409|1.004578,9.692427,15.248147,8.307573,46.153184,0.148500|1.004643,9.690738,15.247689,8.309262,46.162565,0.157365
 52|1.020517,9.412651,15.342816|1.024527,9.386928,15.439451,8.613072,47.850398,0.148783|1.024598,9.385141,15.438958,8.614859,47.860330,0.158095
 53|1.040528,9.103775,15.528081|1.044476,9.077667,15.624612,8.922333,49.568514,0.149073|1.044551,9.075777,15.624081,8.924223,49.579018,0.158846
 54|1.060538,8.791254,15.707128|1.064423,8.764768,15.803556,9.235232,51.306845,0.149367|1.064504,8.762771,15.802985,9.237229,51.317939,0.159621
 55|1.080548,8.475213,15.879886|1.084368,8.448355,15.976211,9.551645,53.064695,0.149667|1.084456,8.446248,15.975599,9.553752,53.076399,0.160419
 56|1.100558,8.155779,16.046285|1.104313,8.128555,16.142508,9.871445,54.841360,0.149972|1.104406,8.126335,16.141853,9.873665,54.853694,0.161242
 57|1.120568,7.833079,16.206260|1.124256,7.805497,16.302381,10.194503,56.636129,0.150282|1.124356,7.803160,16.301680,10.196840,56.649112,0.162090
 58|1.140578,7.507243,16.359747|1.144198,7.479309,16.455766,10.520691,58.448285,0.150598|1.144305,7.476852,16.455017,10.523148,58.461936,0.162963
 59|1.160588,7.178401,16.506682|1.164139,7.150122,16.602601,10.849878,60.277100,0.150919|1.164253,7.147541,16.601802,10.852459,60.291440,0.163863
 60|1.180599,6.846685,16.647009|1.184079,6.818068,16.742827,11.181932,62.121844,0.151244|1.184200,6.815360,16.741976,11.184640,62.136891,0.164790
 61|1.200609,6.512227,16.780670|1.204017,6.483280,16.876389,11.516720,63.981777,0.151575|1.204146,6.480441,16.875484,11.519559,63.997552,0.165745
 62|1.220619,6.175162,16.907613|1.223954,6.145892,17.003233,11.854108,65.856156,0.151911|1.224091,6.142918,17.002272,11.857082,65.872678,0.166730
 63|1.240629,5.835625,17.027786|1.243890,5.806038,17.123309,12.193962,67.744231,0.152252|1.244035,5.802927,17.122289,12.197073,67.761518,0.167744
 64|1.260639,5.493751,17.141141|1.263824,5.463856,17.236568,12.536144,69.645244,0.152599|1.263978,5.460603,17.235487,12.539397,69.663317,0.168790
 65|1.280649,5.149677,17.247632|1.283758,5.119482,17.342965,12.880518,71.558435,0.152949|1.283920,5.116084,17.341821,12.883916,71.577312,0.169868
 66|1.300659,4.803542,17.347218|1.303690,4.773053,17.442457,13.226947,73.483039,0.153305|1.303861,4.769507,17.441248,13.230493,73.502739,0.170979
 67|1.320670,4.455483,17.439859|1.323621,4.424709,17.535006,13.575291,75.418284,0.153666|1.323802,4.421011,17.533730,13.578989,75.438826,0.172125
 68|1.340680,4.105640,17.525516|1.343550,4.074589,17.620573,13.925411,77.363397,0.154031|1.343741,4.070736,17.619227,13.929264,77.384798,0.173307
 69|1.360690,3.754153,17.604157|1.363479,3.722832,17.699125,14.277168,79.317598,0.154401|1.363679,3.718822,17.697707,14.281178,79.339875,0.174525
 70|1.380700,3.401164,17.675749|1.383406,3.369581,17.770630,14.630419,81.280104,0.154776|1.383617,3.365410,17.769139,14.634590,81.303276,0.175782
 71|1.400710,3.046812,17.740263|1.403332,3.014976,17.835060,14.985024,83.250131,0.155155|1.403554,3.010641,17.833492,14.989359,83.274215,0.177080
 72|1.420720,2.691240,17.797675|1.423257,2.659160,17.892389,15.340840,85.226889,0.155539|1.423489,2.654658,17.890743,15.345342,85.251900,0.178418
 73|1.440730,2.334591,17.847960|1.443180,2.302274,17.942594,15.697726,87.209588,0.155927|1.443424,2.297603,17.940868,15.702397,87.235542,0.179800
 74|1.460741,1.977008,17.891099|1.463103,1.944462,17.985655,16.055538,89.197432,0.156320|1.463358,1.939618,17.983847,16.060382,89.224344,0.181227
 75|1.480751,1.618632,17.927075|1.483024,1.585867,18.021555,16.414133,91.189626,0.156717|1.483291,1.580848,18.019662,16.419152,91.217511,0.182701
 76|1.500761,1.259609,17.955873|1.502944,1.226633,18.050280,16.773367,93.185373,0.157118|1.503223,1.221436,18.048301,16.778564,93.214244,0.184224
 77|1.520771,0.900081,17.977482|1.522863,0.866903,18.071817,17.133097,95.183874,0.157523|1.523155,0.861526,18.069751,17.138474,95.213743,0.185799
 78|1.540781,0.540193,17.991892|1.542781,0.506821,18.086160,17.493179,97.184327,0.157932|1.543085,0.501263,18.084004,17.498737,97.215206,0.187426
 79|1.560791,0.180088,17.999099|1.562698,0.146532,18.093301,17.853468,99.185933,0.158345|1.563014,0.140790,18.091054,17.859210,99.217832,0.189110
 80|1.580801,-0.180088,17.999099|1.582613,-0.213820,18.093238,17.786180,98.812111,0.158763|1.582943,-0.219747,18.090899,17.780253,98.779183,0.190851
 81|1.600812,-0.540193,17.991892|1.602528,-0.574091,18.085972,17.425909,96.810605,0.159183|1.602870,-0.580205,18.083539,17.419795,96.776641,0.192654
 82|1.620822,-0.900081,17.977482|1.622441,-0.934137,18.071504,17.065863,94.810353,0.159608|1.622797,-0.940438,18.068977,17.059562,94.775345,0.194522
 83|1.640832,-1.259609,17.955873|1.642354,-1.293812,18.049842,16.706188,92.812153,0.160036|1.642722,-1.300302,18.047219,16.699698,92.776098,0.196457
 84|1.660842,-1.618632,17.927075|1.662265,-1.652975,18.020993,16.347025,90.816808,0.160467|1.662647,-1.659654,18.018274,16.340346,90.779702,0.198462
 85|1.680852,-1.977008,17.891099|1.682176,-2.011479,17.984970,15.988521,88.825115,0.160902|1.682570,-2.018348,17.982154,15.981652,88.786958,0.200542
 86|1.700862,-2.334591,17.847960|1.702085,-2.369183,17.941787,15.630817,86.837873,0.161340|1.702493,-2.376240,17.938874,15.623760,86.798666,0.202701
 87|1.720872,-2.691240,17.797675|1.721993,-2.725942,17.891461,15.274058,84.855877,0.161781|1.722414,-2.733188,17.888452,15.266812,84.815625,0.204943
 88|1.740883,-3.046812,17.740263|1.741901,-3.081614,17.834012,14.918386,82.879921,0.162225|1.742335,-3.089047,17.830907,14.910953,82.838630,0.207272
 89|1.760893,-3.401164,17.675749|1.761808,-3.436057,17.769463,14.563943,80.910796,0.162671|1.762254,-3.443674,17.766263,14.556326,80.868476,0.209693
 90|1.780903,-3.754153,17.604157|1.781713,-3.789128,17.697841,14.210872,78.949292,0.163121|1.782173,-3.796928,17.694546,14.203072,78.905955,0.212213
 91|1.800913,-4.105640,17.525516|1.801618,-4.140685,17.619174,13.859315,76.996193,0.163573|1.802090,-4.148666,17.615787,13.851334,76.951856,0.214836
 92|1.820923,-4.455483,17.439859|1.821522,-4.490589,17.533494,13.509411,75.052282,0.164027|1.822006,-4.498746,17.530016,13.501254,75.006965,0.217569
 93|1.840933,-4.803542,17.347218|1.841425,-4.838699,17.440834,13.161301,73.118337,0.164483|1.841921,-4.847028,17.437268,13.152972,73.072066,0.220419
 94|1.860943,-5.149677,17.247632|1.861327,-5.184876,17.341233,12.815124,71.195134,0.164942|1.861835,-5.193371,17.337582,12.806629,71.147938,0.223394
 95|1.880954,-5.493751,17.141141|1.881229,-5.528981,17.234729,12.471019,69.283441,0.165403|1.881747,-5.537636,17.230997,12.462364,69.235357,0.226502
 96|1.900964,-5.835625,17.027786|1.901130,-5.870875,17.121367,12.129125,67.384026,0.165865|1.901658,-5.879683,17.117557,12.120317,67.335094,0.229751
 97|1.920974,-6.175162,16.907613|1.921030,-6.210423,17.001190,11.789577,65.497649,0.166329|1.921568,-6.219375,16.997308,11.780625,65.447917,0.233153
 98|1.940984,-6.512227,16.780670|1.940930,-6.547488,16.874247,11.452512,63.625066,0.166794|1.941477,-6.556574,16.870299,11.443426,63.574590,0.236718
 99|1.960994,-6.846685,16.647009|1.960829,-6.881935,16.740590,11.118065,61.767026,0.167260|1.961383,-6.891143,16.736583,11.108857,61.715871,0.240457
100|1.981004,-7.178401,16.506682|1.980727,-7.213631,16.600271,10.786369,59.924274,0.167728|1.981289,-7.222948,16.596212,10.777052,59.872513,0.244385
101|2.001014,-7.507243,16.359747|2.000625,-7.542441,16.453347,10.457559,58.097548,0.168196|2.001192,-7.551852,16.449245,10.448148,58.045266,0.248516
102|2.021025,-7.833079,16.206260|2.020523,-7.868236,16.299877,10.131764,56.287579,0.168665|2.021094,-7.877723,16.295742,10.122277,56.234874,0.252867
103|2.041035,-8.155779,16.046285|2.040420,-8.190883,16.139921,9.809117,54.495094,0.169134|2.040994,-8.200426,16.135765,9.799574,54.442076,0.257455
104|2.061045,-8.475213,15.879886|2.060316,-8.510254,15.973545,9.489746,52.720809,0.169604|2.060892,-8.519831,15.969380,9.480169,52.667604,0.262302
105|2.081055,-8.791254,15.707128|2.080213,-8.826221,15.800815,9.173779,50.965437,0.170073|2.080787,-8.835806,15.796655,9.164194,50.912189,0.267431
106|2.101065,-9.103775,15.528081|2.100109,-9.138658,15.621799,8.861342,49.229679,0.170543|2.100680,-9.148220,15.617661,8.851780,49.176554,0.272867
107|2.121075,-9.412651,15.342816|2.120005,-9.447438,15.436570,8.552562,47.514231,0.171012|2.120571,-9.456945,15.432471,8.543055,47.461417,0.278640
108|2.141085,-9.717758,15.151409|2.139901,-9.752440,15.245202,8.247560,45.819780,0.171480|2.140459,-9.761851,15.241163,8.238149,45.767494,0.284782
109|2.161096,-10.018974,14.953935|2.159796,-10.053539,15.047771,7.946461,44.147006,0.171947|2.160344,-10.062811,15.043814,7.937189,44.095495,0.291333
110|2.181106,-10.316179,14.750473|2.179692,-10.350616,14.844356,7.649384,42.496579,0.172413|2.180225,-10.359697,14.840507,7.640303,42.446128,0.298334
111|2.201116,-10.609253,14.541106|2.199588,-10.643551,14.635040,7.356449,40.869158,0.172878|2.200103,-10.652382,14.631327,7.347618,40.820097,0.305836
112|2.221126,-10.898079,14.325916|2.219483,-10.932228,14.419905,7.067772,39.265398,0.173341|2.219976,-10.940741,14.416359,7.059259,39.218107,0.313896
113|2.241136,-11.182542,14.104991|2.239379,-11.216531,14.199037,6.783469,37.685939,0.173803|2.239845,-11.224645,14.195695,6.775355,37.640861,0.322579
114|2.261146,-11.462527,13.878417|2.259275,-11.496345,13.972526,6.503655,36.131416,0.174262|2.259709,-11.503968,13.969426,6.496032,36.089065,0.331963
115|2.281156,-11.737923,13.646288|2.279172,-11.771559,13.740461,6.228441,34.602450,0.174719|2.279568,-11.778582,13.737649,6.221418,34.563432,0.342137
116|2.301167,-12.008619,13.408694|2.299068,-12.042062,13.502936,5.957938,33.099654,0.175173|2.299419,-12.048357,13.500459,5.951643,33.064682,0.353207
117|2.321177,-12.274507,13.165731|2.318966,-12.307747,13.260045,5.692253,31.623630,0.175624|2.319263,-12.313161,13.257958,5.686839,31.593550,0.365294
118|2.341187,-12.535480,12.917497|2.338863,-12.568505,13.011887,5.431495,30.174970,0.176072|2.339099,-12.572858,13.010249,5.427142,30.150792,0.378546
119|2.361197,-12.791434,12.664091|2.358762,-12.824234,12.758559,5.175766,28.754254,0.176516|2.358925,-12.827305,12.757436,5.172695,28.737192,0.393134
120|2.381207,-13.042267,12.405615|2.378661,-13.074831,12.500164,4.925169,27.362051,0.176957|2.378740,-13.076356,12.499625,4.923644,27.353579,0.409259
121|2.401217,-13.287878,12.142171|2.398560,-13.320195,12.236805,4.679805,25.998918,0.177394|2.398543,-13.319849,12.236922,4.680151,26.000837,0.427159
122|2.421227,-13.528168,11.873865|2.418461,-13.560228,11.968587,4.439772,24.665403,0.177826|2.418330,-13.557612,11.969432,4.442388,24.679934,0.447105
123|2.441238,-13.763041,11.600806|2.438362,-13.794833,11.695617,4.205167,23.362038,0.178254|2.438100,-13.789450,11.697256,4.210550,23.391943,0.469404
124|2.461248,-13.992404,11.323101|2.458264,-14.023918,11.418006,3.976082,22.089347,0.178676|2.457852,-14.015145,11.420481,3.984855,22.138084,0.494380
125|2.481258,-14.216165,11.040863|2.478168,-14.247389,11.135863,3.752611,20.847838,0.179094|2.477582,-14.234443,11.139178,3.765557,20.919760,0.522332
126|2.501268,-14.434233,10.754204|2.498072,-14.465158,10.849302,3.534842,19.638010,0.179506|2.497291,-14.447054,10.853379,3.552946,19.738589,0.553442
127|2.521278,-14.646523,10.463239|2.517978,-14.677138,10.558438,3.322862,18.460346,0.179912|2.516979,-14.652650,10.563051,3.347350,18.596390,0.587580
128|2.541288,-14.852947,10.168085|2.537885,-14.883242,10.263386,3.116758,17.315320,0.180313|2.536655,-14.850891,10.268064,3.149109,17.495050,0.623957
129|2.561298,-15.053425,9.868860|2.557794,-15.083390,9.964265,2.916610,16.203388,0.180706|2.556335,-15.041500,9.968146,2.958500,16.436112,0.660578
130|2.581309,-15.247876,9.565683|2.577704,-15.277501,9.661194,2.722499,15.124997,0.181094|2.576050,-15.224413,9.662891,2.775587,15.419930,0.693670
131|2.601319,-15.436221,9.258676|2.597615,-15.465496,9.354295,2.534504,14.080578,0.181474|2.595848,-15.399990,9.351882,2.600010,14.444501,0.717731
132|2.621329,-15.618386,8.947962|2.617528,-15.647301,9.043690,2.352699,13.070550,0.181847|2.615774,-15.569120,9.034985,2.430880,13.504888,0.727161
133|2.641339,-15.794297,8.633666|2.637443,-15.822843,8.729505,2.177157,12.095316,0.182212|2.635850,-15.732972,8.712655,2.267028,12.594598,0.719311
134|2.661349,-15.963884,8.315912|2.657360,-15.992052,8.411863,2.007948,11.155269,0.182570|2.656059,-15.892448,8.385890,2.107552,11.708621,0.696325
135|2.681359,-16.127080,7.994829|2.677279,-16.154859,8.090893,1.845141,10.250783,0.182919|2.676356,-16.047818,8.055800,1.952182,10.845455,0.663646
136|2.701369,-16.283818,7.670545|2.697199,-16.311200,7.766723,1.688800,9.382221,0.183260|2.696696,-16.198812,7.723213,1.801188,10.006599,0.626931
137|2.721380,-16.434037,7.343189|2.717122,-16.461012,7.439482,1.538988,8.549931,0.183593|2.717043,-16.344929,7.388573,1.655071,9.194842,0.590187
138|2.741390,-16.577675,7.012894|2.737047,-16.604236,7.109302,1.395764,7.754245,0.183916|2.737379,-16.485664,7.052058,1.514336,8.412979,0.555584
139|2.761400,-16.714676,6.679790|2.756974,-16.740813,6.776314,1.259187,6.995483,0.184230|2.757695,-16.620606,6.713712,1.379394,7.663302,0.524012
140|2.781410,-16.844985,6.344012|2.776904,-16.870689,6.440652,1.129311,6.273948,0.184535|2.777989,-16.749442,6.373534,1.250558,6.947546,0.495641
141|2.801420,-16.968549,6.005694|2.796836,-16.993813,6.102450,1.006187,5.589928,0.184830|2.798262,-16.871941,6.031521,1.128059,6.266993,0.470304
142|2.821430,-17.085318,5.664971|2.816770,-17.110135,5.761843,0.889865,4.943697,0.185115|2.818516,-16.987933,5.687688,1.012067,5.622596,0.447701
143|2.841440,-17.195247,5.321980|2.836707,-17.219607,5.418968,0.780393,4.335514,0.185389|2.838752,-17.097286,5.342070,0.902714,5.015078,0.427502
144|2.861451,-17.298291,4.976858|2.856647,-17.322188,5.073961,0.677812,3.765622,0.185653|2.858973,-17.199900,4.994722,0.800100,4.445001,0.409394
145|2.881461,-17.394409,4.629744|2.876589,-17.417835,4.726961,0.582165,3.234248,0.185907|2.879181,-17.295693,4.645715,0.704307,3.912817,0.393096
146|2.901471,-17.483563,4.280776|2.896534,-17.506511,4.378107,0.493489,2.741605,0.186149|2.899378,-17.384599,4.295135,0.615401,3.418895,0.378366
147|2.921481,-17.565716,3.930093|2.916483,-17.588180,4.027537,0.411820,2.287890,0.186380|2.919564,-17.466562,3.943077,0.533438,2.963544,0.364996
148|2.941491,-17.640836,3.577838|2.936434,-17.662809,3.675394,0.337191,1.873284,0.186599|2.939742,-17.541535,3.589646,0.458465,2.547027,0.352811
149|2.961501,-17.708892,3.224149|2.956388,-17.730369,3.321816,0.269631,1.497952,0.186807|2.959913,-17.609478,3.234955,0.390522,2.169568,0.341660
150|2.981511,-17.769858,2.869170|2.976345,-17.790832,2.966946,0.209168,1.162045,0.187003|2.980077,-17.670355,2.879122,0.329645,1.831362,0.331418
151|3.001522,-17.823710,2.513042|2.996306,-17.844175,2.610925,0.155825,0.865696,0.187188|3.000235,-17.724136,2.522269,0.275864,1.532577,0.321978
152|3.021532,-17.870424,2.155907|3.016269,-17.890376,2.253897,0.109624,0.609023,0.187360|3.020388,-17.770796,2.164522,0.229204,1.273356,0.313248
153|3.041542,-17.909984,1.797910|3.036236,-17.929417,1.896004,0.070583,0.392128,0.187519|3.040536,-17.810312,1.806010,0.189688,1.053820,0.305149
154|3.061552,-17.942372,1.439193|3.056206,-17.961282,1.537388,0.038718,0.215098,0.187666|3.060679,-17.842667,1.446866,0.157333,0.874071,0.297614
155|3.081562,-17.967577,1.079899|3.076180,-17.985959,1.178195,0.014041,0.078003,0.187801|3.080820,-17.867845,1.087223,0.132155,0.734192,0.290585
156|3.101572,-17.985587,0.720173|3.096157,-18.003439,0.818567,0.003439,0.019103,0.187922|3.100956,-17.885836,0.727216,0.114164,0.634246,0.284013
157|3.121583,-17.996396,0.360159|3.116137,-18.013713,0.458648,0.013713,0.076183,0.188031|3.121090,-17.896630,0.366982,0.103370,0.574280,0.277851
158|3.141593,-18.000000,0.000000|3.136121,-18.016778,0.098582,0.016778,0.093213,0.188127|3.141221,-17.900222,0.006660,0.099778,0.554322,0.272063
159|3.161603,-17.996396,-0.360159|3.156108,-18.012634,-0.261486,0.012634,0.070187,0.188209|3.161349,-17.896611,-0.353612,0.103389,0.574384,0.266615
160|3.181613,-17.985587,-0.720173|3.176099,-18.001281,-0.621412,0.001281,0.007117,0.188279|3.181474,-17.885797,-0.713695,0.114203,0.634459,0.261477
161|3.201623,-17.967577,-1.079899|3.196094,-17.982725,-0.981053,0.017275,0.095973,0.188335|3.201598,-17.867785,-1.073449,0.132215,0.734527,0.256622
162|3.221633,-17.942372,-1.439193|3.216092,-17.956973,-1.340264,0.043027,0.239040,0.188378|3.221719,-17.842581,-1.432733,0.157419,0.874549,0.252028
163|3.241643,-17.909984,-1.797910|3.236094,-17.924035,-1.698902,0.075965,0.422025,0.188407|3.241839,-17.810195,-1.791407,0.189805,1.054470,0.247673
164|3.261654,-17.870424,-2.155907|3.256099,-17.883926,-2.056823,0.116074,0.644856,0.188423|3.261956,-17.770641,-2.149329,0.229359,1.274217,0.243539
165|3.281664,-17.823710,-2.513042|3.276108,-17.836661,-2.413884,0.163339,0.907441,0.188426|3.282072,-17.723933,-2.506360,0.276067,1.533705,0.239610
166|3.301674,-17.769858,-2.869170|3.296121,-17.782258,-2.769942,0.217742,1.209675,0.188416|3.302187,-17.670091,-2.862358,0.329909,1.832830,0.235870
167|3.321684,-17.708892,-3.224149|3.316137,-17.720742,-3.124854,0.279258,1.551436,0.188392|3.322299,-17.609135,-3.217183,0.390865,2.171472,0.232306
168|3.341694,-17.640836,-3.577838|3.336157,-17.652134,-3.478478,0.347866,1.932586,0.188354|3.342411,-17.541091,-3.570694,0.458909,2.549494,0.228905
169|3.361704,-17.565716,-3.930093|3.356180,-17.576465,-3.830673,0.423535,2.352972,0.188304|3.362520,-17.465985,-3.922752,0.534015,2.966747,0.225657
170|3.381714,-17.483563,-4.280776|3.376207,-17.493764,-4.181297,0.506236,2.812424,0.188240|3.382629,-17.383849,-4.273217,0.616151,3.423063,0.222552
171|3.401725,-17.394409,-4.629744|3.396238,-17.404064,-4.530211,0.595936,3.310758,0.188163|3.402736,-17.294713,-4.621950,0.705287,3.918259,0.219580
172|3.421735,-17.298291,-4.976858|3.416272,-17.307401,-4.877274,0.692599,3.847773,0.188073|3.422842,-17.198615,-4.968813,0.801385,4.452137,0.216733
173|3.441745,-17.195247,-5.321980|3.436310,-17.203814,-5.222348,0.796186,4.423254,0.187970|3.442947,-17.095593,-5.313667,0.904407,5.024482,0.214004
174|3.461755,-17.085318,-5.664971|3.456351,-17.093346,-5.565294,0.906654,5.036968,0.187854|3.463051,-16.985688,-5.656376,1.014312,5.635065,0.211385
175|3.481765,-16.968549,-6.005694|3.476396,-16.976039,-5.905975,1.023961,5.688670,0.187725|3.483153,-16.868945,-5.996803,1.131055,6.283641,0.208871
176|3.501775,-16.844985,-6.344012|3.496444,-16.851942,-6.244254,1.148058,6.378098,0.187584|3.503255,-16.745409,-6.334813,1.254591,6.969951,0.206454
177|3.521785,-16.714676,-6.679790|3.516496,-16.721104,-6.579997,1.278896,7.104975,0.187430|3.523355,-16.615130,-6.670270,1.384870,7.693720,0.204130
178|3.541796,-16.577675,-7.012894|3.536550,-16.583578,-6.913068,1.416422,7.869009,0.187263|3.543454,-16.478162,-7.003042,1.521838,8.454656,0.201894
179|3.561806,-16.434037,-7.343189|3.556609,-16.439419,-7.243334,1.560581,8.669894,0.187085|3.563552,-16.334558,-7.332995,1.665442,9.252456,0.199741
180|3.581816,-16.283818,-7.670545|3.576670,-16.288685,-7.570663,1.711315,9.507308,0.186894|3.583650,-16.184376,-7.659998,1.815624,10.086799,0.197666
181|3.601826,-16.127080,-7.994829|3.596734,-16.131435,-7.894924,1.868565,10.380914,0.186692|3.603746,-16.027677,-7.983921,1.972323,10.957351,0.195667
182|3.621836,-15.963884,-8.315912|3.616802,-15.967735,-8.215986,2.032265,11.290363,0.186478|3.623841,-15.864523,-8.304633,2.135477,11.863763,0.193738
183|3.641846,-15.794297,-8.633666|3.636873,-15.797648,-8.533722,2.202352,12.235291,0.186253|3.643935,-15.694979,-8.622008,2.305021,12.805673,0.191877
184|3.661856,-15.618386,-8.947962|3.656946,-15.621243,-8.848003,2.378757,13.215316,0.186016|3.664029,-15.519114,-8.935918,2.480886,13.782701,0.190080
185|3.681867,-15.436221,-9.258676|3.677023,-15.438591,-9.158704,2.561409,14.230048,0.185768|3.684121,-15.336998,-9.246237,2.663002,14.794458,0.188344
186|3.701877,-15.247876,-9.565683|3.697102,-15.249766,-9.465701,2.750234,15.279079,0.185510|3.704212,-15.148703,-9.552843,2.851297,15.840537,0.186667
187|3.721887,-15.053425,-9.868860|3.717184,-15.054842,-9.768870,2.945158,16.361988,0.185241|3.724303,-14.954306,-9.855612,3.045694,16.920520,0.185046
188|3.741897,-14.852947,-10.168085|3.737269,-14.853899,-10.068090,3.146101,17.478341,0.184962|3.744392,-14.753885,-10.154424,3.246115,18.033973,0.183479
189|3.761907,-14.646523,-10.463239|3.757356,-14.647016,-10.363241,3.352984,18.627691,0.184672|3.764480,-14.547519,-10.449158,3.452481,19.180450,0.181962
190|3.781917,-14.434233,-10.754204|3.777446,-14.434276,-10.654204,3.565724,19.809577,0.184373|3.784568,-14.335291,-10.739697,3.664709,20.359493,0.180495
191|3.801927,-14.216165,-11.040863|3.797538,-14.215765,-10.940864,3.784235,21.023526,0.184065|3.804655,-14.117287,-11.025925,3.882713,21.570628,0.179074
192|3.821938,-13.992404,-11.323101|3.817633,-13.991571,-11.223105,4.008429,22.269051,0.183747|3.824740,-13.893593,-11.307728,4.106407,22.813371,0.177699
193|3.841948,-13.763041,-11.600806|3.837730,-13.761783,-11.500814,4.238217,23.545652,0.183420|3.844825,-13.664300,-11.584991,4.335700,24.087224,0.176367
194|3.861958,-13.528168,-11.873865|3.857829,-13.526492,-11.773879,4.473508,24.852820,0.183085|3.864909,-13.429498,-11.857606,4.570502,25.391675,0.175077
195|3.881968,-13.287878,-12.142171|3.877930,-13.285795,-12.042192,4.714205,26.190029,0.182741|3.884992,-13.189283,-12.125462,4.810717,26.726204,0.173826
196|3.901978,-13.042267,-12.405615|3.898034,-13.039786,-12.305645,4.960214,27.556745,0.182388|3.905074,-12.943751,-12.388452,5.056249,28.090274,0.172614
197|3.921988,-12.791434,-12.664091|3.918139,-12.788565,-12.564132,5.211435,28.952419,0.182029|3.925155,-12.692999,-12.646472,5.307001,29.483340,0.171439
198|3.941998,-12.535480,-12.917497|3.938246,-12.532231,-12.817550,5.467769,30.376493,0.181661|3.945235,-12.437128,-12.899417,5.562872,30.904843,0.170300
199|3.962009,-12.274507,-13.165731|3.958354,-12.270889,-13.065797,5.729111,31.828397,0.181286|3.965314,-12.176241,-13.147187,5.823759,32.354214,0.169196
200|3.982019,-12.008619,-13.408694|3.978465,-12.004641,-13.308773,5.995359,33.307548,0.180905|3.985392,-11.910443,-13.389682,6.089557,33.830873,0.168125
201|4.002029,-11.737923,-13.646288|3.998577,-11.733596,-13.546381,6.266404,34.813356,0.180516|4.005469,-11.639839,-13.626805,6.360161,35.334227,0.167086
202|4.022039,-11.462527,-13.878417|4.018690,-11.457861,-13.778526,6.542139,36.345216,0.180121|4.025545,-11.364539,-13.858461,6.635461,36.863675,0.166078
203|4.042049,-11.182542,-14.104991|4.038805,-11.177547,-14.005115,6.822453,37.902515,0.179720|4.045621,-11.084651,-14.084558,6.915349,38.418603,0.165100
204|4.062059,-10.898079,-14.325916|4.058921,-10.892766,-14.226057,7.107234,39.484631,0.179314|4.065695,-10.800290,-14.305005,7.199710,39.998390,0.164151
205|4.082069,-10.609253,-14.541106|4.079038,-10.603633,-14.441264,7.396367,41.090928,0.178901|4.085768,-10.511568,-14.519714,7.488432,41.602402,0.163231
206|4.102080,-10.316179,-14.750473|4.099157,-10.310262,-14.650648,7.689738,42.720765,0.178484|4.105841,-10.218601,-14.728598,7.781399,43.229997,0.162338
207|4.122090,-10.018974,-14.953935|4.119276,-10.012772,-14.854127,7.987228,44.373489,0.178061|4.125912,-9.921506,-14.931573,8.078494,44.880522,0.161471
208|4.142100,-9.717758,-15.151409|4.139397,-9.711281,-15.051619,8.288719,46.048438,0.177634|4.145983,-9.620403,-15.128560,8.379597,46.553316,0.160630
209|4.162110,-9.412651,-15.342816|4.159518,-9.405911,-15.243044,8.594089,47.744942,0.177203|4.166052,-9.315412,-15.319478,8.684588,48.247710,0.159814
210|4.182120,-9.103775,-15.528081|4.179640,-9.096782,-15.428325,8.903218,49.462321,0.176767|4.186121,-9.006656,-15.504251,8.993344,49.963025,0.159023
211|4.202130,-8.791254,-15.707128|4.199763,-8.784020,-15.607390,9.215980,51.199888,0.176328|4.206188,-8.694257,-15.682805,9.305743,51.698573,0.158255
212|4.222140,-8.475213,-15.879886|4.219886,-8.467749,-15.780164,9.532251,52.956948,0.175885|4.226255,-8.378341,-15.855068,9.621659,53.453659,0.157510
213|4.242151,-8.155779,-16.046285|4.240010,-8.148097,-15.946581,9.851903,54.732797,0.175439|4.246320,-8.059036,-16.020972,9.940964,55.227581,0.156787
214|4.262161,-7.833079,-16.206260|4.260135,-7.825190,-16.106572,10.174810,56.526724,0.174990|4.266384,-7.736467,-16.180450,10.263533,57.019627,0.156086
215|4.282171,-7.507243,-16.359747|4.280260,-7.499158,-16.260074,10.500842,58.338012,0.174538|4.286448,-7.410766,-16.333437,10.589234,58.829080,0.155406
216|4.302181,-7.178401,-16.506682|4.300385,-7.170132,-16.407025,10.829868,60.165936,0.174084|4.306510,-7.082061,-16.479873,10.917939,60.655215,0.154746
217|4.322191,-6.846685,-16.647009|4.320510,-6.838243,-16.547366,11.161757,62.009763,0.173628|4.326572,-6.750486,-16.619699,11.249514,62.497300,0.154107
218|4.342201,-6.512227,-16.780670|4.340636,-6.503624,-16.681041,11.496376,63.868757,0.173170|4.346632,-6.416172,-16.752859,11.583828,64.354598,0.153488
219|4.362211,-6.175162,-16.907613|4.360762,-6.166409,-16.807997,11.833591,65.742172,0.172710|4.366691,-6.079254,-16.879299,11.920746,66.226365,0.152888
220|4.382222,-5.835625,-17.027786|4.380888,-5.826733,-16.928182,12.173267,67.629259,0.172248|4.386750,-5.739867,-16.998968,12.260133,68.111851,0.152306
221|4.402232,-5.493751,-17.141141|4.401014,-5.484733,-17.041548,12.515267,69.529263,0.171786|4.406807,-5.398146,-17.111819,12.601854,70.010300,0.151743
222|4.422242,-5.149677,-17.247632|4.421139,-5.140544,-17.148050,12.859456,71.441423,0.171322|4.426863,-5.054229,-17.217806,12.945771,71.920952,0.151198
223|4.442252,-4.803542,-17.347218|4.441265,-4.794304,-17.247646,13.205696,73.364975,0.170858|4.446918,-4.708252,-17.316887,13.291748,73.843042,0.150670
224|4.462262,-4.455483,-17.439859|4.461390,-4.446153,-17.340295,13.553847,75.299148,0.170393|4.466972,-4.360356,-17.409022,13.639644,75.775800,0.150159
225|4.482272,-4.105640,-17.525516|4.481516,-4.096230,-17.425960,13.903770,77.243168,0.169928|4.487025,-4.010679,-17.494173,13.989321,77.718451,0.149666
226|4.502282,-3.754153,-17.604157|4.501641,-3.744674,-17.504607,14.255326,79.196257,0.169463|4.507077,-3.659361,-17.572307,14.340639,79.670218,0.149189
227|4.522293,-3.401164,-17.675749|4.521765,-3.391626,-17.576204,14.608374,81.157634,0.168998|4.527128,-3.306543,-17.643392,14.693457,81.630318,0.148727
228|4.542303,-3.046812,-17.740263|4.541889,-3.037228,-17.640724,14.962772,83.126513,0.168534|4.547178,-2.952366,-17.707400,15.047634,83.597966,0.148282
229|4.562313,-2.691240,-17.797675|4.562013,-2.681621,-17.698138,15.318379,85.102107,0.168070|4.567227,-2.596972,-17.764305,15.403028,85.572375,0.147853
230|4.582323,-2.334591,-17.847960|4.582136,-2.324947,-17.748426,15.675053,87.083625,0.167607|4.587274,-2.240504,-17.814083,15.759496,87.552753,0.147438
231|4.602333,-1.977008,-17.891099|4.602259,-1.967351,-17.791567,16.032649,89.070274,0.167145|4.607321,-1.883105,-17.856716,16.116895,89.538307,0.147039
232|4.622343,-1.618632,-17.927075|4.622381,-1.608973,-17.827543,16.391027,91.061259,0.166683|4.627366,-1.524916,-17.892185,16.475084,91.528242,0.146654
233|4.642353,-1.259609,-17.955873|4.642502,-1.249959,-17.856340,16.750041,93.055782,0.166224|4.647411,-1.166083,-17.920476,16.833917,93.521760,0.146284
234|4.662364,-0.900081,-17.977482|4.662623,-0.890452,-17.877947,17.109548,95.053046,0.165766|4.667454,-0.806749,-17.941578,17.193251,95.518063,0.145929
235|4.682374,-0.540193,-17.991892|4.682743,-0.530595,-17.892354,17.469405,97.052252,0.165309|4.687496,-0.447057,-17.955482,17.552943,97.516351,0.145587
236|4.702384,-0.180088,-17.999099|4.702862,-0.170532,-17.899557,17.829468,99.052599,0.164854|4.707537,-0.087152,-17.962183,17.912848,99.515824,0.145259
237|4.722394,0.180088,-17.999099|4.722981,0.189592,-17.899552,17.810408,98.946714,0.164402|4.727577,0.272822,-17.961677,17.727178,98.484320,0.144945
238|4.742404,0.540193,-17.991892|4.743098,0.549632,-17.892339,17.450368,96.946486,0.163951|4.747616,0.632721,-17.953966,17.367279,96.484881,0.144645
239|4.762414,0.900081,-17.977482|4.763215,0.909446,-17.877921,17.090554,94.947520,0.163503|4.767653,0.992401,-17.939050,17.007599,94.486660,0.144358
240|4.782424,1.259609,-17.955873|4.783331,1.268890,-17.856305,16.731110,92.950614,0.163057|4.787690,1.351717,-17.916938,16.648283,92.490459,0.144084
241|4.802435,1.618632,-17.927075|4.803446,1.627818,-17.827498,16.372182,90.956568,0.162614|4.807725,1.710526,-17.887636,16.289474,90.497075,0.143822
242|4.822445,1.977008,-17.891099|4.823560,1.986088,-17.791513,16.013912,88.966180,0.162174|4.827760,2.068684,-17.851157,15.931316,88.507309,0.143574
243|4.842455,2.334591,-17.847960|4.843673,2.343556,-17.748363,15.656444,86.980247,0.161736|4.847793,2.426048,-17.807516,15.573952,86.521957,0.143339
244|4.862465,2.691240,-17.797675|4.863785,2.700078,-17.698066,15.299922,84.999564,0.161302|4.867825,2.782473,-17.756729,15.217527,84.541815,0.143115
245|4.882475,3.046812,-17.740263|4.883896,3.055514,-17.640642,14.944486,83.024923,0.160871|4.887855,3.137818,-17.698816,14.862182,82.567675,0.142905
246|4.902485,3.401164,-17.675749|4.904006,3.409719,-17.576115,14.590281,81.057115,0.160442|4.907885,3.491941,-17.633802,14.508059,80.600330,0.142707
247|4.922495,3.754153,-17.604157|4.924115,3.762553,-17.504510,14.237447,79.096928,0.160018|4.927914,3.844698,-17.561711,14.155302,78.640566,0.142520
248|4.942506,4.105640,-17.525516|4.944223,4.113874,-17.425856,13.886126,77.145145,0.159596|4.947941,4.195950,-17.482573,13.804050,76.689168,0.142346
249|4.962516,4.455483,-17.439859|4.964330,4.463541,-17.340184,13.536459,75.202550,0.159179|4.967967,4.545554,-17.396418,13.454446,74.746920,0.142184
250|4.982526,4.803542,-17.347218|4.984435,4.811415,-17.247529,13.188585,73.269918,0.158765|4.987992,4.893372,-17.303282,13.106628,72.814599,0.142034
251|5.002536,5.149677,-17.247632|5.004540,5.157356,-17.147928,12.842644,71.348023,0.158355|5.008016,5.239264,-17.203201,12.760736,70.892978,0.141896
252|5.022546,5.493751,-17.141141|5.024643,5.501225,-17.041420,12.498775,69.437636,0.157948|5.028039,5.583091,-17.096215,12.416909,68.982828,0.141769
253|5.042556,5.835625,-17.027786|5.044746,5.842886,-16.928050,12.157114,67.539521,0.157546|5.048061,5.924715,-16.982367,12.075285,67.084914,0.141654
254|5.062567,6.175162,-16.907613|5.064847,6.182201,-16.807861,11.817799,65.654437,0.157148|5.068081,6.264001,-16.861703,11.735999,65.199997,0.141551
255|5.082577,6.512227,-16.780670|5.084946,6.519035,-16.680902,11.480965,63.783139,0.156754|5.088101,6.600810,-16.734270,11.399190,63.328831,0.141459
256|5.102587,6.846685,-16.647009|5.105045,6.853252,-16.547225,11.146748,61.926376,0.156364|5.108119,6.935010,-16.600119,11.064990,61.472167,0.141379
257|5.122597,7.178401,-16.506682|5.125143,7.184719,-16.406882,10.815281,60.084893,0.155978|5.128136,7.266465,-16.459305,10.733535,59.630748,0.141310
258|5.142607,7.507243,-16.359747|5.145239,7.513304,-16.259930,10.486696,58.259425,0.155597|5.148152,7.595044,-16.311883,10.404956,57.805312,0.141253
259|5.162617,7.833079,-16.206260|5.165334,7.838873,-16.106428,10.161127,56.450703,0.155220|5.168166,7.920614,-16.157912,10.079386,55.996589,0.141207
260|5.182627,8.155779,-16.046285|5.185428,8.161298,-15.946438,9.838702,54.659453,0.154848|5.188180,8.243045,-15.997453,9.756955,54.205306,0.141172
261|5.202638,8.475213,-15.879886|5.205520,8.480450,-15.780023,9.519550,52.886391,0.154480|5.208192,8.562208,-15.830571,9.437792,52.432180,0.141148
262|5.222648,8.791254,-15.707128|5.225611,8.796199,-15.607250,9.203801,51.132226,0.154117|5.228203,8.877974,-15.657332,9.122026,50.677921,0.141136
263|5.242658,9.103775,-15.528081|5.245701,9.108421,-15.428189,8.891579,49.397661,0.153759|5.248213,9.190218,-15.477806,8.809782,48.943231,0.141136
264|5.262668,9.412651,-15.342816|5.265790,9.416990,-15.242910,8.583010,47.683391,0.153405|5.268222,9.498815,-15.292064,8.501185,47.228807,0.141146
265|5.282678,9.717758,-15.151409|5.285878,9.721782,-15.051490,8.278218,45.990102,0.153056|5.288230,9.803640,-15.100181,8.196360,45.535334,0.141168
266|5.302688,10.018974,-14.953935|5.305964,10.022675,-14.854003,7.977325,44.318473,0.152712|5.308236,10.104571,-14.902233,7.895429,43.863492,0.141201
267|5.322698,10.316179,-14.750473|5.326049,10.319549,-14.650530,7.680451,42.669171,0.152373|5.328242,10.401489,-14.698299,7.598511,42.213951,0.141246
268|5.342709,10.609253,-14.541106|5.346133,10.612286,-14.441152,7.387714,41.042858,0.152039|5.348246,10.694273,-14.488461,7.305727,40.587370,0.141302
269|5.362719,10.898079,-14.325916|5.366215,10.900767,-14.225952,7.099233,39.440185,0.151710|5.368249,10.982807,-14.272802,7.017193,38.984403,0.141369
270|5.382729,11.182542,-14.104991|5.386296,11.184877,-14.005018,6.815123,37.861794,0.151386|5.388251,11.266976,-14.051409,6.733024,37.405692,0.141448
271|5.402739,11.462527,-13.878417|5.406376,11.464503,-13.778437,6.535497,36.308316,0.151067|5.408251,11.546664,-13.824371,6.453336,35.851868,0.141538
272|5.422749,11.737923,-13.646288|5.426455,11.739533,-13.546301,6.260467,34.780374,0.150754|5.428251,11.821760,-13.591778,6.178240,34.323555,0.141639
273|5.442759,12.008619,-13.408694|5.446532,12.009856,-13.308701,5.990144,33.278580,0.150445|5.448249,12.092154,-13.353722,5.907846,32.821365,0.141753
274|5.462769,12.274507,-13.165731|5.466608,12.275364,-13.065735,5.724636,31.803534,0.150141|5.468246,12.357738,-13.110300,5.642262,31.345900,0.141877
275|5.482780,12.535480,-12.917497|5.486683,12.535951,-12.817498,5.464049,30.355829,0.149843|5.488243,12.618405,-12.861609,5.381595,29.897752,0.142014
276|5.502790,12.791434,-12.664091|5.506756,12.791512,-12.564091,5.208488,28.936043,0.149550|5.508237,12.874050,-12.607747,5.125950,28.477500,0.142162
277|5.522800,13.042267,-12.405615|5.526828,13.041946,-12.305615,4.958054,27.544745,0.149263|5.528231,13.124571,-12.348817,4.875429,27.085714,0.142322
278|5.542810,13.287878,-12.142171|5.546899,13.287151,-12.042173,4.712849,26.182493,0.148980|5.548224,13.369869,-12.084922,4.630131,25.722952,0.142494
279|5.562820,13.528168,-11.873865|5.566969,13.527030,-11.773872,4.472970,24.849831,0.148703|5.568215,13.609843,-11.816167,4.390157,24.389760,0.142678
280|5.582830,13.763041,-11.600806|5.587037,13.761487,-11.500818,4.238513,23.547294,0.148432|5.588206,13.844399,-11.542660,4.155601,23.086671,0.142874
281|5.602840,13.992404,-11.323101|5.607104,13.990427,-11.223121,4.009573,22.275404,0.148165|5.608195,14.073442,-11.264511,3.926558,21.814210,0.143083
282|5.622851,14.216165,-11.040863|5.627170,14.213759,-10.940892,3.786241,21.034669,0.147905|5.628183,14.296881,-10.981830,3.703119,20.572884,0.143303
283|5.642861,14.434233,-10.754204|5.647235,14.431394,-10.654244,3.568606,19.825588,0.147649|5.648170,14.514625,-10.694730,3.485375,19.363192,0.143536
284|5.662871,14.646523,-10.463239|5.667298,14.643244,-10.363293,3.356756,18.648643,0.147399|5.668156,14.726588,-10.403327,3.273412,18.185620,0.143782
285|5.682881,14.852947,-10.168085|5.687360,14.849225,-10.068154,3.150775,17.504307,0.147155|5.688141,14.932685,-10.107737,3.067315,17.040637,0.144041
286|5.702891,15.053425,-9.868860|5.707421,15.049253,-9.768947,2.950747,16.393038,0.146916|5.708124,15.132833,-9.808078,2.867167,15.928705,0.144312
287|5.722901,15.247876,-9.565683|5.727480,15.243249,-9.465790,2.756751,15.315281,0.146682|5.728107,15.326952,-9.504471,2.673048,14.850268,0.144596
288|5.742911,15.436221,-9.258676|5.747538,15.431136,-9.158805,2.568864,14.271468,0.146454|5.748088,15.514963,-9.197035,2.485037,13.805759,0.144894
289|5.762922,15.618386,-8.947962|5.767595,15.612837,-8.848116,2.387163,13.262018,0.146232|5.768068,15.696793,-8.885895,2.303207,12.795596,0.145204
290|5.782932,15.794297,-8.633666|5.787651,15.788280,-8.533847,2.211720,12.287334,0.146015|5.788047,15.872367,-8.571175,2.127633,11.820185,0.145529
291|5.802942,15.963884,-8.315912|5.807706,15.957395,-8.216123,2.042605,11.347807,0.145803|5.808025,16.041615,-8.253000,1.958385,10.879916,0.145867
292|5.822952,16.127080,-7.994829|5.827759,16.120114,-7.895072,1.879886,10.443813,0.145598|5.828002,16.204470,-7.931498,1.795530,9.975166,0.146219
293|5.842962,16.283818,-7.670545|5.847811,16.276371,-7.570822,1.723629,9.575716,0.145397|5.847978,16.360866,-7.606798,1.639134,9.106299,0.146585
294|5.862972,16.434037,-7.343189|5.867862,16.426105,-7.243504,1.573895,8.743862,0.145203|5.867953,16.510741,-7.279029,1.489259,8.273663,0.146965
295|5.882982,16.577675,-7.012894|5.887911,16.569255,-6.913249,1.430745,7.948585,0.145014|5.887927,16.654034,-6.948323,1.345966,7.477590,0.147361
296|5.902993,16.714676,-6.679790|5.907960,16.705763,-6.580188,1.294237,7.190204,0.144830|5.907899,16.790688,-6.614811,1.209312,6.718402,0.147770
297|5.923003,16.844985,-6.344012|5.928007,16.835576,-6.244456,1.164424,6.469023,0.144652|5.927871,16.920648,-6.278628,1.079352,5.996401,0.148195
298|5.943013,16.968549,-6.005694|5.948052,16.958640,-5.906186,1.041360,5.785331,0.144480|5.947841,17.043862,-5.939907,0.956138,5.311878,0.148636
299|5.963023,17.085318,-5.664971|5.968097,17.074908,-5.565515,0.925092,5.139402,0.144314|5.967810,17.160281,-5.598785,0.839719,4.665108,0.149092
300|5.983033,17.195247,-5.321980|5.988141,17.184331,-5.222578,0.815669,4.531495,0.144153|5.987779,17.269857,-5.255397,0.730143,4.056349,0.149564
301|6.003043,17.298291,-4.976858|6.008183,17.286866,-4.877513,0.713134,3.961853,0.143997|6.007746,17.372548,-4.909881,0.627452,3.485845,0.150052
302|6.023053,17.394409,-4.629744|6.028224,17.382473,-4.530459,0.617527,3.430706,0.143848|6.027712,17.468311,-4.562375,0.531689,2.953827,0.150556
303|6.043064,17.483563,-4.280776|6.048264,17.471112,-4.181554,0.528888,2.938266,0.143704|6.047677,17.557109,-4.213019,0.442891,2.460506,0.151078
304|6.063074,17.565716,-3.930093|6.068302,17.552749,-3.830938,0.447251,2.484730,0.143565|6.067641,17.638905,-3.861952,0.361095,2.006082,0.151617
305|6.083084,17.640836,-3.577838|6.088339,17.627349,-3.478751,0.372651,2.070281,0.143432|6.087605,17.713667,-3.509314,0.286333,1.590736,0.152173
306|6.103094,17.708892,-3.224149|6.108376,17.694885,-3.125135,0.305115,1.695086,0.143305|6.107567,17.781366,-3.155246,0.218634,1.214635,0.152748
307|6.123104,17.769858,-2.869170|6.128411,17.755327,-2.770231,0.244673,1.359293,0.143184|6.127528,17.841972,-2.799891,0.158028,0.877931,0.153340
308|6.143114,17.823710,-2.513042|6.148444,17.808653,-2.414182,0.191347,1.063040,0.143068|6.147488,17.895464,-2.443390,0.104536,0.580758,0.153952
309|6.163124,17.870424,-2.155907|6.168477,17.854840,-2.057129,0.145160,0.806444,0.142958|6.167447,17.941818,-2.085886,0.058182,0.323235,0.154583
310|6.183135,17.909984,-1.797910|6.188508,17.893871,-1.699217,0.106129,0.589608,0.142854|6.187404,17.981016,-1.727522,0.018984,0.105466,0.155234
311|6.203145,17.942372,-1.439193|6.208539,17.925728,-1.340587,0.074272,0.412620,0.142755|6.207361,18.013043,-1.368442,0.013043,0.072460,0.155905
312|6.223155,17.967577,-1.079899|6.228568,17.950401,-0.981385,0.049599,0.275552,0.142662|6.227317,18.037885,-1.008788,0.037885,0.210474,0.156596
313|6.243165,17.985587,-0.720173|6.248595,17.967878,-0.621754,0.032122,0.178458,0.142575|6.247272,18.055533,-0.648706,0.055533,0.308519,0.157309
314|6.263175,17.996396,-0.360159|6.268622,17.978152,-0.261837,0.021848,0.121378,0.142493|6.267226,18.065980,-0.288338,0.065980,0.366555,0.158044
