OneBody1_E-0.15_ecc0.0_RK4.txt
initial value : [x, y, v_x, v_y] = [30.00,0.00,0.00,0.55] , numerical interval dt = 0.02000 , [M, m] = [ 9, 1]

num|given_position|geodesic|newtonian
num| degree1, x1, y1 | degree2, x2, y2, simple error, relative error, d(rho) | degree2, x2, y2, simple error, relative error, dt
  1|0.000000,30.000000,0.000000|0.000365,29.999998,0.010954,0.000002,0.000007,0.020000|0.000365,29.999998,0.010954,0.000002,0.000007,0.020000
  2|0.020010,29.993994,0.600264|0.020375,29.993988,0.611219,0.006012,0.020040,0.020000|0.020375,29.993988,0.611219,0.006012,0.020040,0.020000
  3|0.040020,29.975979,1.200288|0.040385,29.975969,1.211243,0.024031,0.080104,0.020000|0.040385,29.975969,1.211242,0.024031,0.080104,0.020000
  4|0.060030,29.945961,1.799832|0.060395,29.945947,1.810786,0.054053,0.180175,0.020000|0.060395,29.945947,1.810786,0.054053,0.180175,0.020000
  5|0.080041,29.903954,2.398654|0.080405,29.903936,2.409608,0.096064,0.320214,0.020000|0.080405,29.903936,2.409608,0.096064,0.320214,0.020000
  6|0.100051,29.849973,2.996517|0.100414,29.849951,3.007470,0.150049,0.500163,0.020000|0.100414,29.849951,3.007470,0.150049,0.500163,0.020000
  7|0.120061,29.784040,3.593179|0.120423,29.784014,3.604132,0.215986,0.719952,0.020000|0.120423,29.784014,3.604132,0.215986,0.719952,0.020000
  8|0.140071,29.706183,4.188403|0.140433,29.706153,4.199356,0.293847,0.979491,0.020000|0.140433,29.706153,4.199355,0.293847,0.979491,0.020000
  9|0.160081,29.616431,4.781950|0.160442,29.616397,4.792902,0.383603,1.278678,0.020000|0.160442,29.616397,4.792902,0.383603,1.278678,0.020000
 10|0.180091,29.514820,5.373582|0.180451,29.514783,5.384534,0.485217,1.617392,0.020000|0.180451,29.514783,5.384533,0.485217,1.617392,0.020000
 11|0.200101,29.401393,5.963063|0.200459,29.401351,5.974014,0.598649,1.995497,0.020000|0.200459,29.401351,5.974013,0.598649,1.995497,0.020000
 12|0.220112,29.276193,6.550156|0.220468,29.276147,6.561107,0.723853,2.412843,0.020000|0.220468,29.276147,6.561105,0.723853,2.412843,0.020000
 13|0.240122,29.139271,7.134626|0.240477,29.139221,7.145576,0.860779,2.869262,0.020000|0.240477,29.139221,7.145575,0.860779,2.869262,0.020000
 14|0.260132,28.990682,7.716240|0.260485,28.990629,7.727189,1.009371,3.364571,0.020000|0.260485,28.990629,7.727188,1.009371,3.364571,0.020000
 15|0.280142,28.830485,8.294764|0.280493,28.830428,8.305713,1.169572,3.898573,0.020000|0.280493,28.830428,8.305711,1.169572,3.898573,0.020000
 16|0.300152,28.658745,8.869967|0.300501,28.658684,8.880915,1.341316,4.471053,0.020000|0.300501,28.658684,8.880913,1.341316,4.471053,0.020000
 17|0.320162,28.475530,9.441619|0.320509,28.475466,9.452566,1.524534,5.081781,0.020000|0.320509,28.475466,9.452563,1.524534,5.081781,0.020000
 18|0.340172,28.280914,10.009490|0.340517,28.280846,10.020436,1.719154,5.730515,0.020000|0.340517,28.280846,10.020433,1.719154,5.730515,0.020000
 19|0.360183,28.074975,10.573354|0.360525,28.074902,10.584299,1.925098,6.416993,0.020000|0.360525,28.074902,10.584295,1.925098,6.416993,0.020000
 20|0.380193,27.857794,11.132984|0.380532,27.857718,11.143928,2.142282,7.140941,0.020000|0.380532,27.857718,11.143924,2.142282,7.140941,0.020000
 21|0.400203,27.629459,11.688156|0.400540,27.629379,11.699099,2.370621,7.902069,0.020000|0.400540,27.629379,11.699095,2.370621,7.902069,0.020000
 22|0.420213,27.390062,12.238649|0.420547,27.389978,12.249591,2.610022,8.700073,0.020000|0.420547,27.389978,12.249586,2.610022,8.700073,0.020000
 23|0.440223,27.139697,12.784241|0.440554,27.139610,12.795182,2.860390,9.534632,0.020000|0.440554,27.139610,12.795177,2.860390,9.534632,0.020000
 24|0.460233,26.878467,13.324715|0.460561,26.878376,13.335655,3.121624,10.405413,0.020000|0.460561,26.878376,13.335648,3.121624,10.405413,0.020000
 25|0.480243,26.606474,13.859853|0.480568,26.606380,13.870792,3.393620,11.312067,0.020000|0.480568,26.606380,13.870785,3.393620,11.312067,0.020000
 26|0.500254,26.323828,14.389443|0.500575,26.323731,14.400380,3.676269,12.254231,0.020000|0.500575,26.323731,14.400372,3.676269,12.254231,0.020000
 27|0.520264,26.030643,14.913270|0.520582,26.030542,14.924206,3.969458,13.231528,0.020000|0.520581,26.030542,14.924198,3.969458,13.231528,0.020000
 28|0.540274,25.727035,15.431127|0.540588,25.726930,15.442061,4.273070,14.243566,0.020000|0.540588,25.726930,15.442053,4.273070,14.243566,0.020000
 29|0.560284,25.413126,15.942805|0.560595,25.413018,15.953738,4.586982,15.289941,0.020000|0.560594,25.413018,15.953729,4.586982,15.289941,0.020000
 30|0.580294,25.089042,16.448100|0.580601,25.088930,16.459031,4.911070,16.370232,0.020000|0.580601,25.088930,16.459021,4.911070,16.370233,0.020000
 31|0.600304,24.754912,16.946809|0.600607,24.754797,16.957738,5.245203,17.484009,0.020000|0.600607,24.754797,16.957728,5.245203,17.484009,0.020000
 32|0.620314,24.410871,17.438732|0.620613,24.410753,17.449660,5.589247,18.630824,0.020000|0.620613,24.410753,17.449649,5.589247,18.630824,0.020000
 33|0.640325,24.057056,17.923674|0.640619,24.056934,17.934600,5.943066,19.810219,0.020000|0.640619,24.056934,17.934588,5.943066,19.810219,0.020000
 34|0.660335,23.693608,18.401438|0.660625,23.693484,18.412363,6.306516,21.021721,0.020000|0.660625,23.693484,18.412351,6.306516,21.021721,0.020000
 35|0.680345,23.320674,18.871835|0.680631,23.320546,18.882758,6.679454,22.264846,0.020000|0.680630,23.320546,18.882745,6.679454,22.264846,0.020000
 36|0.700355,22.938402,19.334676|0.700636,22.938272,19.345597,7.061728,23.539095,0.020000|0.700636,22.938271,19.345584,7.061729,23.539095,0.020000
 37|0.720365,22.546946,19.789775|0.720642,22.546813,19.800695,7.453187,24.843958,0.020000|0.720641,22.546812,19.800680,7.453188,24.843959,0.020000
 38|0.740375,22.146463,20.236951|0.740647,22.146326,20.247869,7.853674,26.178914,0.020000|0.740647,22.146326,20.247853,7.853674,26.178914,0.020000
 39|0.760385,21.737112,20.676024|0.760652,21.736972,20.686940,8.263028,27.543426,0.020000|0.760652,21.736972,20.686924,8.263028,27.543427,0.020000
 40|0.780396,21.319057,21.106819|0.780657,21.318915,21.117732,8.681085,28.936950,0.020000|0.780657,21.318915,21.117715,8.681085,28.936951,0.020000
 41|0.800406,20.892467,21.529162|0.800662,20.892322,21.540074,9.107678,30.358927,0.020000|0.800662,20.892322,21.540056,9.107678,30.358928,0.020000
 42|0.820416,20.457512,21.942885|0.820667,20.457364,21.953795,9.542636,31.808788,0.020000|0.820667,20.457363,21.953776,9.542637,31.808789,0.020000
 43|0.840426,20.014365,22.347823|0.840672,20.014214,22.358731,9.985786,33.285952,0.020000|0.840672,20.014214,22.358711,9.985786,33.285953,0.020000
 44|0.860436,19.563205,22.743813|0.860677,19.563052,22.754718,10.436948,34.789828,0.020000|0.860677,19.563051,22.754698,10.436949,34.789829,0.020000
 45|0.880446,19.104212,23.130696|0.880682,19.104056,23.141599,10.895944,36.319813,0.020000|0.880681,19.104056,23.141578,10.895944,36.319814,0.020000
 46|0.900456,18.637570,23.508318|0.900686,18.637411,23.519219,11.362589,37.875296,0.020000|0.900686,18.637411,23.519196,11.362589,37.875297,0.020000
 47|0.920467,18.163465,23.876527|0.920691,18.163304,23.887426,11.836696,39.455653,0.020000|0.920690,18.163304,23.887403,11.836696,39.455654,0.020000
 48|0.940477,17.682088,24.235176|0.940695,17.681925,24.246073,12.318075,41.060251,0.020000|0.940695,17.681924,24.246049,12.318076,41.060252,0.020000
 49|0.960487,17.193631,24.584122|0.960700,17.193465,24.595017,12.806535,42.688449,0.020000|0.960699,17.193465,24.594991,12.806535,42.688449,0.020000
 50|0.980497,16.698290,24.923224|0.980704,16.698122,24.934117,13.301878,44.339593,0.020000|0.980703,16.698122,24.934090,13.301878,44.339594,0.020000
 51|1.000507,16.196263,25.252348|1.000708,16.196093,25.263238,13.803907,46.013024,0.020000|1.000707,16.196093,25.263210,13.803907,46.013024,0.020000
 52|1.020517,15.687751,25.571360|1.020712,15.687579,25.582248,14.312421,47.708070,0.020000|1.020711,15.687579,25.582219,14.312421,47.708071,0.020000
 53|1.040528,15.172958,25.880134|1.040716,15.172784,25.891019,14.827216,49.424054,0.020000|1.040715,15.172784,25.890990,14.827216,49.424055,0.020000
 54|1.060538,14.652090,26.178546|1.060720,14.651914,26.189429,15.348086,51.160288,0.020000|1.060719,14.651913,26.189398,15.348087,51.160289,0.020000
 55|1.080548,14.125355,26.466476|1.080724,14.125177,26.477356,15.874823,52.916077,0.020000|1.080723,14.125177,26.477325,15.874823,52.916078,0.020000
 56|1.100558,13.592964,26.743809|1.100728,13.592785,26.754687,16.407215,54.690718,0.020000|1.100727,13.592784,26.754654,16.407216,54.690719,0.020000
 57|1.120568,13.055131,27.010434|1.120731,13.054950,27.021309,16.945050,56.483501,0.020000|1.120731,13.054949,27.021276,16.945051,56.483502,0.020000
 58|1.140578,12.512071,27.266244|1.140735,12.511888,27.277117,17.488112,58.293707,0.020000|1.140734,12.511888,27.277082,17.488112,58.293708,0.020000
 59|1.160588,11.964001,27.511137|1.160738,11.963816,27.522008,18.036184,60.120612,0.020000|1.160738,11.963816,27.521972,18.036184,60.120613,0.020000
 60|1.180599,11.411141,27.745015|1.180742,11.410955,27.755883,18.589045,61.963485,0.020000|1.180742,11.410954,27.755846,18.589046,61.963486,0.020000
 61|1.200609,10.853712,27.967784|1.200745,10.853524,27.978649,19.146476,63.821587,0.020000|1.200745,10.853524,27.978611,19.146476,63.821588,0.020000
 62|1.220619,10.291937,28.179355|1.220749,10.291748,28.190218,19.708252,65.694175,0.020000|1.220748,10.291747,28.190178,19.708253,65.694176,0.020000
 63|1.240629,9.726041,28.379643|1.240752,9.725850,28.390503,20.274150,67.580498,0.020000|1.240752,9.725850,28.390462,20.274150,67.580500,0.020000
 64|1.260639,9.156251,28.568568|1.260756,9.156059,28.579425,20.843941,69.479803,0.020000|1.260755,9.156059,28.579383,20.843941,69.479804,0.020000
 65|1.280649,8.582795,28.746054|1.280759,8.582602,28.756909,21.417398,71.391327,0.020000|1.280758,8.582602,28.756866,21.417398,71.391328,0.020000
 66|1.300659,8.005903,28.912031|1.300762,8.005708,28.922883,21.994292,73.314306,0.020000|1.300762,8.005708,28.922839,21.994292,73.314307,0.020000
 67|1.320670,7.425805,29.066431|1.320765,7.425609,29.077281,22.574391,75.247969,0.020000|1.320765,7.425609,29.077235,22.574391,75.247970,0.020000
 68|1.340680,6.842733,29.209194|1.340768,6.842537,29.220041,23.157463,77.191543,0.020000|1.340768,6.842537,29.219994,23.157463,77.191544,0.020000
 69|1.360690,6.256922,29.340261|1.360772,6.256725,29.351105,23.743275,79.144250,0.020000|1.360771,6.256725,29.351057,23.743275,79.144251,0.020000
 70|1.380700,5.668606,29.459581|1.380775,5.668408,29.470422,24.331592,81.105307,0.020000|1.380774,5.668408,29.470373,24.331592,81.105308,0.020000
 71|1.400710,5.078020,29.567105|1.400778,5.077821,29.577944,24.922179,83.073929,0.020000|1.400777,5.077821,29.577894,24.922179,83.073930,0.020000
 72|1.420720,4.485401,29.662791|1.420781,4.485201,29.673627,25.514799,85.049328,0.020000|1.420781,4.485201,29.673576,25.514799,85.049329,0.020000
 73|1.440730,3.890986,29.746600|1.440784,3.890786,29.757434,26.109214,87.030714,0.020000|1.440784,3.890786,29.757381,26.109214,87.030715,0.020000
 74|1.460741,3.295013,29.818499|1.460787,3.294812,29.829330,26.705188,89.017292,0.020000|1.460787,3.294812,29.829276,26.705188,89.017293,0.020000
 75|1.480751,2.697720,29.878459|1.480790,2.697520,29.889287,27.302480,91.008268,0.020000|1.480790,2.697519,29.889231,27.302481,91.008269,0.020000
 76|1.500761,2.099348,29.926455|1.500793,2.099147,29.937281,27.900853,93.002844,0.020000|1.500793,2.099147,29.937224,27.900853,93.002845,0.020000
 77|1.520771,1.500135,29.962470|1.520796,1.499934,29.973292,28.500066,95.000221,0.020000|1.520796,1.499933,29.973234,28.500067,95.000222,0.020000
 78|1.540781,0.900321,29.986487|1.540799,0.900120,29.997307,29.099880,96.999601,0.020000|1.540799,0.900120,29.997248,29.099880,96.999602,0.020000
 79|1.560791,0.300147,29.998498|1.560802,0.299946,30.009316,29.700054,99.000182,0.020000|1.560802,0.299945,30.009255,29.700055,99.000182,0.020000
 80|1.580801,-0.300147,29.998498|1.580805,-0.300349,30.009313,29.699651,98.998837,0.020000|1.580805,-0.300349,30.009251,29.699651,98.998837,0.020000
 81|1.600812,-0.900321,29.986487|1.600807,-0.900523,29.997299,29.099477,96.998257,0.020000|1.600808,-0.900523,29.997236,29.099477,96.998257,0.020000
 82|1.620822,-1.500135,29.962470|1.620810,-1.500336,29.973279,28.499664,94.998879,0.020000|1.620810,-1.500337,29.973214,28.499663,94.998878,0.020000
 83|1.640832,-2.099348,29.926455|1.640813,-2.099549,29.937262,27.900451,93.001503,0.020000|1.640813,-2.099549,29.937196,27.900451,93.001502,0.020000
 84|1.660842,-2.697720,29.878459|1.660816,-2.697921,29.889262,27.302079,91.006929,0.020000|1.660816,-2.697921,29.889195,27.302079,91.006929,0.020000
 85|1.680852,-3.295013,29.818499|1.680819,-3.295213,29.829300,26.704787,89.015956,0.020000|1.680819,-3.295213,29.829232,26.704787,89.015956,0.020000
 86|1.700862,-3.890986,29.746600|1.700822,-3.891186,29.757398,26.108814,87.029380,0.020000|1.700823,-3.891186,29.757329,26.108814,87.029380,0.020000
 87|1.720872,-4.485401,29.662791|1.720825,-4.485600,29.673586,25.514400,85.047999,0.020000|1.720826,-4.485600,29.673516,25.514400,85.047999,0.020000
 88|1.740883,-5.078020,29.567105|1.740828,-5.078219,29.577898,24.921781,83.072603,0.020000|1.740829,-5.078219,29.577826,24.921781,83.072604,0.020000
 89|1.760893,-5.668606,29.459581|1.760831,-5.668804,29.470371,24.331196,81.103986,0.020000|1.760832,-5.668804,29.470298,24.331196,81.103986,0.020000
 90|1.780903,-6.256922,29.340261|1.780834,-6.257120,29.351048,23.742880,79.142934,0.020000|1.780835,-6.257120,29.350974,23.742880,79.142934,0.020000
 91|1.800913,-6.842733,29.209194|1.800837,-6.842930,29.219978,23.157070,77.190233,0.020000|1.800838,-6.842930,29.219903,23.157070,77.190234,0.020000
 92|1.820923,-7.425805,29.066431|1.820841,-7.426000,29.077213,22.574000,75.246665,0.020000|1.820841,-7.426000,29.077136,22.574000,75.246666,0.020000
 93|1.840933,-8.005903,28.912031|1.840844,-8.006098,28.922810,21.993902,73.313008,0.020000|1.840844,-8.006097,28.922732,21.993903,73.313009,0.020000
 94|1.860943,-8.582795,28.746054|1.860847,-8.582989,28.756831,21.417011,71.390037,0.020000|1.860848,-8.582989,28.756752,21.417011,71.390038,0.020000
 95|1.880954,-9.156251,28.568568|1.880850,-9.156444,28.579342,20.843556,69.478520,0.020000|1.880851,-9.156444,28.579261,20.843556,69.478522,0.020000
 96|1.900964,-9.726041,28.379643|1.900853,-9.726233,28.390414,20.273767,67.579224,0.020000|1.900854,-9.726232,28.390333,20.273768,67.579226,0.020000
 97|1.920974,-10.291937,28.179355|1.920857,-10.292127,28.190124,19.707873,65.692909,0.020000|1.920858,-10.292127,28.190041,19.707873,65.692911,0.020000
 98|1.940984,-10.853712,27.967784|1.940860,-10.853901,27.978551,19.146099,63.820331,0.020000|1.940861,-10.853900,27.978466,19.146100,63.820333,0.020000
 99|1.960994,-11.411141,27.745015|1.960863,-11.411329,27.755779,18.588671,61.962238,0.020000|1.960865,-11.411328,27.755694,18.588672,61.962241,0.020000
100|1.981004,-11.964001,27.511137|1.980867,-11.964187,27.521899,18.035813,60.119376,0.020000|1.980868,-11.964187,27.521812,18.035813,60.119378,0.020000
101|2.001014,-12.512071,27.266244|2.000870,-12.512256,27.277003,17.487744,58.292481,0.020000|2.000872,-12.512255,27.276915,17.487745,58.292484,0.020000
102|2.021025,-13.055131,27.010434|2.020874,-13.055314,27.021191,16.944686,56.482286,0.020000|2.020875,-13.055313,27.021102,16.944687,56.482289,0.020000
103|2.041035,-13.592964,26.743809|2.040878,-13.593146,26.754563,16.406854,54.689515,0.020000|2.040879,-13.593145,26.754473,16.406855,54.689518,0.020000
104|2.061045,-14.125355,26.466476|2.060881,-14.125534,26.477228,15.874466,52.914886,0.020000|2.060883,-14.125533,26.477136,15.874467,52.914889,0.020000
105|2.081055,-14.652090,26.178546|2.080885,-14.652267,26.189295,15.347733,51.159109,0.020000|2.080887,-14.652266,26.189203,15.347734,51.159113,0.020000
106|2.101065,-15.172958,25.880134|2.100889,-15.173134,25.890881,14.826866,49.422888,0.020000|2.100891,-15.173132,25.890788,14.826868,49.422892,0.020000
107|2.121075,-15.687751,25.571360|2.120893,-15.687925,25.582105,14.312075,47.706917,0.020000|2.120895,-15.687923,25.582010,14.312077,47.706922,0.020000
108|2.141085,-16.196263,25.252348|2.140897,-16.196435,25.263090,13.803565,46.011885,0.020000|2.140899,-16.196433,25.262994,13.803567,46.011890,0.020000
109|2.161096,-16.698290,24.923224|2.160901,-16.698459,24.933965,13.301541,44.338469,0.020000|2.160903,-16.698458,24.933868,13.301542,44.338474,0.020000
110|2.181106,-17.193631,24.584122|2.180905,-17.193798,24.594860,12.806202,42.687339,0.020000|2.180907,-17.193797,24.594762,12.806203,42.687344,0.020000
111|2.201116,-17.682088,24.235176|2.200909,-17.682253,24.245912,12.317747,41.059156,0.020000|2.200911,-17.682251,24.245813,12.317749,41.059162,0.020000
112|2.221126,-18.163465,23.876527|2.220914,-18.163628,23.887261,11.836372,39.454574,0.020000|2.220916,-18.163626,23.887161,11.836374,39.454580,0.020000
113|2.241136,-18.637570,23.508318|2.240918,-18.637730,23.519049,11.362270,37.874233,0.020000|2.240920,-18.637728,23.518948,11.362272,37.874239,0.020000
114|2.261146,-19.104212,23.130696|2.260923,-19.104370,23.141425,10.895630,36.318767,0.020000|2.260925,-19.104368,23.141323,10.895632,36.318773,0.020000
115|2.281156,-19.563205,22.743813|2.280927,-19.563361,22.754540,10.436639,34.788798,0.020000|2.280929,-19.563358,22.754437,10.436642,34.788805,0.020000
116|2.301167,-20.014365,22.347823|2.300932,-20.014518,22.358549,9.985482,33.284939,0.020000|2.300934,-20.014516,22.358444,9.985484,33.284947,0.020000
117|2.321177,-20.457512,21.942885|2.320937,-20.457662,21.953609,9.542338,31.807793,0.020000|2.320939,-20.457660,21.953504,9.542340,31.807801,0.020000
118|2.341187,-20.892467,21.529162|2.340942,-20.892615,21.539884,9.107385,30.357950,0.020000|2.340944,-20.892612,21.539777,9.107388,30.357958,0.020000
119|2.361197,-21.319057,21.106819|2.360947,-21.319203,21.117538,8.680797,28.935991,0.020000|2.360949,-21.319200,21.117431,8.680800,28.936000,0.020000
120|2.381207,-21.737112,20.676024|2.380952,-21.737254,20.686742,8.262746,27.542486,0.020000|2.380954,-21.737251,20.686634,8.262749,27.542495,0.020000
121|2.401217,-22.146463,20.236951|2.400957,-22.146602,20.247667,7.853398,26.177992,0.020000|2.400959,-22.146599,20.247558,7.853401,26.178002,0.020000
122|2.421227,-22.546946,19.789775|2.420962,-22.547083,19.800490,7.452917,24.843056,0.020000|2.420965,-22.547080,19.800380,7.452920,24.843066,0.020000
123|2.441238,-22.938402,19.334676|2.440968,-22.938536,19.345389,7.061464,23.538212,0.020000|2.440970,-22.938533,19.345278,7.061467,23.538223,0.020000
124|2.461248,-23.320674,18.871835|2.460973,-23.320805,18.882546,6.679195,22.263983,0.020000|2.460976,-23.320802,18.882435,6.679198,22.263994,0.020000
125|2.481258,-23.693608,18.401438|2.480979,-23.693736,18.412148,6.306264,21.020879,0.020000|2.480982,-23.693733,18.412035,6.306267,21.020891,0.020000
126|2.501268,-24.057056,17.923674|2.500984,-24.057181,17.934381,5.942819,19.809397,0.020000|2.500987,-24.057177,17.934268,5.942823,19.809410,0.020000
127|2.521278,-24.410871,17.438732|2.520990,-24.410993,17.449438,5.589007,18.630024,0.020000|2.520993,-24.410989,17.449324,5.589011,18.630036,0.020000
128|2.541288,-24.754912,16.946809|2.540996,-24.755031,16.957513,5.244969,17.483230,0.020000|2.540999,-24.755027,16.957398,5.244973,17.483243,0.020000
129|2.561298,-25.089042,16.448100|2.561002,-25.089158,16.458803,4.910842,16.369475,0.020000|2.561005,-25.089153,16.458687,4.910847,16.369489,0.020000
130|2.581309,-25.413126,15.942805|2.581008,-25.413238,15.953507,4.586762,15.289205,0.020000|2.581012,-25.413234,15.953390,4.586766,15.289219,0.020000
131|2.601319,-25.727035,15.431127|2.601015,-25.727144,15.441827,4.272856,14.242853,0.020000|2.601018,-25.727140,15.441710,4.272860,14.242868,0.020000
132|2.621329,-26.030643,14.913270|2.621021,-26.030749,14.923969,3.969251,13.230837,0.020000|2.621025,-26.030744,14.923851,3.969256,13.230852,0.020000
133|2.641339,-26.323828,14.389443|2.641028,-26.323931,14.400140,3.676069,12.253563,0.020000|2.641031,-26.323926,14.400022,3.676074,12.253579,0.020000
134|2.661349,-26.606474,13.859853|2.661035,-26.606573,13.870550,3.393427,11.311422,0.020000|2.661038,-26.606568,13.870431,3.393432,11.311439,0.020000
135|2.681359,-26.878467,13.324715|2.681041,-26.878563,13.335410,3.121437,10.404791,0.020000|2.681045,-26.878558,13.335290,3.121442,10.404808,0.020000
136|2.701369,-27.139697,12.784241|2.701048,-27.139790,12.794935,2.860210,9.534034,0.020000|2.701052,-27.139785,12.794815,2.860215,9.534051,0.020000
137|2.721380,-27.390062,12.238649|2.721055,-27.390151,12.249342,2.609849,8.699498,0.020000|2.721059,-27.390145,12.249221,2.609855,8.699516,0.020000
138|2.741390,-27.629459,11.688156|2.741063,-27.629545,11.698848,2.370455,7.901518,0.020000|2.741066,-27.629539,11.698727,2.370461,7.901537,0.020000
139|2.761400,-27.857794,11.132984|2.761070,-27.857876,11.143675,2.142124,7.140414,0.020000|2.761074,-27.857870,11.143553,2.142130,7.140433,0.020000
140|2.781410,-28.074975,10.573354|2.781078,-28.075053,10.584044,1.924947,6.416490,0.020000|2.781081,-28.075047,10.583921,1.924953,6.416510,0.020000
141|2.801420,-28.280914,10.009490|2.801085,-28.280989,10.020179,1.719011,5.730036,0.020000|2.801089,-28.280983,10.020056,1.719017,5.730057,0.020000
142|2.821430,-28.475530,9.441619|2.821093,-28.475602,9.452307,1.524398,5.081328,0.020000|2.821097,-28.475595,9.452184,1.524405,5.081349,0.020000
143|2.841440,-28.658745,8.869967|2.841101,-28.658813,8.880654,1.341187,4.470623,0.020000|2.841105,-28.658806,8.880531,1.341194,4.470645,0.020000
144|2.861451,-28.830485,8.294764|2.861109,-28.830549,8.305451,1.169451,3.898169,0.020000|2.861113,-28.830543,8.305327,1.169457,3.898191,0.020000
145|2.881461,-28.990682,7.716240|2.881117,-28.990742,7.726926,1.009258,3.364192,0.020000|2.881121,-28.990735,7.726801,1.009265,3.364215,0.020000
146|2.901471,-29.139271,7.134626|2.901125,-29.139328,7.145311,0.860672,2.868908,0.020000|2.901129,-29.139320,7.145186,0.860680,2.868932,0.020000
147|2.921481,-29.276193,6.550156|2.921134,-29.276246,6.560840,0.723754,2.412514,0.020000|2.921138,-29.276238,6.560715,0.723762,2.412539,0.020000
148|2.941491,-29.401393,5.963063|2.941143,-29.401442,5.973747,0.598558,1.995194,0.020000|2.941147,-29.401434,5.973621,0.598566,1.995219,0.020000
149|2.961501,-29.514820,5.373582|2.961151,-29.514866,5.384265,0.485134,1.617114,0.020000|2.961155,-29.514858,5.384140,0.485142,1.617140,0.020000
150|2.981511,-29.616431,4.781950|2.981160,-29.616472,4.792633,0.383528,1.278426,0.020000|2.981164,-29.616464,4.792507,0.383536,1.278452,0.020000
151|3.001522,-29.706183,4.188403|3.001169,-29.706221,4.199086,0.293779,0.979265,0.020000|3.001173,-29.706212,4.198960,0.293788,0.979292,0.020000
152|3.021532,-29.784040,3.593179|3.021178,-29.784075,3.603861,0.215925,0.719751,0.020000|3.021183,-29.784066,3.603735,0.215934,0.719779,0.020000
153|3.041542,-29.849973,2.996517|3.041188,-29.850003,3.007199,0.149997,0.499989,0.020000|3.041192,-29.849995,3.007072,0.150005,0.500017,0.020000
154|3.061552,-29.903954,2.398654|3.061197,-29.903981,2.409336,0.096019,0.320065,0.020000|3.061201,-29.903972,2.409210,0.096028,0.320094,0.020000
155|3.081562,-29.945961,1.799832|3.081207,-29.945984,1.810513,0.054016,0.180052,0.020000|3.081211,-29.945975,1.810387,0.054025,0.180082,0.020000
156|3.101572,-29.975979,1.200288|3.101217,-29.975998,1.210970,0.024002,0.080007,0.020000|3.101221,-29.975989,1.210843,0.024011,0.080037,0.020000
157|3.121583,-29.993994,0.600264|3.121227,-29.994009,0.610946,0.005991,0.019969,0.020000|3.121231,-29.994000,0.610819,0.006000,0.020000,0.020000
158|3.141593,-30.000000,0.000000|3.141237,-30.000011,0.010681,0.000011,0.000038,0.020000|3.141241,-30.000002,0.010555,0.000002,0.000007,0.020000
159|3.161603,-29.993994,-0.600264|3.161247,-29.994002,-0.589583,0.005998,0.019994,0.020000|3.161251,-29.993992,-0.589710,0.006008,0.020026,0.020000
160|3.181613,-29.975979,-1.200288|3.181257,-29.975983,-1.189607,0.024017,0.080058,0.020000|3.181261,-29.975973,-1.189733,0.024027,0.080090,0.020000
161|3.201623,-29.945961,-1.799832|3.201268,-29.945961,-1.789150,0.054039,0.180128,0.020000|3.201272,-29.945951,-1.789276,0.054049,0.180162,0.020000
162|3.221633,-29.903954,-2.398654|3.221278,-29.903950,-2.387972,0.096050,0.320166,0.020000|3.221283,-29.903940,-2.388099,0.096060,0.320200,0.020000
163|3.241643,-29.849973,-2.996517|3.241289,-29.849965,-2.985834,0.150035,0.500115,0.020000|3.241293,-29.849955,-2.985961,0.150045,0.500150,0.020000
164|3.261654,-29.784040,-3.593179|3.261300,-29.784029,-3.582497,0.215971,0.719903,0.020000|3.261304,-29.784018,-3.582623,0.215982,0.719938,0.020000
165|3.281664,-29.706183,-4.188403|3.281311,-29.706167,-4.177720,0.293833,0.979442,0.020000|3.281315,-29.706157,-4.177846,0.293843,0.979478,0.020000
166|3.301674,-29.616431,-4.781950|3.301322,-29.616412,-4.771267,0.383588,1.278628,0.020000|3.301327,-29.616401,-4.771392,0.383599,1.278664,0.020000
167|3.321684,-29.514820,-5.373582|3.321334,-29.514798,-5.362898,0.485202,1.617341,0.020000|3.321338,-29.514786,-5.363024,0.485214,1.617378,0.020000
168|3.341694,-29.401393,-5.963063|3.341345,-29.401366,-5.952378,0.598634,1.995446,0.020000|3.341349,-29.401355,-5.952504,0.598645,1.995484,0.020000
169|3.361704,-29.276193,-6.550156|3.361357,-29.276163,-6.539471,0.723837,2.412791,0.020000|3.361361,-29.276151,-6.539596,0.723849,2.412830,0.020000
170|3.381714,-29.139271,-7.134626|3.381369,-29.139237,-7.123941,0.860763,2.869209,0.020000|3.381373,-29.139225,-7.124066,0.860775,2.869249,0.020000
171|3.401725,-28.990682,-7.716240|3.401381,-28.990645,-7.705554,1.009355,3.364518,0.020000|3.401385,-28.990633,-7.705678,1.009367,3.364558,0.020000
172|3.421735,-28.830485,-8.294764|3.421393,-28.830444,-8.284077,1.169556,3.898519,0.020000|3.421397,-28.830432,-8.284202,1.169568,3.898560,0.020000
173|3.441745,-28.658745,-8.869967|3.441405,-28.658701,-8.859280,1.341299,4.470998,0.020000|3.441409,-28.658688,-8.859403,1.341312,4.471039,0.020000
174|3.461755,-28.475530,-9.441619|3.461417,-28.475482,-9.430931,1.524518,5.081726,0.020000|3.461421,-28.475470,-9.431054,1.524530,5.081768,0.020000
175|3.481765,-28.280914,-10.009490|3.481430,-28.280862,-9.998801,1.719138,5.730459,0.020000|3.481434,-28.280850,-9.998924,1.719150,5.730502,0.020000
176|3.501775,-28.074975,-10.573354|3.501442,-28.074919,-10.562664,1.925081,6.416937,0.020000|3.501446,-28.074906,-10.562786,1.925094,6.416980,0.020000
177|3.521785,-27.857794,-11.132984|3.521455,-27.857735,-11.122293,2.142265,7.140884,0.020000|3.521459,-27.857722,-11.122415,2.142278,7.140928,0.020000
178|3.541796,-27.629459,-11.688156|3.541468,-27.629396,-11.677464,2.370604,7.902012,0.020000|3.541472,-27.629383,-11.677586,2.370617,7.902056,0.020000
179|3.561806,-27.390062,-12.238649|3.561481,-27.389996,-12.227956,2.610004,8.700015,0.020000|3.561485,-27.389982,-12.228077,2.610018,8.700060,0.020000
180|3.581816,-27.139697,-12.784241|3.581494,-27.139628,-12.773547,2.860372,9.534574,0.020000|3.581498,-27.139614,-12.773667,2.860386,9.534619,0.020000
181|3.601826,-26.878467,-13.324715|3.601508,-26.878394,-13.314020,3.121606,10.405354,0.020000|3.601511,-26.878380,-13.314139,3.121620,10.405400,0.020000
182|3.621836,-26.606474,-13.859853|3.621521,-26.606398,-13.849157,3.393602,11.312008,0.020000|3.621525,-26.606384,-13.849276,3.393616,11.312054,0.020000
183|3.641846,-26.323828,-14.389443|3.641535,-26.323749,-14.378745,3.676251,12.254171,0.020000|3.641538,-26.323735,-14.378863,3.676265,12.254218,0.020000
184|3.661856,-26.030643,-14.913270|3.661548,-26.030560,-14.902571,3.969440,13.231467,0.020000|3.661552,-26.030546,-14.902689,3.969454,13.231515,0.020000
185|3.681867,-25.727035,-15.431127|3.681562,-25.726949,-15.420427,4.273051,14.243505,0.020000|3.681566,-25.726934,-15.420544,4.273066,14.243553,0.020000
186|3.701877,-25.413126,-15.942805|3.701576,-25.413036,-15.932103,4.586964,15.289879,0.020000|3.701580,-25.413022,-15.932220,4.586978,15.289928,0.020000
187|3.721887,-25.089042,-16.448100|3.721590,-25.088949,-16.437396,4.911051,16.370170,0.020000|3.721594,-25.088934,-16.437512,4.911066,16.370219,0.020000
188|3.741897,-24.754912,-16.946809|3.741604,-24.754816,-16.936104,5.245184,17.483946,0.020000|3.741608,-24.754801,-16.936219,5.245199,17.483996,0.020000
189|3.761907,-24.410871,-17.438732|3.761619,-24.410772,-17.428026,5.589228,18.630761,0.020000|3.761622,-24.410757,-17.428140,5.589243,18.630811,0.020000
190|3.781917,-24.057056,-17.923674|3.781633,-24.056953,-17.912966,5.943047,19.810155,0.020000|3.781636,-24.056938,-17.913079,5.943062,19.810206,0.020000
191|3.801927,-23.693608,-18.401438|3.801648,-23.693503,-18.390729,6.306497,21.021657,0.020000|3.801651,-23.693488,-18.390842,6.306512,21.021708,0.020000
192|3.821938,-23.320674,-18.871835|3.821662,-23.320566,-18.861124,6.679434,22.264781,0.020000|3.821665,-23.320550,-18.861236,6.679450,22.264833,0.020000
193|3.841948,-22.938402,-19.334676|3.841677,-22.938291,-19.323963,7.061709,23.539030,0.020000|3.841680,-22.938275,-19.324074,7.061725,23.539082,0.020000
194|3.861958,-22.546946,-19.789775|3.861692,-22.546832,-19.779061,7.453168,24.843893,0.020000|3.861695,-22.546816,-19.779171,7.453184,24.843945,0.020000
195|3.881968,-22.146463,-20.236951|3.881707,-22.146346,-20.226235,7.853654,26.178848,0.020000|3.881710,-22.146330,-20.226344,7.853670,26.178901,0.020000
196|3.901978,-21.737112,-20.676024|3.901722,-21.736992,-20.665306,8.263008,27.543360,0.020000|3.901725,-21.736976,-20.665414,8.263024,27.543414,0.020000
197|3.921988,-21.319057,-21.106819|3.921737,-21.318935,-21.096099,8.681065,28.936884,0.020000|3.921740,-21.318919,-21.096206,8.681081,28.936938,0.020000
198|3.941998,-20.892467,-21.529162|3.941752,-20.892342,-21.518440,9.107658,30.358860,0.020000|3.941755,-20.892326,-21.518547,9.107674,30.358915,0.020000
199|3.962009,-20.457512,-21.942885|3.961768,-20.457384,-21.932162,9.542616,31.808721,0.020000|3.961771,-20.457367,-21.932267,9.542633,31.808775,0.020000
200|3.982019,-20.014365,-22.347823|3.981783,-20.014235,-22.337097,9.985765,33.285884,0.020000|3.981786,-20.014218,-22.337202,9.985782,33.285940,0.020000
201|4.002029,-19.563205,-22.743813|4.001799,-19.563072,-22.733085,10.436928,34.789760,0.020000|4.001802,-19.563055,-22.733188,10.436945,34.789815,0.020000
202|4.022039,-19.104212,-23.130696|4.021815,-19.104077,-23.119966,10.895923,36.319745,0.020000|4.021817,-19.104060,-23.120069,10.895940,36.319801,0.020000
203|4.042049,-18.637570,-23.508318|4.041830,-18.637432,-23.497586,11.362568,37.875227,0.020000|4.041833,-18.637415,-23.497687,11.362585,37.875284,0.020000
204|4.062059,-18.163465,-23.876527|4.061846,-18.163325,-23.865793,11.836675,39.455584,0.020000|4.061849,-18.163308,-23.865893,11.836692,39.455640,0.020000
205|4.082069,-17.682088,-24.235176|4.081862,-17.681946,-24.224440,12.318054,41.060182,0.020000|4.081865,-17.681928,-24.224539,12.318072,41.060239,0.020000
206|4.102080,-17.193631,-24.584122|4.101878,-17.193486,-24.573384,12.806514,42.688379,0.020000|4.101881,-17.193469,-24.573482,12.806531,42.688436,0.020000
207|4.122090,-16.698290,-24.923224|4.121894,-16.698143,-24.912484,13.301857,44.339523,0.020000|4.121897,-16.698126,-24.912581,13.301874,44.339581,0.020000
208|4.142100,-16.196263,-25.252348|4.141911,-16.196114,-25.241605,13.803886,46.012953,0.020000|4.141913,-16.196097,-25.241701,13.803903,46.013011,0.020000
209|4.162110,-15.687751,-25.571360|4.161927,-15.687600,-25.560615,14.312400,47.707999,0.020000|4.161929,-15.687583,-25.560710,14.312417,47.708058,0.020000
210|4.182120,-15.172958,-25.880134|4.181943,-15.172805,-25.869387,14.827195,49.423983,0.020000|4.181945,-15.172787,-25.869481,14.827213,49.424042,0.020000
211|4.202130,-14.652090,-26.178546|4.201960,-14.651935,-26.167796,15.348065,51.160217,0.020000|4.201962,-14.651917,-26.167889,15.348083,51.160276,0.020000
212|4.222140,-14.125355,-26.466476|4.221976,-14.125198,-26.455724,15.874802,52.916005,0.020000|4.221978,-14.125181,-26.455815,15.874819,52.916065,0.020000
213|4.242151,-13.592964,-26.743809|4.241993,-13.592806,-26.733055,16.407194,54.690646,0.020000|4.241995,-13.592788,-26.733145,16.407212,54.690706,0.020000
214|4.262161,-13.055131,-27.010434|4.262009,-13.054971,-26.999677,16.945029,56.483429,0.020000|4.262011,-13.054953,-26.999766,16.945047,56.483489,0.020000
215|4.282171,-12.512071,-27.266244|4.282026,-12.511910,-27.255485,17.488090,58.293635,0.020000|4.282028,-12.511891,-27.255573,17.488109,58.293695,0.020000
216|4.302181,-11.964001,-27.511137|4.302043,-11.963838,-27.500376,18.036162,60.120540,0.020000|4.302045,-11.963820,-27.500462,18.036180,60.120600,0.020000
217|4.322191,-11.411141,-27.745015|4.322060,-11.410976,-27.734251,18.589024,61.963412,0.020000|4.322061,-11.410958,-27.734336,18.589042,61.963473,0.020000
218|4.342201,-10.853712,-27.967784|4.342077,-10.853546,-27.957017,19.146454,63.821514,0.020000|4.342078,-10.853527,-27.957102,19.146473,63.821575,0.020000
219|4.362211,-10.291937,-28.179355|4.362094,-10.291769,-28.168586,19.708231,65.694102,0.020000|4.362095,-10.291751,-28.168669,19.708249,65.694163,0.020000
220|4.382222,-9.726041,-28.379643|4.382110,-9.725872,-28.368871,20.274128,67.580425,0.020000|4.382112,-9.725854,-28.368953,20.274146,67.580486,0.020000
221|4.402232,-9.156251,-28.568568|4.402127,-9.156081,-28.557793,20.843919,69.479729,0.020000|4.402129,-9.156063,-28.557874,20.843937,69.479791,0.020000
222|4.422242,-8.582795,-28.746054|4.422145,-8.582624,-28.735277,21.417376,71.391253,0.020000|4.422146,-8.582606,-28.735357,21.417394,71.391315,0.020000
223|4.442252,-8.005903,-28.912031|4.442162,-8.005730,-28.901251,21.994270,73.314232,0.020000|4.442163,-8.005712,-28.901329,21.994288,73.314294,0.020000
224|4.462262,-7.425805,-29.066431|4.462179,-7.425631,-29.055649,22.574369,75.247895,0.020000|4.462180,-7.425613,-29.055726,22.574387,75.247957,0.020000
225|4.482272,-6.842733,-29.209194|4.482196,-6.842559,-29.198409,23.157441,77.191469,0.020000|4.482197,-6.842541,-29.198485,23.157459,77.191531,0.020000
226|4.502282,-6.256922,-29.340261|4.502213,-6.256747,-29.329474,23.743253,79.144175,0.020000|4.502214,-6.256729,-29.329548,23.743271,79.144238,0.020000
227|4.522293,-5.668606,-29.459581|4.522230,-5.668430,-29.448791,24.331570,81.105232,0.020000|4.522231,-5.668412,-29.448864,24.331588,81.105295,0.020000
228|4.542303,-5.078020,-29.567105|4.542248,-5.077844,-29.556313,24.922156,83.073854,0.020000|4.542249,-5.077825,-29.556384,24.922175,83.073917,0.020000
229|4.562313,-4.485401,-29.662791|4.562265,-4.485224,-29.651996,25.514776,85.049254,0.020000|4.562266,-4.485205,-29.652066,25.514795,85.049316,0.020000
230|4.582323,-3.890986,-29.746600|4.582282,-3.890808,-29.735802,26.109192,87.030639,0.020000|4.582283,-3.890789,-29.735872,26.109211,87.030702,0.020000
231|4.602333,-3.295013,-29.818499|4.602300,-3.294835,-29.807698,26.705165,89.017217,0.020000|4.602300,-3.294816,-29.807766,26.705184,89.017280,0.020000
232|4.622343,-2.697720,-29.878459|4.622317,-2.697542,-29.867655,27.302458,91.008193,0.020000|4.622318,-2.697523,-29.867722,27.302477,91.008256,0.020000
233|4.642353,-2.099348,-29.926455|4.642334,-2.099169,-29.915649,27.900831,93.002768,0.020000|4.642335,-2.099151,-29.915715,27.900849,93.002832,0.020000
234|4.662364,-1.500135,-29.962470|4.662352,-1.499956,-29.951661,28.500044,95.000146,0.020000|4.662352,-1.499937,-29.951725,28.500063,95.000209,0.020000
235|4.682374,-0.900321,-29.986487|4.682369,-0.900142,-29.975676,29.099858,96.999525,0.020000|4.682370,-0.900123,-29.975739,29.099877,96.999589,0.020000
236|4.702384,-0.300147,-29.998498|4.702386,-0.299968,-29.987684,29.700032,99.000106,0.020000|4.702387,-0.299949,-29.987746,29.700051,99.000169,0.020000
237|4.722394,0.300147,-29.998498|4.722404,0.300326,-29.987681,29.699674,98.998913,0.020000|4.722404,0.300345,-29.987742,29.699655,98.998850,0.020000
238|4.742404,0.900321,-29.986487|4.742421,0.900500,-29.975668,29.099500,96.998333,0.020000|4.742422,0.900519,-29.975727,29.099481,96.998270,0.020000
239|4.762414,1.500135,-29.962470|4.762438,1.500314,-29.951647,28.499686,94.998955,0.020000|4.762439,1.500333,-29.951705,28.499667,94.998891,0.020000
240|4.782424,2.099348,-29.926455|4.782456,2.099526,-29.915630,27.900474,93.001579,0.020000|4.782456,2.099545,-29.915687,27.900455,93.001515,0.020000
241|4.802435,2.697720,-29.878459|4.802473,2.697898,-29.867631,27.302102,91.007005,0.020000|4.802473,2.697918,-29.867686,27.302082,91.006942,0.020000
242|4.822445,3.295013,-29.818499|4.822490,3.295190,-29.807668,26.704810,89.016032,0.020000|4.822491,3.295209,-29.807723,26.704791,89.015969,0.020000
243|4.842455,3.890986,-29.746600|4.842508,3.891163,-29.735767,26.108837,87.029457,0.020000|4.842508,3.891182,-29.735820,26.108818,87.029393,0.020000
244|4.862465,4.485401,-29.662791|4.862525,4.485577,-29.651955,25.514423,85.048075,0.020000|4.862525,4.485596,-29.652007,25.514404,85.048012,0.020000
245|4.882475,5.078020,-29.567105|4.882542,5.078196,-29.556266,24.921804,83.072680,0.020000|4.882543,5.078215,-29.556317,24.921785,83.072617,0.020000
246|4.902485,5.668606,-29.459581|4.902559,5.668781,-29.448739,24.331219,81.104063,0.020000|4.902560,5.668800,-29.448788,24.331200,81.103999,0.020000
247|4.922495,6.256922,-29.340261|4.922577,6.257097,-29.329417,23.742903,79.143011,0.020000|4.922577,6.257116,-29.329465,23.742884,79.142947,0.020000
248|4.942506,6.842733,-29.209194|4.942594,6.842907,-29.198347,23.157093,77.190311,0.020000|4.942594,6.842926,-29.198394,23.157074,77.190247,0.020000
249|4.962516,7.425805,-29.066431|4.962611,7.425977,-29.055582,22.574023,75.246743,0.020000|4.962611,7.425996,-29.055627,22.574004,75.246679,0.020000
250|4.982526,8.005903,-28.912031|4.982628,8.006074,-28.901178,21.993926,73.313086,0.020000|4.982628,8.006093,-28.901223,21.993907,73.313022,0.020000
251|5.002536,8.582795,-28.746054|5.002645,8.582966,-28.735199,21.417034,71.390115,0.020000|5.002645,8.582985,-28.735242,21.417015,71.390051,0.020000
252|5.022546,9.156251,-28.568568|5.022662,9.156420,-28.557710,20.843580,69.478598,0.020000|5.022662,9.156440,-28.557752,20.843560,69.478535,0.020000
253|5.042556,9.726041,-28.379643|5.042679,9.726209,-28.368783,20.273791,67.579303,0.020000|5.042679,9.726228,-28.368823,20.273772,67.579239,0.020000
254|5.062567,10.291937,-28.179355|5.062696,10.292104,-28.168492,19.707896,65.692988,0.020000|5.062696,10.292123,-28.168532,19.707877,65.692924,0.020000
255|5.082577,10.853712,-27.967784|5.082713,10.853877,-27.956919,19.146123,63.820410,0.020000|5.082713,10.853896,-27.956957,19.146104,63.820346,0.020000
256|5.102587,11.411141,-27.745015|5.102730,11.411305,-27.734147,18.588695,61.962317,0.020000|5.102730,11.411324,-27.734184,18.588676,61.962254,0.020000
257|5.122597,11.964001,-27.511137|5.122746,11.964164,-27.500267,18.035836,60.119455,0.020000|5.122747,11.964183,-27.500303,18.035817,60.119391,0.020000
258|5.142607,12.512071,-27.266244|5.142763,12.512232,-27.255371,17.487768,58.292561,0.020000|5.142763,12.512251,-27.255406,17.487749,58.292497,0.020000
259|5.162617,13.055131,-27.010434|5.162780,13.055290,-26.999558,16.944710,56.482366,0.020000|5.162780,13.055309,-26.999592,16.944691,56.482302,0.020000
260|5.182627,13.592964,-26.743809|5.182796,13.593122,-26.732931,16.406878,54.689595,0.020000|5.182796,13.593141,-26.732964,16.406859,54.689531,0.020000
261|5.202638,14.125355,-26.466476|5.202813,14.125510,-26.455595,15.874490,52.914966,0.020000|5.202813,14.125529,-26.455627,15.874471,52.914902,0.020000
262|5.222648,14.652090,-26.178546|5.222829,14.652243,-26.167663,15.347757,51.159189,0.020000|5.222829,14.652262,-26.167694,15.347738,51.159126,0.020000
263|5.242658,15.172958,-25.880134|5.242846,15.173109,-25.869249,14.826891,49.422969,0.020000|5.242846,15.173128,-25.869278,14.826872,49.422905,0.020000
264|5.262668,15.687751,-25.571360|5.262862,15.687900,-25.560473,14.312100,47.706998,0.020000|5.262862,15.687919,-25.560501,14.312081,47.706935,0.020000
265|5.282678,16.196263,-25.252348|5.282878,16.196410,-25.241458,13.803590,46.011966,0.020000|5.282878,16.196429,-25.241485,13.803571,46.011903,0.020000
266|5.302688,16.698290,-24.923224|5.302894,16.698435,-24.912332,13.301565,44.338550,0.020000|5.302894,16.698454,-24.912358,13.301546,44.338487,0.020000
267|5.322698,17.193631,-24.584122|5.322910,17.193774,-24.573227,12.806226,42.687421,0.020000|5.322911,17.193793,-24.573253,12.806207,42.687357,0.020000
268|5.342709,17.682088,-24.235176|5.342926,17.682228,-24.224279,12.317772,41.059239,0.020000|5.342926,17.682247,-24.224304,12.317753,41.059175,0.020000
269|5.362719,18.163465,-23.876527|5.362942,18.163603,-23.865628,11.836397,39.454656,0.020000|5.362942,18.163622,-23.865651,11.836378,39.454593,0.020000
270|5.382729,18.637570,-23.508318|5.382958,18.637705,-23.497416,11.362295,37.874316,0.020000|5.382958,18.637724,-23.497439,11.362276,37.874252,0.020000
271|5.402739,19.104212,-23.130696|5.402974,19.104345,-23.119792,10.895655,36.318850,0.020000|5.402974,19.104364,-23.119814,10.895636,36.318787,0.020000
272|5.422749,19.563205,-22.743813|5.422990,19.563336,-22.732907,10.436664,34.788881,0.020000|5.422990,19.563355,-22.732928,10.436645,34.788818,0.020000
273|5.442759,20.014365,-22.347823|5.443005,20.014493,-22.336915,9.985507,33.285023,0.020000|5.443005,20.014512,-22.336935,9.985488,33.284960,0.020000
274|5.462769,20.457512,-21.942885|5.463020,20.457637,-21.931976,9.542363,31.807877,0.020000|5.463021,20.457656,-21.931994,9.542344,31.807814,0.020000
275|5.482780,20.892467,-21.529162|5.483036,20.892590,-21.518250,9.107410,30.358034,0.020000|5.483036,20.892609,-21.518268,9.107391,30.357971,0.020000
276|5.502790,21.319057,-21.106819|5.503051,21.319177,-21.095905,8.680823,28.936076,0.020000|5.503051,21.319196,-21.095922,8.680804,28.936013,0.020000
277|5.522800,21.737112,-20.676024|5.523066,21.737229,-20.665108,8.262771,27.542571,0.020000|5.523066,21.737247,-20.665125,8.262753,27.542508,0.020000
278|5.542810,22.146463,-20.236951|5.543081,22.146577,-20.226034,7.853423,26.178078,0.020000|5.543081,22.146595,-20.226049,7.853405,26.178015,0.020000
279|5.562820,22.546946,-19.789775|5.563096,22.547057,-19.778856,7.452943,24.843142,0.020000|5.563096,22.547076,-19.778871,7.452924,24.843080,0.020000
280|5.582830,22.938402,-19.334676|5.583111,22.938510,-19.323755,7.061490,23.538299,0.020000|5.583111,22.938529,-19.323769,7.061471,23.538236,0.020000
281|5.602840,23.320674,-18.871835|5.603126,23.320779,-18.860912,6.679221,22.264070,0.020000|5.603126,23.320798,-18.860925,6.679202,22.264008,0.020000
282|5.622851,23.693608,-18.401438|5.623140,23.693710,-18.390513,6.306290,21.020967,0.020000|5.623140,23.693729,-18.390526,6.306271,21.020904,0.020000
283|5.642861,24.057056,-17.923674|5.643155,24.057154,-17.912747,5.942846,19.809486,0.020000|5.643155,24.057173,-17.912759,5.942827,19.809423,0.020000
284|5.662871,24.410871,-17.438732|5.663169,24.410966,-17.427804,5.589034,18.630112,0.020000|5.663169,24.410985,-17.427815,5.589015,18.630050,0.020000
285|5.682881,24.754912,-16.946809|5.683183,24.755004,-16.935879,5.244996,17.483319,0.020000|5.683183,24.755023,-16.935889,5.244977,17.483256,0.020000
286|5.702891,25.089042,-16.448100|5.703198,25.089131,-16.437168,4.910869,16.369565,0.020000|5.703198,25.089149,-16.437178,4.910851,16.369502,0.020000
287|5.722901,25.413126,-15.942805|5.723212,25.413211,-15.931872,4.586789,15.289295,0.020000|5.723212,25.413230,-15.931881,4.586770,15.289233,0.020000
288|5.742911,25.727035,-15.431127|5.743225,25.727117,-15.420193,4.272883,14.242943,0.020000|5.743226,25.727136,-15.420201,4.272864,14.242881,0.020000
289|5.762922,26.030643,-14.913270|5.763239,26.030722,-14.902335,3.969278,13.230928,0.020000|5.763239,26.030740,-14.902342,3.969260,13.230866,0.020000
290|5.782932,26.323828,-14.389443|5.783253,26.323904,-14.378505,3.676096,12.253655,0.020000|5.783253,26.323922,-14.378512,3.676078,12.253592,0.020000
291|5.802942,26.606474,-13.859853|5.803266,26.606546,-13.848915,3.393454,11.311514,0.020000|5.803266,26.606564,-13.848921,3.393436,11.311452,0.020000
292|5.822952,26.878467,-13.324715|5.823280,26.878535,-13.313775,3.121465,10.404884,0.020000|5.823280,26.878554,-13.313781,3.121446,10.404822,0.020000
293|5.842962,27.139697,-12.784241|5.843293,27.139762,-12.773300,2.860238,9.534127,0.020000|5.843293,27.139781,-12.773306,2.860219,9.534065,0.020000
294|5.862972,27.390062,-12.238649|5.863306,27.390122,-12.227707,2.609878,8.699592,0.020000|5.863306,27.390141,-12.227712,2.609859,8.699529,0.020000
295|5.882982,27.629459,-11.688156|5.883319,27.629516,-11.677213,2.370484,7.901613,0.020000|5.883319,27.629535,-11.677217,2.370465,7.901550,0.020000
296|5.902993,27.857794,-11.132984|5.903332,27.857847,-11.122039,2.142153,7.140509,0.020000|5.903332,27.857866,-11.122043,2.142134,7.140447,0.020000
297|5.923003,28.074975,-10.573354|5.923345,28.075024,-10.562408,1.924976,6.416586,0.020000|5.923345,28.075043,-10.562412,1.924957,6.416523,0.020000
298|5.943013,28.280914,-10.009490|5.943357,28.280960,-9.998544,1.719040,5.730133,0.020000|5.943357,28.280979,-9.998547,1.719021,5.730070,0.020000
299|5.963023,28.475530,-9.441619|5.963370,28.475573,-9.430672,1.524427,5.081424,0.020000|5.963370,28.475591,-9.430674,1.524409,5.081362,0.020000
300|5.983033,28.658745,-8.869967|5.983382,28.658784,-8.859019,1.341216,4.470721,0.020000|5.983382,28.658802,-8.859022,1.341198,4.470659,0.020000
301|6.003043,28.830485,-8.294764|6.003394,28.830520,-8.283815,1.169480,3.898267,0.020000|6.003394,28.830539,-8.283817,1.169461,3.898204,0.020000
302|6.023053,28.990682,-7.716240|6.023406,28.990713,-7.705290,1.009287,3.364291,0.020000|6.023407,28.990731,-7.705292,1.009269,3.364229,0.020000
303|6.043064,29.139271,-7.134626|6.043418,29.139298,-7.123676,0.860702,2.869007,0.020000|6.043418,29.139316,-7.123677,0.860684,2.868945,0.020000
304|6.063074,29.276193,-6.550156|6.063430,29.276216,-6.539205,0.723784,2.412614,0.020000|6.063430,29.276234,-6.539206,0.723766,2.412552,0.020000
305|6.083084,29.401393,-5.963063|6.083442,29.401412,-5.952111,0.598588,1.995295,0.020000|6.083442,29.401430,-5.952112,0.598570,1.995232,0.020000
306|6.103094,29.514820,-5.373582|6.103453,29.514835,-5.362630,0.485165,1.617215,0.020000|6.103453,29.514854,-5.362631,0.485146,1.617153,0.020000
307|6.123104,29.616431,-4.781950|6.123465,29.616442,-4.770997,0.383558,1.278528,0.020000|6.123465,29.616460,-4.770998,0.383540,1.278465,0.020000
308|6.143114,29.706183,-4.188403|6.143476,29.706190,-4.177450,0.293810,0.979367,0.020000|6.143476,29.706208,-4.177450,0.293792,0.979305,0.020000
309|6.163124,29.784040,-3.593179|6.163487,29.784044,-3.582226,0.215956,0.719854,0.020000|6.163487,29.784062,-3.582226,0.215938,0.719792,0.020000
310|6.183135,29.849973,-2.996517|6.183498,29.849972,-2.985563,0.150028,0.500092,0.020000|6.183498,29.849991,-2.985563,0.150009,0.500030,0.020000
311|6.203145,29.903954,-2.398654|6.203509,29.903949,-2.387700,0.096051,0.320169,0.020000|6.203509,29.903968,-2.387700,0.096032,0.320107,0.020000
312|6.223155,29.945961,-1.799832|6.223519,29.945953,-1.788877,0.054047,0.180157,0.020000|6.223519,29.945971,-1.788877,0.054029,0.180095,0.020000
313|6.243165,29.975979,-1.200288|6.243530,29.975966,-1.189334,0.024034,0.080113,0.020000|6.243530,29.975985,-1.189334,0.024015,0.080050,0.020000
314|6.263175,29.993994,-0.600264|6.263540,29.993977,-0.589310,0.006023,0.020075,0.020000|6.263540,29.993996,-0.589310,0.006004,0.020013,0.020000
