OneBody1_E-0.2_ecc0.4_RK4.txt
initial value : [x, y, v_x, v_y] = [13.50,0.00,0.00,0.97] , numerical interval dt = 0.02000 , [M, m] = [ 9, 1]

num|given_position|geodesic|newtonian
num| degree1, x1, y1 | degree2, x2, y2, simple error, relative error, d(rho) | degree2, x2, y2, simple error, relative error, dt
  1|0.000000,13.500000,0.000000|0.007407,13.499735,0.100000,0.000370,0.002743,0.103510|0.007407,13.499735,0.100000,0.000370,0.002743,0.103510
  2|0.020010,13.498069,0.270134|0.027416,13.497276,0.370131,0.004174,0.030914,0.103510|0.027416,13.497276,0.370131,0.004174,0.030914,0.103515
  3|0.040020,13.492277,0.540253|0.047422,13.490955,0.640245,0.013383,0.099101,0.103511|0.047422,13.490955,0.640245,0.013383,0.099100,0.103527
  4|0.060030,13.482622,0.810341|0.067425,13.480771,0.910324,0.027999,0.207268,0.103513|0.067425,13.480771,0.910324,0.027999,0.207267,0.103548
  5|0.080041,13.469100,1.080383|0.087426,13.466721,1.180354,0.048027,0.355364,0.103514|0.087426,13.466721,1.180354,0.048026,0.355362,0.103577
  6|0.100051,13.451708,1.350362|0.107425,13.448802,1.450320,0.073469,0.543321,0.103517|0.107425,13.448802,1.450320,0.073469,0.543317,0.103614
  7|0.120061,13.430441,1.620263|0.127421,13.427009,1.720204,0.104334,0.771055,0.103520|0.127421,13.427010,1.720204,0.104333,0.771049,0.103659
  8|0.140071,13.405294,1.890070|0.147415,13.401336,1.989992,0.140629,1.038466,0.103524|0.147415,13.401337,1.989992,0.140628,1.038457,0.103712
  9|0.160081,13.376258,2.159767|0.167406,13.371775,2.259667,0.182363,1.345438,0.103528|0.167406,13.371777,2.259667,0.182361,1.345427,0.103772
 10|0.180091,13.343325,2.429337|0.187395,13.338320,2.529212,0.229547,1.691841,0.103533|0.187395,13.338322,2.529212,0.229545,1.691827,0.103841
 11|0.200101,13.306487,2.698764|0.207382,13.300961,2.798611,0.282194,2.077529,0.103539|0.207382,13.300963,2.798611,0.282191,2.077511,0.103918
 12|0.220112,13.265733,2.968030|0.227366,13.259686,3.067847,0.340318,2.502338,0.103545|0.227366,13.259689,3.067847,0.340315,2.502315,0.104003
 13|0.240122,13.221050,3.237118|0.247348,13.214486,3.336902,0.403935,2.966092,0.103552|0.247348,13.214490,3.336902,0.403931,2.966064,0.104096
 14|0.260132,13.172428,3.506010|0.267327,13.165347,3.605759,0.473061,3.468597,0.103560|0.267327,13.165352,3.605759,0.473057,3.468563,0.104197
 15|0.280142,13.119850,3.774687|0.287304,13.112256,3.874398,0.547716,4.009645,0.103569|0.287304,13.112262,3.874399,0.547711,4.009605,0.104306
 16|0.300152,13.063304,4.043132|0.307279,13.055198,4.142803,0.627920,4.589014,0.103579|0.307279,13.055205,4.142803,0.627914,4.588966,0.104423
 17|0.320162,13.002773,4.311324|0.327251,12.994158,4.410952,0.713694,5.206463,0.103590|0.327251,12.994165,4.410952,0.713687,5.206407,0.104548
 18|0.340172,12.938239,4.579243|0.347221,12.929118,4.678826,0.805062,5.861741,0.103601|0.347221,12.929127,4.678827,0.805053,5.861676,0.104680
 19|0.360183,12.869686,4.846870|0.367189,12.860061,4.946405,0.902048,6.554578,0.103614|0.367189,12.860071,4.946406,0.902038,6.554504,0.104821
 20|0.380193,12.797093,5.114182|0.387155,12.786967,5.213668,1.004679,7.284693,0.103628|0.387155,12.786978,5.213669,1.004667,7.284608,0.104969
 21|0.400203,12.720441,5.381158|0.407118,12.709817,5.480592,1.112982,8.051788,0.103643|0.407118,12.709830,5.480594,1.112969,8.051690,0.105126
 22|0.420213,12.639707,5.647776|0.427079,12.628589,5.747156,1.226988,8.855550,0.103659|0.427079,12.628603,5.747158,1.226972,8.855440,0.105290
 23|0.440223,12.554871,5.914012|0.447038,12.543261,6.013336,1.346725,9.695655,0.103676|0.447038,12.543278,6.013338,1.346708,9.695530,0.105462
 24|0.460233,12.465908,6.179841|0.466995,12.453810,6.279107,1.472227,10.571761,0.103695|0.466995,12.453829,6.279109,1.472208,10.571621,0.105642
 25|0.480243,12.372793,6.445240|0.486950,12.360211,6.544445,1.603528,11.483514,0.103715|0.486949,12.360232,6.544448,1.603506,11.483357,0.105829
 26|0.500254,12.275502,6.710180|0.506903,12.262440,6.809323,1.740662,12.430547,0.103737|0.506902,12.262463,6.809327,1.740637,12.430372,0.106024
 27|0.520264,12.174008,6.974637|0.526853,12.160469,7.073716,1.883666,13.412477,0.103760|0.526852,12.160495,7.073719,1.883639,13.412283,0.106227
 28|0.540274,12.068283,7.238580|0.546802,12.054272,7.337594,2.032579,14.428909,0.103785|0.546801,12.054300,7.337598,2.032548,14.428694,0.106438
 29|0.560284,11.958299,7.501983|0.566748,11.943819,7.600929,2.187439,15.479435,0.103812|0.566747,11.943851,7.600933,2.187405,15.479198,0.106656
 30|0.580294,11.844026,7.764813|0.586693,11.829082,7.863690,2.348287,16.563633,0.103841|0.586692,11.829117,7.863695,2.348250,16.563371,0.106882
 31|0.600304,11.725434,8.027040|0.606635,11.710030,8.125847,2.515167,17.681068,0.103871|0.606634,11.710068,8.125853,2.515125,17.680780,0.107115
 32|0.620314,11.602490,8.288632|0.626576,11.586631,8.387366,2.688120,18.831292,0.103903|0.626574,11.586673,8.387373,2.688074,18.830976,0.107356
 33|0.640325,11.475163,8.549553|0.646514,11.458854,8.648214,2.867193,20.013845,0.103938|0.646513,11.458900,8.648222,2.867142,20.013499,0.107605
 34|0.660335,11.343419,8.809770|0.666451,11.326664,8.908356,3.052431,21.228254,0.103974|0.666450,11.326715,8.908365,3.052376,21.227877,0.107860
 35|0.680345,11.207224,9.069244|0.686386,11.190029,9.167755,3.243882,22.474033,0.104013|0.686384,11.190084,9.167764,3.243821,22.473623,0.108124
 36|0.700355,11.066543,9.327939|0.706320,11.048911,9.426372,3.441595,23.750687,0.104054|0.706318,11.048971,9.426383,3.441529,23.750241,0.108394
 37|0.720365,10.921338,9.585814|0.726251,10.903277,9.684169,3.645619,25.057705,0.104097|0.726249,10.903342,9.684181,3.645547,25.057221,0.108672
 38|0.740375,10.771574,9.842828|0.746181,10.753087,9.941105,3.856007,26.394567,0.104143|0.746178,10.753158,9.941118,3.855929,26.394043,0.108957
 39|0.760385,10.617213,10.098939|0.766109,10.598306,10.197135,4.072811,27.760740,0.104191|0.766106,10.598383,10.197150,4.072725,27.760175,0.109249
 40|0.780396,10.458216,10.354100|0.786036,10.438894,10.452216,4.296083,29.155682,0.104242|0.786033,10.438977,10.452232,4.295990,29.155072,0.109548
 41|0.800406,10.294542,10.608267|0.805961,10.274812,10.706301,4.525880,30.578837,0.104296|0.805957,10.274902,10.706319,4.525779,30.578181,0.109854
 42|0.820416,10.126154,10.861391|0.825884,10.106021,10.959343,4.762255,32.029641,0.104352|0.825881,10.106117,10.959363,4.762146,32.028935,0.110167
 43|0.840426,9.953008,11.113421|0.845806,9.932478,11.211291,5.005267,33.507516,0.104412|0.845802,9.932581,11.211312,5.005149,33.506759,0.110487
 44|0.860436,9.775065,11.364305|0.865727,9.754143,11.462092,5.254973,35.011877,0.104474|0.865722,9.754254,11.462116,5.254846,35.011066,0.110813
 45|0.880446,9.592281,11.613990|0.885646,9.570974,11.711694,5.511432,36.542126,0.104540|0.885641,9.571093,11.711720,5.511294,36.541260,0.111147
 46|0.900456,9.404614,11.862418|0.905564,9.382928,11.960039,5.774702,38.097658,0.104608|0.905559,9.383055,11.960067,5.774554,38.096733,0.111487
 47|0.920467,9.212020,12.109531|0.925480,9.189961,12.207068,6.044844,39.677856,0.104680|0.925475,9.190098,12.207099,6.044685,39.676869,0.111833
 48|0.940477,9.014457,12.355268|0.945396,8.992031,12.452722,6.321919,41.282093,0.104755|0.945389,8.992177,12.452755,6.321748,41.281043,0.112186
 49|0.960487,8.811878,12.599566|0.965310,8.789093,12.696936,6.605989,42.909735,0.104834|0.965303,8.789248,12.696972,6.605805,42.908619,0.112545
 50|0.980497,8.604241,12.842359|0.985223,8.581102,12.939645,6.897114,44.560137,0.104916|0.985215,8.581267,12.939684,6.896917,44.558953,0.112910
 51|1.000507,8.391500,13.083578|1.005135,8.368013,13.180781,7.195359,46.232647,0.105001|1.005127,8.368189,13.180823,7.195147,46.231393,0.113282
 52|1.020517,8.173609,13.323153|1.025046,8.149782,13.420273,7.500785,47.926603,0.105090|1.025037,8.149969,13.420319,7.500559,47.925276,0.113659
 53|1.040528,7.950524,13.561010|1.044955,7.926363,13.658047,7.813456,49.641334,0.105183|1.044946,7.926562,13.658096,7.813214,49.639933,0.114042
 54|1.060538,7.722199,13.797072|1.064864,7.697710,13.894027,8.133435,51.376164,0.105280|1.064854,7.697921,13.894080,8.133177,51.374686,0.114431
 55|1.080548,7.488588,14.031260|1.084772,7.463779,14.128133,8.460786,53.130406,0.105380|1.084761,7.464003,14.128190,8.460511,53.128850,0.114825
 56|1.100558,7.249645,14.263491|1.104679,7.224523,14.360284,8.795571,54.903366,0.105485|1.104668,7.224760,14.360345,8.795278,54.901730,0.115225
 57|1.120568,7.005327,14.493681|1.124586,6.979898,14.590394,9.137854,56.694345,0.105593|1.124573,6.980149,14.590460,9.137543,56.692627,0.115630
 58|1.140578,6.755586,14.721741|1.144491,6.729859,14.818375,9.487697,58.502634,0.105706|1.144478,6.730123,14.818445,9.487367,58.500834,0.116041
 59|1.160588,6.500380,14.947579|1.164396,6.474360,15.044134,9.845164,60.327519,0.105823|1.164383,6.474639,15.044209,9.844813,60.325635,0.116456
 60|1.180599,6.239663,15.171099|1.184301,6.213358,15.267577,10.210315,62.168279,0.105943|1.184286,6.213652,15.267657,10.209943,62.166309,0.116876
 61|1.200609,5.973392,15.392203|1.204205,5.946809,15.488605,10.583211,64.024187,0.106069|1.204189,5.947119,15.488690,10.582817,64.022131,0.117301
 62|1.220619,5.701524,15.610790|1.224108,5.674670,15.707117,10.963912,65.894508,0.106198|1.224091,5.674996,15.707207,10.963496,65.892365,0.117730
 63|1.240629,5.424017,15.826753|1.244011,5.396900,15.923006,11.352478,67.778505,0.106332|1.243993,5.397242,15.923102,11.352038,67.776275,0.118164
 64|1.260639,5.140829,16.039983|1.263913,5.113456,16.136164,11.748964,69.675431,0.106470|1.263895,5.113815,16.136265,11.748500,69.673114,0.118602
 65|1.280649,4.851920,16.250367|1.283815,4.824300,16.346476,12.153428,71.584538,0.106613|1.283796,4.824676,16.346584,12.152939,71.582135,0.119044
 66|1.300659,4.557253,16.457787|1.303717,4.529392,16.553827,12.565923,73.505071,0.106760|1.303697,4.529785,16.553940,12.565408,73.502581,0.119489
 67|1.320670,4.256789,16.662123|1.323619,4.228694,16.758095,12.986502,75.436269,0.106912|1.323598,4.229106,16.758215,12.985960,75.433694,0.119939
 68|1.340680,3.950493,16.863249|1.343520,3.922173,16.959155,13.415214,77.377370,0.107068|1.343498,3.922603,16.959281,13.414645,77.374710,0.120391
 69|1.360690,3.638331,17.061037|1.363422,3.609793,17.156878,13.852106,79.327605,0.107229|1.363398,3.610241,17.157011,13.851509,79.324861,0.120847
 70|1.380700,3.320271,17.255352|1.383323,3.291522,17.351131,14.297223,81.286202,0.107395|1.383299,3.291990,17.351270,14.296598,81.283377,0.121306
 71|1.400710,2.996283,17.446057|1.403225,2.967332,17.541775,14.750608,83.252385,0.107565|1.403199,2.967819,17.541921,14.749953,83.249481,0.121767
 72|1.420720,2.666341,17.633010|1.423126,2.637195,17.728669,15.212297,85.225377,0.107740|1.423099,2.637701,17.728821,15.211613,85.222396,0.122232
 73|1.440730,2.330419,17.816064|1.443028,2.301086,17.911665,15.682325,87.204394,0.107920|1.443000,2.301612,17.911825,15.681611,87.201339,0.122698
 74|1.460741,1.988496,17.995068|1.462929,1.958984,18.090614,16.160723,89.188654,0.108105|1.462901,1.959529,18.090781,16.159979,89.185527,0.123167
 75|1.480751,1.640554,18.169866|1.482831,1.610870,18.265359,16.647518,91.177368,0.108294|1.482801,1.611435,18.265533,16.646743,91.174173,0.123637
 76|1.500761,1.286576,18.340298|1.502734,1.256729,18.435740,17.142730,93.169748,0.108488|1.502703,1.257314,18.435921,17.141924,93.166488,0.124109
 77|1.520771,0.926552,18.506199|1.522636,0.896550,18.601592,17.646375,95.165002,0.108687|1.522604,0.897154,18.601780,17.645539,95.161682,0.124583
 78|1.540781,0.560474,18.667398|1.542539,0.530325,18.762745,18.158466,97.162339,0.108891|1.542506,0.530949,18.762940,18.157599,97.158962,0.125057
 79|1.560791,0.188339,18.823722|1.562443,0.158050,18.919025,18.679007,99.160964,0.109100|1.562409,0.158693,18.919227,18.678108,99.157536,0.125533
 80|1.580801,-0.189852,18.974991|1.582346,-0.220273,19.070252,18.767449,98.839917,0.109313|1.582312,-0.219610,19.070461,18.767846,98.843393,0.126009
 81|1.600812,-0.574094,19.121021|1.602251,-0.604638,19.216242,18.536148,96.841100,0.109532|1.602215,-0.603956,19.216458,18.536553,96.844618,0.126486
 82|1.620822,-0.964374,19.261623|1.622156,-0.995034,19.356807,18.301211,94.843381,0.109755|1.622119,-0.994333,19.357030,18.301623,94.846935,0.126963
 83|1.640832,-1.360676,19.396603|1.642062,-1.391443,19.491753,18.062649,92.847555,0.109982|1.642024,-1.390724,19.491982,18.063068,92.851140,0.127440
 84|1.660842,-1.762977,19.525763|1.661968,-1.793843,19.620880,17.820475,90.854418,0.110215|1.661930,-1.793107,19.621116,17.820901,90.858028,0.127916
 85|1.680852,-2.171249,19.648899|1.681875,-2.202206,19.743987,17.574708,88.864766,0.110453|1.681836,-2.201452,19.744229,17.575140,88.868395,0.128393
 86|1.700862,-2.585454,19.765804|1.701783,-2.616494,19.860865,17.325370,86.879392,0.110695|1.701743,-2.615724,19.861113,17.325808,86.883034,0.128868
 87|1.720872,-3.005550,19.876265|1.721692,-3.036665,19.971302,17.072487,84.899090,0.110941|1.721652,-3.035880,19.971555,17.072932,84.902739,0.129342
 88|1.740883,-3.431488,19.980065|1.741602,-3.462669,20.075080,16.816092,82.924652,0.111193|1.741561,-3.461869,20.075338,16.816541,82.928301,0.129815
 89|1.760893,-3.863208,20.076983|1.761512,-3.894448,20.171978,16.556218,80.956867,0.111449|1.761471,-3.893634,20.172242,16.556673,80.960510,0.130286
 90|1.780903,-4.300645,20.166792|1.781424,-4.331934,20.261771,16.292909,78.996524,0.111710|1.781382,-4.331108,20.262039,16.293368,79.000154,0.130756
 91|1.800913,-4.743722,20.249263|1.801336,-4.775053,20.344228,16.026209,77.044407,0.111975|1.801294,-4.774216,20.344500,16.026671,77.048018,0.131223
 92|1.820923,-5.192356,20.324162|1.821250,-5.223720,20.419116,15.756170,75.101301,0.112245|1.821208,-5.222873,20.419391,15.756636,75.104885,0.131689
 93|1.840933,-5.646451,20.391251|1.841164,-5.677840,20.486197,15.482851,73.167984,0.112519|1.841122,-5.676985,20.486475,15.483320,73.171535,0.132151
 94|1.860943,-6.105904,20.450289|1.861080,-6.137309,20.545230,15.206315,71.245234,0.112797|1.861038,-6.136448,20.545511,15.206786,71.248744,0.132611
 95|1.880954,-6.570599,20.501032|1.880997,-6.602012,20.595970,14.926633,69.333823,0.113080|1.880955,-6.601146,20.596252,14.927105,69.337286,0.133068
 96|1.900964,-7.040410,20.543233|1.900915,-7.071823,20.638171,14.643881,67.434520,0.113367|1.900873,-7.070954,20.638454,14.644354,67.437928,0.133522
 97|1.920974,-7.515200,20.576640|1.920834,-7.546604,20.671581,14.358144,65.548089,0.113658|1.920793,-7.545734,20.671864,14.358617,65.551437,0.133972
 98|1.940984,-7.994818,20.601002|1.940755,-8.026205,20.695948,14.069513,63.675292,0.113953|1.940714,-8.025337,20.696231,14.069986,63.678572,0.134419
 99|1.960994,-8.479102,20.616064|1.960676,-8.510463,20.711019,13.778087,61.816883,0.114252|1.960636,-8.509599,20.711300,13.778558,61.820088,0.134862
100|1.981004,-8.967877,20.621570|1.980599,-8.999204,20.716536,13.483974,59.973612,0.114555|1.980560,-8.998346,20.716815,13.484442,59.976735,0.135301
101|2.001014,-9.460953,20.617263|2.000524,-9.492238,20.712243,13.187287,58.146223,0.114862|2.000485,-9.491388,20.712519,13.187751,58.149258,0.135735
102|2.021025,-9.958128,20.602885|2.020449,-9.989362,20.697882,12.888151,56.335456,0.115172|2.020411,-9.988524,20.698154,12.888610,56.338395,0.136165
103|2.041035,-10.459185,20.578179|2.040376,-10.490359,20.673196,12.586698,54.542042,0.115486|2.040340,-10.489535,20.673462,12.587150,54.544879,0.136591
104|2.061045,-10.963892,20.542888|2.060305,-10.994996,20.637927,12.283068,52.766707,0.115803|2.060269,-10.994191,20.638187,12.283513,52.769435,0.137011
105|2.081055,-11.472000,20.496754|2.080234,-11.503027,20.591819,11.977413,51.010171,0.116124|2.080200,-11.502243,20.592072,11.977848,51.012783,0.137427
106|2.101065,-11.983248,20.439525|2.100166,-12.014189,20.534618,11.669891,49.273146,0.116448|2.100133,-12.013429,20.534862,11.670315,49.275633,0.137837
107|2.121075,-12.497355,20.370949|2.120098,-12.528201,20.466072,11.360673,47.556335,0.116775|2.120067,-12.527470,20.466306,11.361084,47.558692,0.138242
108|2.141085,-13.014027,20.290776|2.140032,-13.044769,20.385933,11.049938,45.860437,0.117105|2.140003,-13.044071,20.386156,11.050333,45.862655,0.138642
109|2.161096,-13.532951,20.198762|2.159967,-13.563581,20.293955,10.737875,44.186138,0.117438|2.159940,-13.562918,20.294166,10.738253,44.188211,0.139036
110|2.181106,-14.053799,20.094667|2.179904,-14.084306,20.189900,10.424683,42.534121,0.117773|2.179879,-14.083685,20.190097,10.425041,42.536039,0.139424
111|2.201116,-14.576223,19.978259|2.199842,-14.606600,20.073533,10.110574,40.905055,0.118111|2.199819,-14.606023,20.073715,10.110909,40.906812,0.139806
112|2.221126,-15.099860,19.849308|2.219782,-15.130098,19.944627,9.795766,39.299605,0.118451|2.219761,-15.129571,19.944793,9.796076,39.301191,0.140182
113|2.241136,-15.624329,19.707596|2.239723,-15.654419,19.802962,9.480492,37.718423,0.118793|2.239705,-15.653945,19.803110,9.480773,37.719829,0.140553
114|2.261146,-16.149231,19.552911|2.259666,-16.179163,19.648326,9.164992,36.162153,0.119137|2.259650,-16.178749,19.648455,9.165241,36.163370,0.140917
115|2.281156,-16.674150,19.385052|2.279610,-16.703915,19.480519,8.849520,34.631429,0.119483|2.279597,-16.703565,19.480628,8.849732,34.632447,0.141274
116|2.301167,-17.198651,19.203827|2.299555,-17.228240,19.299349,8.534337,33.126875,0.119831|2.299545,-17.227960,19.299436,8.534509,33.127683,0.141626
117|2.321177,-17.722283,19.009058|2.319502,-17.751687,19.104638,8.219716,31.649103,0.120179|2.319495,-17.751482,19.104700,8.219844,31.649690,0.141971
118|2.341187,-18.244577,18.800578|2.339451,-18.273786,18.896217,7.905942,30.198717,0.120529|2.339446,-18.273662,18.896255,7.906021,30.199070,0.142309
119|2.361197,-18.765048,18.578235|2.359400,-18.794053,18.673936,7.593308,28.776307,0.120879|2.359399,-18.794015,18.673948,7.593332,28.776414,0.142641
120|2.381207,-19.283192,18.341892|2.379352,-19.311984,18.437657,7.282117,27.382453,0.121231|2.379353,-19.312039,18.437641,7.282082,27.382301,0.142966
121|2.401217,-19.798492,18.091428|2.399304,-19.827062,18.187260,6.972684,26.017723,0.121582|2.399309,-19.827215,18.187214,6.972583,26.017297,0.143284
122|2.421227,-20.310414,17.826739|2.419258,-20.338751,17.922640,6.665329,24.682675,0.121934|2.419267,-20.339008,17.922563,6.665157,24.681960,0.143596
123|2.441238,-20.818407,17.547741|2.439214,-20.846502,17.643713,6.360386,23.377853,0.122285|2.439225,-20.846871,17.643605,6.360136,23.376832,0.143901
124|2.461248,-21.321908,17.254370|2.459171,-21.349752,17.350415,6.058194,22.103788,0.122636|2.459186,-21.350239,17.350273,6.057859,22.102443,0.144199
125|2.481258,-21.820341,16.946582|2.479129,-21.847925,17.042702,5.759102,20.860999,0.122986|2.479147,-21.848537,17.042525,5.758675,20.859313,0.144490
126|2.501268,-22.313117,16.624355|2.499088,-22.340430,16.720552,5.463463,19.649994,0.123334|2.499110,-22.341173,16.720338,5.462936,19.647946,0.144775
127|2.521278,-22.799634,16.287691|2.519049,-22.826667,16.383968,5.171642,18.471264,0.123682|2.519075,-22.827549,16.383716,5.171007,18.468834,0.145052
128|2.541288,-23.279283,15.936617|2.539012,-23.306025,16.032975,4.884005,17.325291,0.124027|2.539041,-23.307054,16.032683,4.883254,17.322457,0.145323
129|2.561298,-23.751442,15.571184|2.558975,-23.777885,15.667624,4.600926,16.212539,0.124371|2.559008,-23.779066,15.667293,4.600050,16.209278,0.145587
130|2.581309,-24.215485,15.191470|2.578940,-24.241619,15.287995,4.322783,15.133462,0.124711|2.578976,-24.242961,15.287622,4.321773,15.129750,0.145844
131|2.601319,-24.670778,14.797582|2.598906,-24.696593,14.894193,4.049957,14.088497,0.125049|2.598946,-24.698103,14.893777,4.048803,14.084309,0.146094
132|2.621329,-25.116684,14.389652|2.618874,-25.142171,14.486350,3.782832,13.078069,0.125384|2.618917,-25.143855,14.485890,3.781525,13.073379,0.146338
133|2.641339,-25.552562,13.967844|2.638843,-25.577710,14.064630,3.521792,12.102586,0.125714|2.638889,-25.579578,14.064125,3.520322,12.097367,0.146575
134|2.661349,-25.977770,13.532349|2.658813,-26.002571,13.629225,3.267224,11.162444,0.126041|2.658862,-26.004629,13.628674,3.265580,11.156669,0.146805
135|2.681359,-26.391669,13.083390|2.678784,-26.416111,13.180356,3.019513,10.258022,0.126362|2.678836,-26.418367,13.179760,3.017684,10.251661,0.147028
136|2.701369,-26.793619,12.621220|2.698757,-26.817695,12.718278,2.779041,9.389686,0.126679|2.698812,-26.820156,12.717634,2.777017,9.382710,0.147244
137|2.721380,-27.182989,12.146123|2.718731,-27.206688,12.243274,2.546187,8.557785,0.126990|2.718789,-27.209363,12.242582,2.543958,8.550164,0.147454
138|2.741390,-27.559152,11.658414|2.738706,-27.582466,11.755658,2.321328,7.762653,0.127295|2.738766,-27.585361,11.754918,2.318882,7.754357,0.147657
139|2.761400,-27.921492,11.158440|2.758682,-27.944412,11.255778,2.104832,7.004609,0.127594|2.758745,-27.947535,11.254989,2.102158,6.995607,0.147853
140|2.781410,-28.269405,10.646578|2.778659,-28.291920,10.744011,1.897062,6.283956,0.127886|2.778725,-28.295279,10.743173,1.894150,6.274217,0.148043
141|2.801420,-28.602298,10.123238|2.798638,-28.624400,10.220764,1.698373,5.600982,0.128170|2.798705,-28.628002,10.219878,1.695212,5.590475,0.148226
142|2.821430,-28.919595,9.588857|2.818618,-28.941276,9.686478,1.509108,4.955958,0.128446|2.818687,-28.945128,9.685543,1.505687,4.944652,0.148403
143|2.841440,-29.220739,9.043906|2.838599,-29.241990,9.141622,1.329601,4.349138,0.128714|2.838669,-29.246099,9.140637,1.325909,4.337004,0.148573
144|2.861451,-29.505193,8.488883|2.858581,-29.526005,8.586693,1.160172,3.780764,0.128972|2.858653,-29.530378,8.585660,1.156200,3.767771,0.148736
145|2.881461,-29.772441,7.924315|2.878564,-29.792807,8.022219,1.001128,3.251057,0.129222|2.878637,-29.797450,8.021137,0.996866,3.237177,0.148893
146|2.901471,-30.021994,7.350757|2.898549,-30.041906,7.448755,0.852762,2.760224,0.129461|2.898622,-30.046825,7.447625,0.848201,2.745429,0.149044
147|2.921481,-30.253389,6.768790|2.918534,-30.272839,6.866880,0.715349,2.308456,0.129690|2.918608,-30.278040,6.865704,0.710480,2.292719,0.149188
148|2.941491,-30.466189,6.179020|2.938521,-30.485171,6.277202,0.589146,1.895927,0.129908|2.938595,-30.490661,6.275979,0.583961,1.879223,0.149325
149|2.961501,-30.659992,5.582076|2.958509,-30.678498,5.680349,0.474394,1.522794,0.130115|2.958582,-30.684282,5.679082,0.468886,1.505099,0.149456
150|2.981511,-30.834427,4.978611|2.978498,-30.852450,5.076973,0.371313,1.189199,0.130310|2.978571,-30.858533,5.075662,0.365474,1.170492,0.149581
151|3.001522,-30.989155,4.369295|2.998488,-31.006691,4.467745,0.280100,0.895265,0.130493|2.998560,-31.013077,4.466391,0.273926,0.875526,0.149699
152|3.021532,-31.123876,3.754818|3.018479,-31.140918,3.853355,0.200933,0.641102,0.130663|3.018549,-31.147612,3.851960,0.194419,0.620313,0.149811
153|3.041542,-31.238325,3.135888|3.038472,-31.254869,3.234510,0.133967,0.426800,0.130820|3.038540,-31.261874,3.233075,0.127109,0.404947,0.149917
154|3.061552,-31.332277,2.513223|3.058465,-31.348317,2.611928,0.079334,0.252434,0.130964|3.058531,-31.355637,2.610456,0.072128,0.229505,0.150016
155|3.081562,-31.405546,1.887556|3.078460,-31.421078,1.986343,0.037141,0.118064,0.131095|3.078523,-31.428716,1.984835,0.029586,0.094048,0.150108
156|3.101572,-31.457985,1.259630|3.098456,-31.473006,1.358496,0.007471,0.023731,0.131212|3.098515,-31.480965,1.356954,0.000434,0.001378,0.150195
157|3.121583,-31.489491,0.630193|3.118453,-31.503997,0.729136,0.009618,0.030539,0.131315|3.118509,-31.512278,0.727563,0.017872,0.056746,0.150274
158|3.141593,-31.500000,0.000000|3.138451,-31.513988,0.099017,0.014092,0.044736,0.131403|3.138502,-31.522593,0.097414,0.022693,0.072043,0.150348
159|3.161603,-31.489491,-0.630193|3.158450,-31.502959,-0.531105,0.005943,0.018868,0.131478|3.158497,-31.511889,-0.532734,0.014889,0.047272,0.150414
160|3.181613,-31.457985,-1.259630|3.178450,-31.470932,-1.160472,0.014812,0.047042,0.131538|3.178492,-31.480187,-1.162126,0.005524,0.017546,0.150475
161|3.201623,-31.405546,-1.887556|3.198452,-31.417970,-1.788331,0.048129,0.152956,0.131583|3.198488,-31.427550,-1.790007,0.038506,0.122375,0.150528
162|3.221633,-31.332277,-2.513223|3.218455,-31.344178,-2.413934,0.093942,0.298817,0.131614|3.218484,-31.354083,-2.415629,0.083990,0.267162,0.150576
163|3.241643,-31.238325,-3.135888|3.238459,-31.249703,-3.036537,0.152159,0.484555,0.131630|3.238481,-31.259931,-3.038249,0.141885,0.451838,0.150616
164|3.261654,-31.123876,-3.754818|3.258464,-31.134730,-3.655409,0.222663,0.710082,0.131632|3.258479,-31.145280,-3.657136,0.212076,0.676321,0.150650
165|3.281664,-30.989155,-4.369295|3.278470,-30.999487,-4.269830,0.305315,0.975296,0.131619|3.278478,-31.010356,-4.271568,0.294424,0.940509,0.150677
166|3.301674,-30.834427,-4.978611|3.298478,-30.844239,-4.879093,0.399950,1.280078,0.131592|3.298477,-30.855424,-4.880840,0.388767,1.244285,0.150697
167|3.321684,-30.659992,-5.582076|3.318486,-30.669286,-5.482509,0.506385,1.624295,0.131551|3.318477,-30.680785,-5.484262,0.494920,1.587519,0.150710
168|3.341694,-30.466189,-6.179020|3.338496,-30.474966,-6.079406,0.624412,2.007796,0.131496|3.338477,-30.486775,-6.081162,0.612679,1.970063,0.150717
169|3.361704,-30.253389,-6.768790|3.358508,-30.261652,-6.669132,0.753805,2.430417,0.131427|3.358479,-30.273767,-6.670888,0.741816,2.391754,0.150716
170|3.381714,-30.021994,-7.350757|3.378520,-30.029748,-7.251058,0.894317,2.891978,0.131345|3.378481,-30.042164,-7.252812,0.882087,2.852412,0.150708
171|3.401725,-29.772441,-7.924315|3.398534,-29.779689,-7.824578,1.045684,3.392285,0.131249|3.398484,-29.792401,-7.826327,1.033228,3.351846,0.150693
172|3.421735,-29.505193,-8.488883|3.418549,-29.511938,-8.389111,1.207625,3.931126,0.131141|3.418487,-29.524941,-8.390852,1.194956,3.889845,0.150671
173|3.441745,-29.220739,-9.043906|3.438565,-29.226987,-8.944101,1.379841,4.508279,0.131020|3.438492,-29.240275,-8.945833,1.366977,4.466186,0.150641
174|3.461755,-28.919595,-9.588857|3.458583,-28.925350,-9.489023,1.562021,5.123503,0.130888|3.458497,-28.938917,-9.490742,1.548977,5.080630,0.150604
175|3.481765,-28.602298,-10.123238|3.478602,-28.607566,-10.023376,1.753840,5.776544,0.130743|3.478504,-28.621405,-10.025080,1.740632,5.732923,0.150559
176|3.501775,-28.269405,-10.646578|3.498622,-28.274192,-10.546693,1.954960,6.467135,0.130587|3.498511,-28.288296,-10.548379,1.941605,6.422796,0.150506
177|3.521785,-27.921492,-11.158440|3.518643,-27.925804,-11.058533,2.165033,7.194992,0.130420|3.518519,-27.940167,-11.060199,2.151548,7.149967,0.150446
178|3.541796,-27.559152,-11.658414|3.538666,-27.562994,-11.558488,2.383703,7.959820,0.130243|3.538528,-27.577609,-11.560132,2.370103,7.914139,0.150378
179|3.561806,-27.182989,-12.146123|3.558691,-27.186368,-12.046180,2.610604,8.761308,0.130055|3.558538,-27.201226,-12.047800,2.596907,8.714999,0.150301
180|3.581816,-26.793619,-12.621220|3.578716,-26.796542,-12.521262,2.845365,9.599131,0.129858|3.578549,-26.811637,-12.522856,2.831586,9.552222,0.150217
181|3.601826,-26.391669,-13.083390|3.598744,-26.394142,-12.983420,3.087609,10.472950,0.129651|3.598562,-26.409465,-12.984986,3.073765,10.425468,0.150124
182|3.621836,-25.977770,-13.532349|3.618772,-25.979802,-13.432369,3.336955,11.382416,0.129436|3.618575,-25.995345,-13.433905,3.323061,11.334384,0.150023
183|3.641846,-25.552562,-13.967844|3.638802,-25.554160,-13.867857,3.593020,12.327161,0.129212|3.638589,-25.569915,-13.869361,3.579090,12.278602,0.149913
184|3.661856,-25.116684,-14.389652|3.658834,-25.117855,-14.289659,3.855418,13.306808,0.128980|3.658605,-25.133813,-14.291130,3.841468,13.257742,0.149795
185|3.681867,-24.670778,-14.797582|3.678867,-24.671530,-14.697585,4.123764,14.320964,0.128741|3.678622,-24.687684,-14.699021,4.109808,14.271411,0.149667
186|3.701877,-24.215485,-15.191470|3.698902,-24.215826,-15.091471,4.397673,15.369226,0.128494|3.698640,-24.232166,-15.092872,4.383726,15.319201,0.149531
187|3.721887,-23.751442,-15.571184|3.718938,-23.751380,-15.471184,4.676764,16.451176,0.128241|3.718660,-23.767898,-15.472547,4.662837,16.400691,0.149386
188|3.741897,-23.279283,-15.936617|3.738975,-23.278825,-15.836618,4.960656,17.566384,0.127982|3.738681,-23.295513,-15.837943,4.946762,17.515450,0.149232
189|3.761907,-22.799634,-16.287691|3.759015,-22.798790,-16.187694,5.248972,18.714406,0.127716|3.758703,-22.815639,-16.188980,5.235123,18.663032,0.149069
190|3.781917,-22.313117,-16.624355|3.779056,-22.311895,-16.524362,5.541343,19.894788,0.127446|3.778727,-22.328896,-16.525607,5.527548,19.842979,0.148896
191|3.801927,-21.820341,-16.946582|3.799098,-21.818749,-16.846594,5.837401,21.107062,0.127170|3.798753,-21.835894,-16.847799,5.823672,21.054820,0.148713
192|3.821938,-21.321908,-17.254370|3.819142,-21.319954,-17.154389,6.136787,22.350749,0.126889|3.818780,-21.337235,-17.155552,6.123133,22.298074,0.148521
193|3.841948,-20.818407,-17.547741|3.839188,-20.816100,-17.447768,6.439150,23.625357,0.126604|3.838808,-20.833507,-17.448888,6.425579,23.572246,0.148320
194|3.861958,-20.310414,-17.826739|3.859236,-20.307762,-17.726774,6.744144,24.930383,0.126315|3.858838,-20.325288,-17.727851,6.730663,24.876831,0.148108
195|3.881968,-19.798492,-18.091428|3.879285,-19.795506,-17.991472,7.051432,26.265312,0.126023|3.878870,-19.813142,-17.992506,7.038049,26.211311,0.147887
196|3.901978,-19.283192,-18.341892|3.899336,-19.279879,-18.241947,7.360686,27.629618,0.125727|3.898904,-19.297617,-18.242938,7.347407,27.575157,0.147656
197|3.921988,-18.765048,-18.578235|3.919388,-18.761416,-18.478301,7.671588,29.022763,0.125428|3.918939,-18.779248,-18.479249,7.658418,28.967829,0.147415
198|3.941998,-18.244577,-18.800578|3.939443,-18.240636,-18.700656,7.983828,30.444198,0.125127|3.938976,-18.258554,-18.701560,7.970771,30.388776,0.147163
199|3.962009,-17.722283,-19.009058|3.959499,-17.718041,-18.909148,8.297105,31.893364,0.124824|3.959015,-17.736038,-18.910009,8.284166,31.837437,0.146902
200|3.982019,-17.198651,-19.203827|3.979557,-17.194118,-19.103930,8.611132,33.369691,0.124518|3.979056,-17.212185,-19.104747,8.598313,33.313239,0.146630
201|4.002029,-16.674150,-19.385052|3.999617,-16.669334,-19.285168,8.925628,34.872597,0.124211|3.999099,-16.687464,-19.285942,8.912931,34.815600,0.146348
202|4.022039,-16.149231,-19.552911|4.019678,-16.144141,-19.453041,9.240324,36.401492,0.123903|4.019144,-16.162326,-19.453772,9.227751,36.343926,0.146056
203|4.042049,-15.624329,-19.707596|4.039742,-15.618974,-19.607740,9.554962,37.955773,0.123593|4.039190,-15.637208,-19.608429,9.542514,37.897615,0.145754
204|4.062059,-15.099860,-19.849308|4.059807,-15.094248,-19.749466,9.869294,39.534830,0.123283|4.059239,-15.112524,-19.750113,9.856972,39.476055,0.145441
205|4.082069,-14.576223,-19.978259|4.079874,-14.570364,-19.878431,10.183083,41.138041,0.122972|4.079290,-14.588674,-19.879037,10.170886,41.078622,0.145118
206|4.102080,-14.053799,-20.094667|4.099943,-14.047701,-19.994854,10.496103,42.764775,0.122661|4.099343,-14.066039,-19.995419,10.484029,42.704685,0.144785
207|4.122090,-13.532951,-20.198762|4.120014,-13.526625,-20.098962,10.808136,44.414393,0.122349|4.119397,-13.544984,-20.099488,10.796186,44.353604,0.144442
208|4.142100,-13.014027,-20.290776|4.140086,-13.007480,-20.190990,11.118979,46.086244,0.122038|4.139455,-13.025854,-20.191477,11.107149,46.024728,0.144088
209|4.162110,-12.497355,-20.370949|4.160161,-12.490597,-20.271177,11.428434,47.779670,0.121728|4.159514,-12.508980,-20.271627,11.416723,47.717398,0.143725
210|4.182120,-11.983248,-20.439525|4.180237,-11.976287,-20.339768,11.736318,49.494005,0.121418|4.179575,-11.994673,-20.340180,11.724722,49.430949,0.143351
211|4.202130,-11.472000,-20.496754|4.200315,-11.464846,-20.397011,12.042455,51.228573,0.121109|4.199638,-11.483230,-20.397387,12.030971,51.164704,0.142968
212|4.222140,-10.963892,-20.542888|4.220395,-10.956553,-20.443157,12.346679,52.982689,0.120801|4.219704,-10.974929,-20.443498,12.335305,52.917980,0.142575
213|4.242151,-10.459185,-20.578179|4.240477,-10.451671,-20.478462,12.648835,54.755662,0.120494|4.239772,-10.470034,-20.478769,12.637566,54.690086,0.142172
214|4.262161,-9.958128,-20.602885|4.260560,-9.950448,-20.503180,12.948777,56.546792,0.120189|4.259842,-9.968792,-20.503455,12.937609,56.480322,0.141760
215|4.282171,-9.460953,-20.617263|4.280646,-9.453115,-20.517570,13.246368,58.355372,0.119886|4.279914,-9.471436,-20.517814,13.235296,58.287982,0.141339
216|4.302181,-8.967877,-20.621570|4.300733,-8.959890,-20.521889,13.541478,60.180687,0.119585|4.299988,-8.978184,-20.522102,13.530498,60.112352,0.140908
217|4.322191,-8.479102,-20.616064|4.320822,-8.470976,-20.516394,13.833988,62.022016,0.119285|4.320065,-8.489238,-20.516579,13.823096,61.952712,0.140469
218|4.342201,-7.994818,-20.601002|4.340912,-7.986561,-20.501343,14.123788,63.878629,0.118988|4.340143,-8.004787,-20.501500,14.112977,63.808335,0.140020
219|4.362211,-7.515200,-20.576640|4.361005,-7.506822,-20.476991,14.410773,65.749791,0.118693|4.360224,-7.525008,-20.477122,14.400039,65.678486,0.139563
220|4.382222,-7.040410,-20.543233|4.381099,-7.031920,-20.443594,14.694847,67.634762,0.118401|4.380307,-7.050063,-20.443700,14.684186,67.562427,0.139098
221|4.402232,-6.570599,-20.501032|4.401195,-6.562005,-20.401402,14.975924,69.532793,0.118111|4.400392,-6.580101,-20.401485,14.965329,69.459411,0.138625
222|4.422242,-6.105904,-20.450289|4.421292,-6.097216,-20.350667,15.253921,71.443132,0.117824|4.420479,-6.115262,-20.350728,15.243388,71.368687,0.138144
223|4.442252,-5.646451,-20.391251|4.441391,-5.637678,-20.291637,15.528765,73.365019,0.117541|4.440569,-5.655670,-20.291677,15.518288,73.289498,0.137655
224|4.462262,-5.192356,-20.324162|4.461492,-5.183506,-20.224554,15.800388,75.297691,0.117260|4.460660,-5.201443,-20.224575,15.789962,75.221082,0.137159
225|4.482272,-4.743722,-20.249263|4.481594,-4.734806,-20.149661,16.068729,77.240379,0.116983|4.480754,-4.752684,-20.149665,16.058348,77.162672,0.136656
226|4.502282,-4.300645,-20.166792|4.501698,-4.291670,-20.067195,16.333733,79.192309,0.116709|4.500849,-4.309487,-20.067184,16.323393,79.113497,0.136147
227|4.522293,-3.863208,-20.076983|4.521803,-3.854185,-19.977391,16.595351,81.152703,0.116438|4.520946,-3.871938,-19.977364,16.585046,81.072781,0.135631
228|4.542303,-3.431488,-19.980065|4.541910,-3.422424,-19.880477,16.853539,83.120781,0.116171|4.541046,-3.440113,-19.880438,16.843264,83.039744,0.135109
229|4.562313,-3.005550,-19.876265|4.562018,-2.996456,-19.776680,17.108258,85.095756,0.115908|4.561147,-3.014077,-19.776629,17.098008,85.013603,0.134581
230|4.582323,-2.585454,-19.765804|4.582128,-2.576337,-19.666221,17.359474,87.076839,0.115648|4.581250,-2.593890,-19.666161,17.349245,86.993571,0.134048
231|4.602333,-2.171249,-19.648899|4.602238,-2.162119,-19.549317,17.607159,89.063239,0.115393|4.601355,-2.179601,-19.549249,17.596945,88.978859,0.133510
232|4.622343,-1.762977,-19.525763|4.622351,-1.753844,-19.426181,17.851288,91.054160,0.115141|4.621461,-1.771255,-19.426106,17.841085,90.968672,0.132968
233|4.642353,-1.360676,-19.396603|4.642464,-1.351548,-19.297021,18.091841,93.048805,0.114893|4.641570,-1.368886,-19.296941,18.081643,92.962218,0.132421
234|4.662364,-0.964374,-19.261623|4.662579,-0.955260,-19.162039,18.328800,95.046376,0.114650|4.661680,-0.972524,-19.161956,18.318604,94.958697,0.131870
235|4.682374,-0.574094,-19.121021|4.682694,-0.565003,-19.021435,18.562154,97.046070,0.114411|4.681791,-0.582193,-19.021350,18.551956,96.957311,0.131315
236|4.702384,-0.189852,-18.974991|4.702811,-0.180794,-18.875402,18.791893,99.047085,0.114175|4.701904,-0.197908,-18.875316,18.781688,98.957258,0.130757
237|4.722394,0.188339,-18.823722|4.722929,0.197357,-18.724130,18.623298,98.951382,0.113945|4.722019,0.180318,-18.724044,18.647160,99.042262,0.130196
238|4.742404,0.560474,-18.667398|4.743048,0.569442,-18.567801,18.101622,96.950137,0.113718|4.742135,0.552479,-18.567718,18.125317,97.042053,0.129633
239|4.762414,0.926552,-18.506199|4.763167,0.935461,-18.406596,17.588455,94.949984,0.113496|4.762252,0.918575,-18.406517,17.611979,95.042918,0.129068
240|4.782424,1.286576,-18.340298|4.783288,1.295417,-18.240690,17.083793,92.951729,0.113279|4.782371,1.278607,-18.240616,17.107142,93.045660,0.128501
241|4.802435,1.640554,-18.169866|4.803409,1.649317,-18.070251,16.587626,90.956176,0.113066|4.802491,1.632585,-18.070184,16.610797,91.051084,0.127932
242|4.822445,1.988496,-17.995068|4.823531,1.997174,-17.895445,16.099939,88.964130,0.112857|4.822612,1.980518,-17.895387,16.122927,89.059992,0.127362
243|4.842455,2.330419,-17.816064|4.843654,2.339002,-17.716433,15.620709,86.976395,0.112653|4.842735,2.322423,-17.716384,15.643513,87.073186,0.126792
244|4.862465,2.666341,-17.633010|4.863778,2.674820,-17.533370,15.149913,84.993773,0.112454|4.862858,2.658318,-17.533333,15.172530,85.091466,0.126221
245|4.882475,2.996283,-17.446057|4.883902,3.004650,-17.346408,14.687520,83.017065,0.112259|4.882982,2.988224,-17.346383,14.709948,83.115634,0.125650
246|4.902485,3.320271,-17.255352|4.904026,3.328516,-17.155693,14.233495,81.047068,0.112068|4.903108,3.312166,-17.155681,14.255732,81.146485,0.125080
247|4.922495,3.638331,-17.061037|4.924151,3.646446,-16.961367,13.787801,79.084581,0.111883|4.923234,3.630172,-16.961370,13.809846,79.184815,0.124510
248|4.942506,3.950493,-16.863249|4.944276,3.958469,-16.763568,13.350397,77.130397,0.111702|4.943361,3.942270,-16.763588,13.372249,77.231418,0.123941
249|4.962516,4.256789,-16.662123|4.964402,4.264617,-16.562430,12.921238,75.185306,0.111525|4.963488,4.248494,-16.562467,12.942895,75.287083,0.123374
250|4.982526,4.557253,-16.457787|4.984528,4.564925,-16.358082,12.500277,73.250096,0.111353|4.983617,4.548876,-16.358138,12.521739,73.352596,0.122808
251|5.002536,4.851920,-16.250367|5.004654,4.859428,-16.150649,12.087463,71.325551,0.111186|5.003745,4.843452,-16.150726,12.108730,71.428741,0.122244
252|5.022546,5.140829,-16.039983|5.024780,5.148162,-15.940252,11.682746,69.412451,0.111023|5.023875,5.132260,-15.940351,11.703817,69.516297,0.121683
253|5.042556,5.424017,-15.826753|5.044907,5.431168,-15.727009,11.286071,67.511571,0.110865|5.044005,5.415338,-15.727130,11.306946,67.616039,0.121124
254|5.062567,5.701524,-15.610790|5.065033,5.708485,-15.511033,10.897381,65.623683,0.110711|5.064135,5.692727,-15.511178,10.918060,65.728737,0.120567
255|5.082577,5.973392,-15.392203|5.085159,5.980154,-15.292432,10.516619,63.749551,0.110562|5.084265,5.964467,-15.292602,10.537103,63.855156,0.120014
256|5.102587,6.239663,-15.171099|5.105285,6.246218,-15.071314,10.143726,61.889936,0.110417|5.104396,6.230601,-15.071510,10.164016,61.996056,0.119465
257|5.122597,6.500380,-14.947579|5.125411,6.506719,-14.847780,9.778641,60.045593,0.110277|5.124526,6.491172,-14.848003,9.798737,60.152191,0.118919
258|5.142607,6.755586,-14.721741|5.145536,6.761702,-14.621928,9.421304,58.217270,0.110141|5.144657,6.746223,-14.622180,9.441207,58.324310,0.118377
259|5.162617,7.005327,-14.493681|5.165661,7.011210,-14.393854,9.071653,56.405709,0.110009|5.164788,6.995800,-14.394136,9.091363,56.513154,0.117839
260|5.182627,7.249645,-14.263491|5.185786,7.255288,-14.163651,8.729623,54.611646,0.109881|5.184919,7.239946,-14.163963,8.749143,54.719459,0.117305
261|5.202638,7.488588,-14.031260|5.205910,7.493982,-13.931405,8.395153,52.835809,0.109758|5.205049,7.478707,-13.931749,8.414483,52.943953,0.116776
262|5.222648,7.722199,-13.797072|5.226034,7.727337,-13.697204,8.068178,51.078919,0.109639|5.225180,7.712128,-13.697580,8.087319,51.187357,0.116252
263|5.242658,7.950524,-13.561010|5.246157,7.955398,-13.461128,7.748635,49.341689,0.109524|5.245310,7.940254,-13.461538,7.767589,49.450385,0.115733
264|5.262668,8.173609,-13.323153|5.266280,8.178211,-13.223259,7.436459,47.624824,0.109413|5.265440,8.163133,-13.223703,7.455227,47.733741,0.115219
265|5.282678,8.391500,-13.083578|5.286402,8.395822,-12.983672,7.131587,45.929022,0.109307|5.285569,8.380808,-12.984151,7.150171,46.038123,0.114711
266|5.302688,8.604241,-12.842359|5.306523,8.608276,-12.742440,6.833954,44.254971,0.109204|5.305698,8.593325,-12.742957,6.852356,44.364219,0.114208
267|5.322698,8.811878,-12.599566|5.326643,8.815618,-12.499636,6.543497,42.603349,0.109104|5.325826,8.800731,-12.500190,6.561718,42.712710,0.113711
268|5.342709,9.014457,-12.355268|5.346762,9.017893,-12.255328,6.260153,40.974828,0.109009|5.345954,9.003069,-12.255919,6.278195,41.084265,0.113220
269|5.362719,9.212020,-12.109531|5.366881,9.215147,-12.009580,5.983859,39.370068,0.108917|5.366081,9.200385,-12.010211,6.001723,39.479546,0.112735
270|5.382729,9.404614,-11.862418|5.386998,9.407422,-11.762458,5.714552,37.789719,0.108829|5.386208,9.392722,-11.763128,5.732241,37.899205,0.112257
271|5.402739,9.592281,-11.613990|5.407114,9.594765,-11.514021,5.452170,36.234423,0.108745|5.406333,9.580126,-11.514731,5.469686,36.343881,0.111785
272|5.422749,9.775065,-11.364305|5.427229,9.777217,-11.264329,5.196653,34.704809,0.108664|5.426458,9.762639,-11.265080,5.213997,34.814207,0.111319
273|5.442759,9.953008,-11.113421|5.447343,9.954821,-11.013437,4.947940,33.201498,0.108586|5.446582,9.940305,-11.014231,4.965115,33.310802,0.110860
274|5.462769,10.126154,-10.861391|5.467456,10.127621,-10.761402,4.705972,31.725097,0.108512|5.466704,10.113165,-10.762238,4.722979,31.834276,0.110408
275|5.482780,10.294542,-10.608267|5.487568,10.295657,-10.508273,4.470689,30.276205,0.108441|5.486826,10.281261,-10.509153,4.487531,30.385227,0.109962
276|5.502790,10.458216,-10.354100|5.507678,10.458971,-10.254103,4.242035,28.855409,0.108373|5.506947,10.444634,-10.255027,4.258713,28.964242,0.109524
277|5.522800,10.617213,-10.098939|5.527786,10.617602,-9.998939,4.019953,27.463281,0.108308|5.527066,10.603326,-9.999908,4.036469,27.571897,0.109092
278|5.542810,10.771574,-9.842828|5.547893,10.771591,-9.742828,3.804386,26.100386,0.108246|5.547185,10.757374,-9.743842,3.820743,26.208755,0.108668
279|5.562820,10.921338,-9.585814|5.567999,10.920976,-9.485815,3.595281,24.767272,0.108187|5.567302,10.906819,-9.486874,3.611480,24.875367,0.108251
280|5.582830,11.066543,-9.327939|5.588103,11.065796,-9.227942,3.392583,23.464479,0.108131|5.587417,11.051697,-9.229047,3.408627,23.572272,0.107842
281|5.602840,11.207224,-9.069244|5.608206,11.206086,-8.969251,3.196241,22.192532,0.108078|5.607532,11.192047,-8.970403,3.212131,22.299996,0.107440
282|5.622851,11.343419,-8.809770|5.628307,11.341884,-8.709782,3.006203,20.951943,0.108027|5.627645,11.327904,-8.710981,3.021942,21.059053,0.107045
283|5.642861,11.475163,-8.549553|5.648406,11.473224,-8.449572,2.822419,19.743212,0.107978|5.647756,11.459304,-8.450819,2.838009,19.849944,0.106658
284|5.662871,11.602490,-8.288632|5.668504,11.600142,-8.188659,2.644841,18.566826,0.107932|5.667866,11.586281,-8.189954,2.660283,18.673155,0.106278
285|5.682881,11.725434,-8.027040|5.688600,11.722671,-7.927079,2.473422,17.423256,0.107889|5.687974,11.708870,-7.928422,2.488718,17.529161,0.105906
286|5.702891,11.844026,-7.764813|5.708693,11.840844,-7.664864,2.308114,16.312962,0.107847|5.708081,11.827102,-7.666256,2.323267,16.418422,0.105542
287|5.722901,11.958299,-7.501983|5.728786,11.954691,-7.402048,2.148874,15.236390,0.107808|5.728186,11.941010,-7.403489,2.163886,15.341383,0.105185
288|5.742911,12.068283,-7.238580|5.748876,12.064245,-7.138662,1.995659,14.193971,0.107771|5.748289,12.050623,-7.140152,2.010531,14.298478,0.104837
289|5.762922,12.174008,-6.974637|5.768964,12.169534,-6.874737,1.848425,13.186121,0.107736|5.768391,12.155973,-6.876276,1.863160,13.290125,0.104495
290|5.782932,12.275502,-6.710180|5.789051,12.270588,-6.610301,1.707133,12.213245,0.107703|5.788490,12.257087,-6.611891,1.721733,12.316728,0.104162
291|5.802942,12.372793,-6.445240|5.809135,12.367433,-6.345383,1.571744,11.275731,0.107671|5.808588,12.353994,-6.347023,1.586211,11.378675,0.103837
292|5.822952,12.465908,-6.179841|5.829217,12.460097,-6.080010,1.442220,10.373951,0.107642|5.828684,12.446719,-6.081700,1.456555,10.476343,0.103519
293|5.842962,12.554871,-5.914012|5.849297,12.548606,-5.814208,1.318524,9.508266,0.107614|5.848778,12.535290,-5.815948,1.332729,9.610090,0.103209
294|5.862972,12.639707,-5.647776|5.869376,12.632984,-5.548003,1.200621,8.679019,0.107588|5.868870,12.619729,-5.549792,1.214699,8.780262,0.102908
295|5.882982,12.720441,-5.381158|5.889452,12.713254,-5.281417,1.088479,7.886539,0.107563|5.888960,12.700062,-5.283257,1.102431,7.987189,0.102614
296|5.902993,12.797093,-5.114182|5.909526,12.789439,-5.014475,0.982065,7.131140,0.107540|5.909048,12.776310,-5.016365,0.995894,7.231186,0.102328
297|5.923003,12.869686,-4.846870|5.929597,12.861561,-4.747200,0.881349,6.413121,0.107518|5.929134,12.848496,-4.749140,0.895056,6.512553,0.102049
298|5.943013,12.938239,-4.579243|5.949667,12.929640,-4.479613,0.786303,5.732764,0.107497|5.949218,12.916639,-4.481604,0.799889,5.831572,0.101779
299|5.963023,13.002773,-4.311324|5.969734,12.993695,-4.211736,0.696897,5.090338,0.107478|5.969300,12.980758,-4.213777,0.710366,5.188514,0.101517
300|5.983033,13.063304,-4.043132|5.989799,13.053744,-3.943590,0.613108,4.486095,0.107459|5.989379,13.040873,-3.945680,0.626460,4.583631,0.101262
301|6.003043,13.119850,-3.774687|6.009862,13.109805,-3.675193,0.534910,3.920271,0.107442|6.009456,13.096999,-3.677333,0.548147,4.017161,0.101015
302|6.023053,13.172428,-3.506010|6.029923,13.161894,-3.406566,0.462280,3.393087,0.107426|6.029531,13.149155,-3.408755,0.475405,3.489324,0.100776
303|6.043064,13.221050,-3.237118|6.049981,13.210026,-3.137727,0.395197,2.904747,0.107411|6.049604,13.197353,-3.139966,0.408211,3.000327,0.100546
304|6.063074,13.265733,-2.968030|6.070037,13.254215,-2.868695,0.333642,2.455441,0.107397|6.069675,13.241609,-2.870983,0.346547,2.550359,0.100322
305|6.083084,13.306487,-2.698764|6.090090,13.294473,-2.599488,0.277595,2.045343,0.107384|6.089743,13.281935,-2.601825,0.290393,2.139595,0.100107
306|6.103094,13.343325,-2.429337|6.110141,13.330812,-2.330123,0.227041,1.674608,0.107371|6.109809,13.318343,-2.332508,0.239733,1.768191,0.099899
307|6.123104,13.376258,-2.159767|6.130190,13.363243,-2.060618,0.181963,1.343378,0.107359|6.129872,13.350843,-2.063051,0.194551,1.436291,0.099700
308|6.143114,13.405294,-1.890070|6.150236,13.391775,-1.790988,0.142349,1.051778,0.107349|6.149933,13.379445,-1.793469,0.154835,1.144019,0.099508
309|6.163124,13.430441,-1.620263|6.170280,13.416418,-1.521251,0.108186,0.799917,0.107338|6.169992,13.404158,-1.523779,0.120571,0.891485,0.099323
310|6.183135,13.451708,-1.350362|6.190322,13.437177,-1.251423,0.079463,0.587888,0.107329|6.190048,13.424989,-1.253998,0.091749,0.678782,0.099147
311|6.203145,13.469100,-1.080383|6.210361,13.454060,-0.981520,0.056171,0.415768,0.107320|6.210102,13.441944,-0.984141,0.068361,0.505988,0.098978
312|6.223155,13.482622,-0.810341|6.230398,13.467071,-0.711558,0.038304,0.283617,0.107312|6.230153,13.455028,-0.714224,0.050397,0.373163,0.098817
313|6.243165,13.492277,-0.540253|6.250432,13.476215,-0.441552,0.025854,0.191479,0.107304|6.250202,13.464245,-0.444263,0.037853,0.280352,0.098663
314|6.263175,13.498069,-0.270134|6.270464,13.481495,-0.171517,0.018817,0.139383,0.107297|6.270248,13.469598,-0.174273,0.030725,0.227585,0.098517
