OneBody1_E-0.15_ecc0.4_RK4.txt
initial value : [x, y, v_x, v_y] = [18.00,0.00,0.00,0.84] , numerical interval dt = 0.02000 , [M, m] = [ 9, 1]

num|given_position|geodesic|newtonian
num| degree1, x1, y1 | degree2, x2, y2, simple error, relative error, d(rho) | degree2, x2, y2, simple error, relative error, dt
  1|0.000000,18.000000,0.000000|0.005556,17.999802,0.100000,0.000278,0.001543,0.119523|0.005556,17.999802,0.100000,0.000278,0.001543,0.119523
  2|0.020010,17.997426,0.360179|0.025564,17.996831,0.460177,0.004850,0.026941,0.119524|0.025564,17.996831,0.460177,0.004850,0.026941,0.119527
  3|0.040020,17.989703,0.720338|0.045571,17.988711,0.820333,0.016630,0.092360,0.119528|0.045571,17.988711,0.820333,0.016630,0.092360,0.119539
  4|0.060030,17.976829,1.080455|0.065576,17.975441,1.180445,0.035620,0.197767,0.119534|0.065576,17.975441,1.180445,0.035620,0.197766,0.119558
  5|0.080041,17.958800,1.440510|0.085578,17.957016,1.540494,0.061825,0.343112,0.119542|0.085578,17.957016,1.540494,0.061825,0.343110,0.119585
  6|0.100051,17.935611,1.800483|0.105579,17.933431,1.900459,0.095251,0.528332,0.119552|0.105579,17.933432,1.900459,0.095251,0.528328,0.119620
  7|0.120061,17.907255,2.160351|0.125577,17.904681,2.260318,0.135908,0.753344,0.119565|0.125577,17.904682,2.260318,0.135907,0.753339,0.119662
  8|0.140071,17.873725,2.520094|0.145574,17.870757,2.620050,0.183805,1.018053,0.119580|0.145574,17.870758,2.620050,0.183804,1.018045,0.119712
  9|0.160081,17.835010,2.879689|0.165568,17.831649,2.979633,0.238956,1.322345,0.119597|0.165568,17.831651,2.979633,0.238954,1.322334,0.119769
 10|0.180091,17.791101,3.239116|0.185561,17.787348,3.339046,0.301375,1.666093,0.119617|0.185561,17.787350,3.339046,0.301372,1.666079,0.119834
 11|0.200101,17.741983,3.598352|0.205551,17.737840,3.698266,0.371080,2.049154,0.119639|0.205551,17.737843,3.698266,0.371076,2.049134,0.119906
 12|0.220112,17.687644,3.957373|0.225540,17.683111,4.057270,0.448088,2.471367,0.119664|0.225539,17.683116,4.057271,0.448084,2.471341,0.119986
 13|0.240122,17.628067,4.316157|0.245526,17.623147,4.416036,0.532422,2.932557,0.119690|0.245526,17.623153,4.416036,0.532417,2.932525,0.120073
 14|0.260132,17.563237,4.674679|0.265510,17.557930,4.774539,0.624105,3.432535,0.119720|0.265510,17.557937,4.774539,0.624097,3.432495,0.120168
 15|0.280142,17.493134,5.032916|0.285493,17.487443,5.132754,0.723160,3.971095,0.119751|0.285493,17.487452,5.132755,0.723151,3.971046,0.120270
 16|0.300152,17.417739,5.390842|0.305473,17.411665,5.490657,0.829616,4.548016,0.119786|0.305473,17.411676,5.490658,0.829606,4.547957,0.120379
 17|0.320162,17.337030,5.748431|0.325452,17.330576,5.848223,0.943502,5.163062,0.119822|0.325452,17.330589,5.848224,0.943489,5.162991,0.120496
 18|0.340172,17.250986,6.105657|0.345429,17.244153,6.205424,1.064848,5.815983,0.119862|0.345428,17.244168,6.205425,1.064833,5.815899,0.120620
 19|0.360183,17.159581,6.462493|0.365403,17.152372,6.562233,1.193689,6.506512,0.119903|0.365403,17.152390,6.562234,1.193671,6.506413,0.120751
 20|0.380193,17.062791,6.818909|0.385376,17.055208,6.918621,1.330058,7.234369,0.119948|0.385376,17.055228,6.918623,1.330037,7.234254,0.120890
 21|0.400203,16.960587,7.174878|0.405348,16.952633,7.274561,1.473994,7.999259,0.119995|0.405347,16.952657,7.274563,1.473969,7.999126,0.121035
 22|0.420213,16.852943,7.530368|0.425317,16.844620,7.630021,1.625535,8.800872,0.120044|0.425316,16.844647,7.630024,1.625506,8.800720,0.121188
 23|0.440223,16.739828,7.885349|0.445284,16.731139,7.984971,1.784722,9.638883,0.120096|0.445284,16.731170,7.984974,1.784690,9.638711,0.121348
 24|0.460233,16.621210,8.239789|0.465250,16.612158,8.339378,1.951600,10.512956,0.120151|0.465249,16.612193,8.339381,1.951563,10.512760,0.121515
 25|0.480243,16.497058,8.593653|0.485214,16.487645,8.693209,2.126212,11.422737,0.120209|0.485213,16.487685,8.693213,2.126171,11.422516,0.121689
 26|0.500254,16.367336,8.946907|0.505176,16.357567,9.046429,2.308606,12.367860,0.120270|0.505175,16.357611,9.046433,2.308559,12.367612,0.121870
 27|0.520264,16.232011,9.299515|0.525137,16.221887,9.399002,2.498831,13.347944,0.120333|0.525135,16.221937,9.399007,2.498779,13.347667,0.122057
 28|0.540274,16.091044,9.651441|0.545095,16.080570,9.750891,2.696938,14.362596,0.120399|0.545094,16.080625,9.750896,2.696879,14.362288,0.122252
 29|0.560284,15.944399,10.002644|0.565053,15.933577,10.102056,2.902979,15.411409,0.120468|0.565051,15.933638,10.102063,2.902914,15.411067,0.122453
 30|0.580294,15.792035,10.353084|0.585008,15.780869,10.452459,3.117009,16.493962,0.120540|0.585007,15.780937,10.452466,3.116937,16.493585,0.122661
 31|0.600304,15.633911,10.702720|0.604962,15.622406,10.802056,3.339085,17.609822,0.120615|0.604960,15.622480,10.802065,3.339005,17.609406,0.122875
 32|0.620314,15.469987,11.051509|0.624915,15.458145,11.150805,3.569264,18.758541,0.120693|0.624913,15.458226,11.150815,3.569176,18.758085,0.123096
 33|0.640325,15.300218,11.399404|0.644866,15.288043,11.498660,3.807608,19.939660,0.120774|0.644863,15.288132,11.498671,3.807511,19.939161,0.123323
 34|0.660335,15.124559,11.746360|0.664815,15.112056,11.845575,4.054177,21.152707,0.120858|0.664812,15.112153,11.845587,4.054071,21.152164,0.123556
 35|0.680345,14.942966,12.092326|0.684763,14.930138,12.191500,4.309036,22.397198,0.120945|0.684760,14.930243,12.191513,4.308920,22.396607,0.123796
 36|0.700355,14.755390,12.437252|0.704710,14.742242,12.536384,4.572249,23.672637,0.121036|0.704707,14.742356,12.536399,4.572123,23.671996,0.124042
 37|0.720365,14.561785,12.781085|0.724655,14.548320,12.880175,4.843884,24.978513,0.121129|0.724651,14.548444,12.880192,4.843746,24.977820,0.124294
 38|0.740375,14.362099,13.123771|0.744599,14.348323,13.222817,5.124009,26.314308,0.121226|0.744595,14.348457,13.222836,5.123860,26.313560,0.124552
 39|0.760385,14.156284,13.465251|0.764542,14.142200,13.564255,5.412695,27.679488,0.121326|0.764537,14.142344,13.564275,5.412532,27.678683,0.124815
 40|0.780396,13.944287,13.805467|0.784483,13.929900,13.904427,5.710012,29.073511,0.121429|0.784478,13.930055,13.904449,5.709836,29.072647,0.125085
 41|0.800406,13.726057,14.144356|0.804423,13.711371,14.243272,6.016034,30.495821,0.121536|0.804418,13.711538,14.243297,6.015844,30.494895,0.125360
 42|0.820416,13.501538,14.481854|0.824362,13.486559,14.580726,6.330836,31.945853,0.121646|0.824356,13.486737,14.580753,6.330631,31.944863,0.125640
 43|0.840426,13.270678,14.817895|0.844300,13.255409,14.916722,6.654492,33.423030,0.121760|0.844294,13.255600,14.916751,6.654272,33.421974,0.125926
 44|0.860436,13.033419,15.152407|0.864237,13.017867,15.251190,6.987082,34.926766,0.121877|0.864230,13.018071,15.251222,6.986845,34.925641,0.126217
 45|0.880446,12.789708,15.485320|0.884173,12.773876,15.584059,7.328681,36.456462,0.121998|0.884165,12.774093,15.584093,7.328428,36.455267,0.126514
 46|0.900456,12.539485,15.816558|0.904107,12.523379,15.915252,7.679371,38.011513,0.122122|0.904099,12.523610,15.915290,7.679100,38.010245,0.126815
 47|0.920467,12.282694,16.146042|0.924041,12.266319,16.244692,8.039231,39.591299,0.122250|0.924033,12.266564,16.244732,8.038941,39.589957,0.127121
 48|0.940477,12.019275,16.473691|0.943974,12.002636,16.572297,8.408342,41.195195,0.122381|0.943965,12.002897,16.572341,8.408033,41.193777,0.127432
 49|0.960487,11.749171,16.799422|0.963906,11.732273,16.897984,8.786788,42.822563,0.122516|0.963896,11.732550,16.898031,8.786458,42.821068,0.127747
 50|0.980497,11.472321,17.123145|0.983837,11.455170,17.221663,9.174650,44.472759,0.122654|0.983827,11.455462,17.221714,9.174300,44.471185,0.128067
 51|1.000507,11.188666,17.444771|1.003768,11.171267,17.543246,9.572013,46.145128,0.122797|1.003756,11.171576,17.543300,9.571640,46.143473,0.128391
 52|1.020517,10.898146,17.764204|1.023697,10.880503,17.862635,9.978960,47.839007,0.122943|1.023685,10.880829,17.862693,9.978565,47.837271,0.128720
 53|1.040528,10.600699,18.081346|1.043626,10.582819,18.179735,10.395576,49.553724,0.123092|1.043614,10.583162,18.179796,10.395157,49.551905,0.129052
 54|1.060538,10.296265,18.396095|1.063555,10.278154,18.494442,10.821945,51.288600,0.123246|1.063541,10.278514,18.494507,10.821501,51.286698,0.129388
 55|1.080548,9.984783,18.708346|1.083483,9.966446,18.806650,11.258152,53.042946,0.123403|1.083468,9.966825,18.806720,11.257683,53.040961,0.129727
 56|1.100558,9.666194,19.017988|1.103410,9.647636,19.116251,11.704282,54.816068,0.123564|1.103395,9.648034,19.116326,11.703787,54.813999,0.130070
 57|1.120568,9.340436,19.324908|1.123337,9.321663,19.423130,12.160418,56.607263,0.123729|1.123321,9.322080,19.423209,12.159896,56.605110,0.130417
 58|1.140578,9.007449,19.628988|1.143263,8.988467,19.727170,12.626645,58.415821,0.123898|1.143246,8.988903,19.727253,12.626096,58.413585,0.130766
 59|1.160588,8.667173,19.930105|1.163189,8.647989,20.028247,13.103046,60.241025,0.124070|1.163171,8.648445,20.028335,13.102469,60.238705,0.131119
 60|1.180599,8.319551,20.228132|1.183115,8.300169,20.326235,13.589704,62.082152,0.124247|1.183096,8.300645,20.326328,13.589097,62.079750,0.131474
 61|1.200609,7.964523,20.522938|1.203040,7.944949,20.621003,14.086699,63.938471,0.124427|1.203021,7.945446,20.621101,14.086063,63.935988,0.131831
 62|1.220619,7.602032,20.814387|1.222965,7.582273,20.912415,14.594112,65.809248,0.124611|1.222945,7.582790,20.912518,14.593445,65.806684,0.132191
 63|1.240629,7.232022,21.102337|1.242890,7.212083,21.200329,15.112021,67.693740,0.124799|1.242869,7.212622,21.200437,15.111324,67.691097,0.132554
 64|1.260639,6.854438,21.386644|1.262815,6.834326,21.484600,15.640503,69.591200,0.124991|1.262793,6.834886,21.484714,15.639774,69.588480,0.132918
 65|1.280649,6.469227,21.667155|1.282739,6.448948,21.765077,16.179633,71.500875,0.125187|1.282716,6.449529,21.765196,16.178872,71.498080,0.133284
 66|1.300659,6.076337,21.943716|1.302664,6.055896,22.041604,16.729483,73.422008,0.125386|1.302640,6.056499,22.041728,16.728690,73.419141,0.133651
 67|1.320670,5.675719,22.216164|1.322589,5.655122,22.314020,17.290122,75.353837,0.125590|1.322564,5.655747,22.314149,17.289296,75.350900,0.134020
 68|1.340680,5.267324,22.484332|1.342513,5.246579,22.582157,17.861618,77.295594,0.125797|1.342488,5.247224,22.582291,17.860759,77.292590,0.134390
 69|1.360690,4.851108,22.748049|1.362438,4.830220,22.845843,18.444033,79.246510,0.126008|1.362411,4.830887,22.845983,18.443141,79.243442,0.134761
 70|1.380700,4.427028,23.007136|1.382363,4.406003,23.104901,19.037427,81.205809,0.126223|1.382335,4.406692,23.105046,19.036502,81.202681,0.135133
 71|1.400710,3.995045,23.261410|1.402288,3.973889,23.359146,19.641856,83.172713,0.126441|1.402260,3.974599,23.359297,19.640897,83.169529,0.135505
 72|1.420720,3.555121,23.510680|1.422214,3.533842,23.608390,20.257370,85.146440,0.126664|1.422184,3.534573,23.608546,20.256378,85.143203,0.135878
 73|1.440730,3.107226,23.754752|1.442139,3.085828,23.852436,20.884016,87.126206,0.126890|1.442109,3.086581,23.852598,20.882991,87.122921,0.136251
 74|1.460741,2.651329,23.993424|1.462065,2.629820,24.091084,21.521835,89.111224,0.127120|1.462034,2.630593,24.091251,21.520778,89.107895,0.136624
 75|1.480751,2.187405,24.226488|1.481992,2.165791,24.324124,22.170862,91.100703,0.127354|1.481960,2.166584,24.324297,22.169772,91.097335,0.136996
 76|1.500761,1.715435,24.453731|1.501919,1.693722,24.551345,22.831125,93.093853,0.127591|1.501886,1.694535,24.551522,22.830003,93.090451,0.137368
 77|1.520771,1.235403,24.674932|1.521846,1.213598,24.772525,23.502646,95.089878,0.127832|1.521813,1.214430,24.772707,23.501493,95.086447,0.137739
 78|1.540781,0.747299,24.889864|1.541774,0.725408,24.987439,24.185441,97.087985,0.128076|1.541740,0.726259,24.987626,24.184257,97.084530,0.138110
 79|1.560791,0.251119,25.098296|1.561702,0.229147,25.195853,24.879515,99.087377,0.128324|1.561668,0.230017,25.196044,24.878301,99.083903,0.138479
 80|1.580801,-0.253137,25.299988|1.581631,-0.275181,25.397528,25.034504,98.912744,0.128576|1.581596,-0.274295,25.397724,25.035035,98.916231,0.138847
 81|1.600812,-0.765459,25.494695|1.601560,-0.787570,25.592220,24.726346,96.913175,0.128831|1.601525,-0.786667,25.592420,24.726882,96.916669,0.139213
 82|1.620822,-1.285832,25.682164|1.621491,-1.308004,25.779675,24.413343,94.914714,0.129089|1.621455,-1.307086,25.779879,24.413885,94.918210,0.139578
 83|1.640832,-1.814235,25.862138|1.641422,-1.836461,25.959636,24.095511,92.918160,0.129351|1.641385,-1.835528,25.959844,24.096058,92.921652,0.139941
 84|1.660842,-2.350637,26.034351|1.661353,-2.372910,26.131839,23.772869,90.924311,0.129616|1.661317,-2.371963,26.132050,23.773420,90.927793,0.140301
 85|1.680852,-2.894998,26.198533|1.681286,-2.917312,26.296011,23.445441,88.933963,0.129884|1.681249,-2.916354,26.296226,23.445995,88.937429,0.140660
 86|1.700862,-3.447272,26.354406|1.701219,-3.469620,26.451877,23.113256,86.947912,0.130156|1.701182,-3.468651,26.452094,23.113813,86.951357,0.141015
 87|1.720872,-4.007401,26.501687|1.721153,-4.029777,26.599151,22.776349,84.966954,0.130430|1.721116,-4.028798,26.599371,22.776908,84.970371,0.141369
 88|1.740883,-4.575317,26.640087|1.741088,-4.597716,26.737546,22.434762,82.991882,0.130708|1.741051,-4.596728,26.737768,22.435323,82.995266,0.141719
 89|1.760893,-5.150945,26.769310|1.761024,-5.173358,26.866766,22.088542,81.023488,0.130988|1.760987,-5.172364,26.866989,22.089105,81.026833,0.142067
 90|1.780903,-5.734193,26.889056|1.780961,-5.756615,26.986510,21.737744,79.062560,0.131272|1.780924,-5.755617,26.986734,21.738307,79.065860,0.142411
 91|1.800913,-6.324963,26.999017|1.800899,-6.347387,27.096471,21.382430,77.109886,0.131558|1.800862,-6.346385,27.096696,21.382993,77.113135,0.142752
 92|1.820923,-6.923141,27.098882|1.820838,-6.945560,27.196337,21.022667,75.166249,0.131847|1.820801,-6.944558,27.196562,21.023229,75.169442,0.143089
 93|1.840933,-7.528602,27.188335|1.840777,-7.551009,27.285792,20.658534,73.232429,0.132138|1.840741,-7.550008,27.286017,20.659094,73.235561,0.143423
 94|1.860943,-8.141205,27.267052|1.860718,-8.163595,27.364514,20.290114,71.309205,0.132432|1.860683,-8.162597,27.364738,20.290672,71.312269,0.143753
 95|1.880954,-8.760799,27.334710|1.880660,-8.783165,27.432177,19.917502,69.397349,0.132728|1.880625,-8.782172,27.432399,19.918057,69.400341,0.144079
 96|1.900964,-9.387214,27.390977|1.900603,-9.409549,27.488451,19.540799,67.497631,0.133027|1.900569,-9.408564,27.488671,19.541350,67.500545,0.144401
 97|1.920974,-10.020266,27.435520|1.920547,-10.042564,27.533002,19.160119,65.610816,0.133328|1.920514,-10.041590,27.533220,19.160663,65.613647,0.144719
 98|1.940984,-10.659757,27.468002|1.940493,-10.682011,27.565495,18.775581,63.737663,0.133632|1.940460,-10.681050,27.565709,18.776119,63.740406,0.145033
 99|1.960994,-11.305469,27.488085|1.960439,-11.327673,27.585589,18.387317,61.878927,0.133937|1.960407,-11.326727,27.585799,18.387848,61.881578,0.145342
100|1.981004,-11.957169,27.495426|1.980387,-11.979316,27.592943,17.995470,60.035359,0.134244|1.980356,-11.978388,27.593149,17.995992,60.037912,0.145647
101|2.001014,-12.614604,27.489684|2.000335,-12.636687,27.587215,17.600193,58.207701,0.134553|2.000305,-12.635781,27.587415,17.600705,58.210152,0.145947
102|2.021025,-13.277505,27.470513|2.020285,-13.299518,27.568060,17.201649,56.396693,0.134863|2.020257,-13.298636,27.568255,17.202149,56.399036,0.146242
103|2.041035,-13.945581,27.437572|2.040236,-13.967517,27.535136,16.800015,54.603064,0.135176|2.040209,-13.966663,27.535324,16.800501,54.605295,0.146533
104|2.061045,-14.618522,27.390517|2.060189,-14.640375,27.488100,16.395477,52.827539,0.135489|2.060163,-14.639553,27.488280,16.395948,52.829655,0.146818
105|2.081055,-15.296000,27.329006|2.080142,-15.317763,27.426609,15.988236,51.070838,0.135804|2.080118,-15.316976,27.426781,15.988690,51.072832,0.147099
106|2.101065,-15.977664,27.252700|2.100097,-15.999330,27.350325,15.578504,49.333669,0.136121|2.100074,-15.998580,27.350488,15.578939,49.335537,0.147375
107|2.121075,-16.663140,27.161265|2.120053,-16.684703,27.258912,15.166506,47.616736,0.136438|2.120031,-16.683996,27.259066,15.166920,47.618473,0.147646
108|2.141085,-17.352036,27.054367|2.140010,-17.373489,27.152039,14.752481,45.920734,0.136756|2.139990,-17.372827,27.152182,14.752871,45.922336,0.147911
109|2.161096,-18.043935,26.931682|2.159968,-18.065271,27.029380,14.336680,44.246349,0.137075|2.159950,-18.064659,27.029511,14.337044,44.247810,0.148172
110|2.181106,-18.738398,26.792890|2.179928,-18.759611,26.890614,13.919370,42.594259,0.137394|2.179912,-18.759053,26.890734,13.919705,42.595575,0.148427
111|2.201116,-19.434964,26.637678|2.199888,-19.456046,26.735431,13.500828,40.965135,0.137714|2.199874,-19.455547,26.735537,13.501131,40.966299,0.148677
112|2.221126,-20.133147,26.465744|2.219850,-20.154093,26.563526,13.081348,39.359636,0.138034|2.219838,-20.153655,26.563619,13.081616,39.360642,0.148922
113|2.241136,-20.832439,26.276795|2.239814,-20.853241,26.374607,12.661238,37.778412,0.138354|2.239804,-20.852871,26.374685,12.661468,37.779256,0.149161
114|2.261146,-21.532308,26.070548|2.259778,-21.552961,26.168392,12.240818,36.222106,0.138674|2.259770,-21.552662,26.168455,12.241006,36.222780,0.149396
115|2.281156,-22.232200,25.846736|2.279744,-22.252695,25.944613,11.820424,34.691347,0.138994|2.279738,-22.252472,25.944659,11.820565,34.691845,0.149625
116|2.301167,-22.931535,25.605103|2.299711,-22.951866,25.703014,11.400405,33.186757,0.139314|2.299707,-22.951724,25.703044,11.400496,33.187072,0.149848
117|2.321177,-23.629711,25.345411|2.319678,-23.649872,25.443358,10.981124,31.708947,0.139632|2.319677,-23.649815,25.443369,10.981161,31.709071,0.150067
118|2.341187,-24.326103,25.067438|2.339648,-24.346087,25.165421,10.562958,30.258515,0.139950|2.339648,-24.346121,25.165414,10.562936,30.258440,0.150280
119|2.361197,-25.020064,24.770980|2.359618,-25.039863,24.869001,10.146299,28.836049,0.140267|2.359621,-25.039993,24.868974,10.146212,28.835767,0.150488
120|2.381207,-25.710923,24.455856|2.379589,-25.730532,24.553915,9.731549,27.442127,0.140583|2.379595,-25.730762,24.553868,9.731393,27.441629,0.150690
121|2.401217,-26.397990,24.121903|2.399562,-26.417400,24.220002,9.319126,26.077314,0.140897|2.399570,-26.417737,24.219934,9.318895,26.076590,0.150888
122|2.421227,-27.080551,23.768985|2.419536,-27.099757,23.867124,8.909459,24.742163,0.141209|2.419546,-27.100206,23.867035,8.909147,24.741203,0.151080
123|2.441238,-27.757875,23.396988|2.439511,-27.776869,23.495168,8.502989,23.437216,0.141520|2.439523,-27.777435,23.495057,8.502590,23.436009,0.151267
124|2.461248,-28.429211,23.005827|2.459487,-28.447987,23.104048,8.100168,22.163001,0.141828|2.459501,-28.448675,23.103914,8.099676,22.161536,0.151449
125|2.481258,-29.093789,22.595442|2.479464,-29.112339,22.693707,7.701459,20.920034,0.142134|2.479481,-29.113155,22.693549,7.700867,20.918299,0.151626
126|2.501268,-29.750823,22.165806|2.499442,-29.769141,22.264114,7.307336,19.708819,0.142437|2.499461,-29.770091,22.263932,7.306637,19.706801,0.151798
127|2.521278,-30.399513,21.716921|2.519421,-30.417592,21.815273,6.918279,18.529846,0.142737|2.519442,-30.418681,21.815067,6.917467,18.527532,0.151964
128|2.541288,-31.039044,21.248822|2.539401,-31.056877,21.347219,6.534780,17.383592,0.143033|2.539425,-31.058111,21.346988,6.533846,17.380967,0.152126
129|2.561298,-31.668589,20.761578|2.559382,-31.686170,20.860021,6.157335,16.270520,0.143326|2.559408,-31.687555,20.859763,6.156271,16.267571,0.152283
130|2.581309,-32.287313,20.255294|2.579365,-32.304634,20.353782,5.786446,15.191080,0.143616|2.579392,-32.306177,20.353499,5.785246,15.187791,0.152435
131|2.601319,-32.894371,19.730109|2.599348,-32.911426,19.828644,5.422622,14.145707,0.143901|2.599378,-32.913131,19.828334,5.421276,14.142064,0.152582
132|2.621329,-33.488912,19.186203|2.619332,-33.505694,19.284785,5.066373,13.134824,0.144181|2.619364,-33.507568,19.284448,5.064874,13.130810,0.152724
133|2.641339,-34.070083,18.623792|2.639317,-34.086585,18.722421,4.718212,12.158838,0.144457|2.639351,-34.088633,18.722056,4.716551,12.154435,0.152862
134|2.661349,-34.637027,18.043132|2.659303,-34.653243,18.141808,4.378653,11.218140,0.144727|2.659339,-34.655471,18.141416,4.376821,11.213333,0.152994
135|2.681359,-35.188891,17.444520|2.679290,-35.204815,17.543244,4.048208,10.313110,0.144992|2.679327,-35.207228,17.542824,4.046197,10.307882,0.153123
136|2.701369,-35.724825,16.828293|2.699278,-35.740449,16.927065,3.727386,9.444111,0.145251|2.699317,-35.743055,16.926617,3.725187,9.438443,0.153246
137|2.721380,-36.243985,16.194830|2.719267,-36.259303,16.293650,3.416695,8.611491,0.145504|2.719307,-36.262106,16.293175,3.414300,8.605365,0.153365
138|2.741390,-36.745536,15.544552|2.739257,-36.760542,15.643420,3.116634,7.815582,0.145750|2.739298,-36.763548,15.642916,3.114033,7.808982,0.153480
139|2.761400,-37.228657,14.877920|2.759248,-37.243345,14.976835,2.827695,7.056704,0.145989|2.759290,-37.246559,14.976304,2.824881,7.049612,0.153590
140|2.781410,-37.692540,14.195438|2.779239,-37.706904,14.294401,2.550362,6.335158,0.146221|2.779282,-37.710332,14.293842,2.547326,6.327556,0.153695
141|2.801420,-38.136397,13.497650|2.799231,-38.150431,13.596660,2.285106,5.651232,0.146446|2.799275,-38.154079,13.596074,2.281840,5.643102,0.153797
142|2.821430,-38.559460,12.785143|2.819224,-38.573158,12.884200,2.032387,5.005197,0.146662|2.819269,-38.577030,12.883587,2.028884,4.996522,0.153894
143|2.841440,-38.960986,12.058541|2.839218,-38.974342,12.157645,1.792650,4.397308,0.146870|2.839263,-38.978444,12.157005,1.788901,4.388072,0.153986
144|2.861451,-39.340257,11.318510|2.859213,-39.353267,11.417661,1.566322,3.827805,0.147069|2.859258,-39.357603,11.416995,1.562320,3.817993,0.154075
145|2.881461,-39.696589,10.565753|2.879209,-39.709246,10.664949,1.353813,3.296913,0.147260|2.879254,-39.713822,10.664257,1.349551,3.286508,0.154159
146|2.901471,-40.029326,9.801009|2.899205,-40.041626,9.900250,1.155513,2.804839,0.147440|2.899250,-40.046446,9.899533,1.150984,2.793826,0.154239
147|2.921481,-40.337851,9.025053|2.919202,-40.349790,9.124338,0.971791,2.351775,0.147611|2.919246,-40.354857,9.123597,0.966989,2.340140,0.154315
148|2.941491,-40.621586,8.238693|2.939200,-40.633158,8.338021,0.802990,1.937896,0.147772|2.939244,-40.638477,8.337256,0.797911,1.925628,0.154387
149|2.961501,-40.879990,7.442768|2.959198,-40.891192,7.542139,0.649431,1.563363,0.147923|2.959241,-40.896767,7.541351,0.644070,1.550449,0.154455
150|2.981511,-41.112569,6.638148|2.979198,-41.123397,6.737560,0.511408,1.228319,0.148063|2.979240,-41.129230,6.736750,0.505760,1.214749,0.154518
151|3.001522,-41.318873,5.825726|2.999198,-41.329323,5.925179,0.389188,0.932890,0.148192|2.999238,-41.335419,5.924348,0.383250,0.918655,0.154578
152|3.021532,-41.498501,5.006424|3.019199,-41.508570,5.105916,0.283008,0.677188,0.148309|3.019238,-41.514931,5.105065,0.276778,0.662280,0.154634
153|3.041542,-41.651100,4.181183|3.039200,-41.660785,4.280713,0.193075,0.461308,0.148416|3.039237,-41.667413,4.279844,0.186552,0.445720,0.154686
154|3.061552,-41.776370,3.350964|3.059203,-41.785667,3.450531,0.119567,0.285328,0.148510|3.059237,-41.792565,3.449644,0.112749,0.269056,0.154733
155|3.081562,-41.874061,2.516742|3.079206,-41.882970,2.616344,0.062629,0.149310,0.148593|3.079238,-41.890139,2.615441,0.055515,0.132350,0.154777
156|3.101572,-41.943981,1.679507|3.099210,-41.952498,1.779144,0.022372,0.053299,0.148664|3.099239,-41.959940,1.778225,0.014965,0.035651,0.154817
157|3.121583,-41.985988,0.840258|3.119214,-41.994113,0.939927,0.001122,0.002673,0.148723|3.119240,-42.001829,0.938995,0.008823,0.021010,0.154853
158|3.141593,-42.000000,0.000000|3.139219,-42.007731,0.099701,0.007809,0.018594,0.148769|3.139242,-42.015722,0.098756,0.015800,0.037618,0.154885
159|3.161603,-41.985988,-0.840258|3.159225,-41.993324,-0.740527,0.002324,0.005534,0.148803|3.159244,-42.001591,-0.741483,0.005952,0.014174,0.154913
160|3.181613,-41.943981,-1.679507|3.179232,-41.950921,-1.579748,0.029257,0.069692,0.148825|3.179247,-41.959463,-1.580713,0.020698,0.049305,0.154937
161|3.201623,-41.874061,-2.516742|3.199239,-41.880606,-2.416956,0.072934,0.173845,0.148835|3.199250,-41.889423,-2.417929,0.064099,0.152786,0.154957
162|3.221633,-41.776370,-3.350964|3.219248,-41.782520,-3.251153,0.133268,0.317942,0.148832|3.219254,-41.791611,-3.252132,0.124163,0.296220,0.154973
163|3.241643,-41.651100,-4.181183|3.239256,-41.656856,-4.081349,0.210138,0.501918,0.148817|3.239258,-41.666220,-4.082333,0.200770,0.479542,0.154985
164|3.261654,-41.498501,-5.006424|3.259266,-41.503863,-4.906568,0.303391,0.725689,0.148790|3.259262,-41.513499,-4.907555,0.293767,0.702670,0.154994
165|3.281664,-41.318873,-5.825726|3.279276,-41.323843,-5.725850,0.412842,0.989158,0.148751|3.279267,-41.333748,-5.726839,0.402971,0.965507,0.154998
166|3.301674,-41.112569,-6.638148|3.299288,-41.117148,-6.538253,0.538275,1.292210,0.148700|3.299273,-41.127321,-6.539242,0.528167,1.267942,0.154998
167|3.321684,-40.879990,-7.442768|3.319299,-40.884181,-7.342856,0.679447,1.634715,0.148637|3.319278,-40.894618,-7.343844,0.669111,1.609844,0.154993
168|3.341694,-40.621586,-8.238693|3.339312,-40.625391,-8.138766,0.836083,2.016529,0.148562|3.339285,-40.636090,-8.139751,0.825530,1.991071,0.154985
169|3.361704,-40.337851,-9.025053|3.359326,-40.341273,-8.925112,1.007882,2.437492,0.148476|3.359292,-40.352231,-8.926093,0.997124,2.411462,0.154973
170|3.381714,-40.029326,-9.801009|3.379340,-40.032367,-9.701056,1.194519,2.897427,0.148379|3.379299,-40.043581,-9.702031,1.183567,2.870843,0.154956
171|3.401725,-39.696589,-10.565753|3.399355,-39.699253,-10.465789,1.395641,3.396143,0.148271|3.399307,-39.710718,-10.466757,1.384507,3.369022,0.154935
172|3.421735,-39.340257,-11.318510|3.419371,-39.342548,-11.218537,1.610876,3.933435,0.148152|3.419315,-39.354260,-11.219496,1.599573,3.905795,0.154909
173|3.441745,-38.960986,-12.058541|3.439387,-38.962907,-11.958560,1.839828,4.509081,0.148023|3.439324,-38.974862,-11.959509,1.828368,4.480939,0.154880
174|3.461755,-38.559460,-12.785143|3.459405,-38.561015,-12.685155,2.082083,5.122845,0.147884|3.459333,-38.573209,-12.686092,2.070479,5.094219,0.154845
175|3.481765,-38.136397,-13.497650|3.479423,-38.137591,-13.397657,2.337208,5.774477,0.147734|3.479343,-38.150018,-13.398582,2.325473,5.745385,0.154807
176|3.501775,-37.692540,-14.195438|3.499443,-37.693377,-14.095441,2.604755,6.463711,0.147576|3.499354,-37.706033,-14.096352,2.592902,6.434169,0.154763
177|3.521785,-37.228657,-14.877920|3.519463,-37.229142,-14.777921,2.884261,7.190267,0.147408|3.519365,-37.242021,-14.778817,2.872303,7.160293,0.154715
178|3.541796,-36.745536,-15.544552|3.539484,-36.745674,-15.444552,3.175251,7.953850,0.147232|3.539377,-36.758771,-15.445432,3.163202,7.923460,0.154663
179|3.561806,-36.243985,-16.194830|3.559506,-36.243781,-16.094831,3.477239,8.754153,0.147047|3.559389,-36.257090,-16.095693,3.465111,8.723362,0.154605
180|3.581816,-35.724825,-16.828293|3.579528,-35.724284,-16.728294,3.789731,9.590853,0.146853|3.579402,-35.737801,-16.729138,3.777538,9.559675,0.154543
181|3.601826,-35.188891,-17.444520|3.599552,-35.188019,-17.344523,4.112225,10.463612,0.146652|3.599416,-35.201736,-17.345348,4.099978,10.432060,0.154476
182|3.621836,-34.637027,-18.043132|3.619577,-34.635829,-17.943139,4.444214,11.372081,0.146443|3.619431,-34.649741,-17.943943,4.431926,11.340167,0.154403
183|3.641846,-34.070083,-18.623792|3.639603,-34.068564,-18.523803,4.785187,12.315894,0.146228|3.639447,-34.082665,-18.524586,4.772870,12.283629,0.154326
184|3.661856,-33.488912,-19.186203|3.659629,-33.487079,-19.086220,5.134630,13.294674,0.146005|3.659463,-33.501363,-19.086981,5.122295,13.262067,0.154243
185|3.681867,-32.894371,-19.730109|3.679657,-32.892229,-19.630132,5.492032,14.308030,0.145776|3.679480,-32.906690,-19.630871,5.479690,14.275089,0.154155
186|3.701877,-32.287313,-20.255294|3.699686,-32.284868,-20.155324,5.856877,15.355557,0.145540|3.699498,-32.299500,-20.156039,5.844539,15.322287,0.154062
187|3.721887,-31.668589,-20.761578|3.719716,-31.665847,-20.661616,6.228658,16.436837,0.145299|3.719517,-31.680644,-20.662308,6.216334,16.403244,0.153963
188|3.741897,-31.039044,-21.248822|3.739746,-31.036011,-21.148868,6.606867,17.551439,0.145052|3.739537,-31.050965,-21.149535,6.594565,17.517526,0.153859
189|3.761907,-30.399513,-21.716921|3.759778,-30.396195,-21.616976,6.991002,18.698921,0.144799|3.759558,-30.411301,-21.617619,6.978733,18.664687,0.153749
190|3.781917,-29.750823,-22.165806|3.779812,-29.747227,-22.065871,7.380570,19.878825,0.144542|3.779580,-29.762479,-22.066488,7.368341,19.844272,0.153634
191|3.801927,-29.093789,-22.595442|3.799846,-29.089921,-22.495517,7.775081,21.090683,0.144280|3.799603,-29.105311,-22.496108,7.762899,21.055807,0.153512
192|3.821938,-28.429211,-23.005827|3.819881,-28.425077,-22.905912,8.174055,22.334014,0.144014|3.819627,-28.440601,-22.906478,8.161929,22.298812,0.153385
193|3.841948,-27.757875,-23.396988|3.839918,-27.753482,-23.297085,8.577024,23.608325,0.143743|3.839652,-27.769132,-23.297624,8.564960,23.572791,0.153252
194|3.861958,-27.080551,-23.768985|3.859955,-27.075905,-23.669093,8.983526,24.913111,0.143469|3.859678,-27.091675,-23.669606,8.971529,24.877237,0.153113
195|3.881968,-26.397990,-24.121903|3.879994,-26.393097,-24.022023,9.393112,26.247854,0.143191|3.879705,-26.408981,-24.022509,9.381187,26.211632,0.152967
196|3.901978,-25.710923,-24.455856|3.900035,-25.705790,-24.355988,9.805344,27.612027,0.142910|3.899734,-25.721782,-24.356447,9.793496,27.575446,0.152816
197|3.921988,-25.020064,-24.770980|3.920076,-25.014696,-24.671124,10.219796,29.005088,0.142625|3.919763,-25.030791,-24.671557,10.208029,28.968136,0.152658
198|3.941998,-24.326103,-25.067438|3.940119,-24.320508,-24.967594,10.636054,30.426488,0.142338|3.939794,-24.336698,-24.968001,10.624373,30.389151,0.152493
199|3.962009,-23.629711,-25.345411|3.960163,-23.623895,-25.245580,11.053720,31.875664,0.142048|3.959826,-23.640175,-25.245960,11.042125,31.837927,0.152323
200|3.982019,-22.931535,-25.605103|3.980208,-22.925504,-25.505285,11.472405,33.352042,0.141756|3.979860,-22.941868,-25.505638,11.460900,33.313890,0.152146
201|4.002029,-22.232200,-25.846736|4.000254,-22.225961,-25.746931,11.891737,34.855039,0.141462|3.999895,-22.242403,-25.747258,11.880323,34.816454,0.151962
202|4.022039,-21.532308,-26.070548|4.020302,-21.525868,-25.970756,12.311356,36.384060,0.141166|4.019931,-21.542383,-25.971057,12.300035,36.345024,0.151772
203|4.042049,-20.832439,-26.276795|4.040351,-20.825804,-26.177015,12.730917,37.938502,0.140868|4.039969,-20.842385,-26.177291,12.719688,37.898995,0.151575
204|4.062059,-20.133147,-26.465744|4.060402,-20.126323,-26.365977,13.150089,39.517749,0.140569|4.060008,-20.142965,-26.366227,13.138953,39.477751,0.151371
205|4.082069,-19.434964,-26.637678|4.080454,-19.427958,-26.537924,13.568554,41.121177,0.140268|4.080048,-19.444656,-26.538149,13.557511,41.080669,0.151160
206|4.102080,-18.738398,-26.792890|4.100507,-18.731217,-26.693148,13.986010,42.748152,0.139967|4.100090,-18.747966,-26.693349,13.975059,42.707112,0.150943
207|4.122090,-18.043935,-26.931682|4.120562,-18.036585,-26.831953,14.402168,44.398032,0.139664|4.120134,-18.053379,-26.832129,14.391307,44.356438,0.150719
208|4.142100,-17.352036,-27.054367|4.140618,-17.344524,-26.954650,14.816753,46.070163,0.139361|4.140179,-17.361358,-26.954803,14.805980,46.027993,0.150488
209|4.162110,-16.663140,-27.161265|4.160675,-16.655473,-27.061559,15.229503,47.763884,0.139057|4.160225,-16.672341,-27.061689,15.218816,47.721116,0.150250
210|4.182120,-15.977664,-27.252700|4.180734,-15.969847,-27.153006,15.640171,49.478525,0.138753|4.180273,-15.986746,-27.153114,15.629568,49.435138,0.150006
211|4.202130,-15.296000,-27.329006|4.200794,-15.288041,-27.229323,16.048522,51.213407,0.138449|4.200323,-15.304965,-27.229409,16.038001,51.169379,0.149754
212|4.222140,-14.618522,-27.390517|4.220855,-14.610428,-27.290845,16.454335,52.967844,0.138145|4.220374,-14.627372,-27.290909,16.443893,52.923153,0.149496
213|4.242151,-13.945581,-27.437572|4.240918,-13.937357,-27.337911,16.857402,54.741141,0.137841|4.240426,-13.954317,-27.337954,16.847036,54.695765,0.149231
214|4.262161,-13.277505,-27.470513|4.260982,-13.269158,-27.370862,17.257528,56.532595,0.137537|4.260481,-13.286130,-27.370886,17.247232,56.486515,0.148959
215|4.282171,-12.614604,-27.489684|4.281048,-12.606142,-27.390042,17.654527,58.341496,0.137234|4.280536,-12.623121,-27.390047,17.644300,58.294691,0.148681
216|4.302181,-11.957169,-27.495426|4.301115,-11.948597,-27.395794,18.048228,60.167128,0.136931|4.300594,-11.965580,-27.395781,18.038065,60.119579,0.148395
217|4.322191,-11.305469,-27.488085|4.321183,-11.296795,-27.388462,18.438471,62.008766,0.136629|4.320653,-11.313777,-27.388431,18.428369,61.960454,0.148103
218|4.342201,-10.659757,-27.468002|4.341253,-10.650986,-27.368388,18.825107,63.865678,0.136328|4.340713,-10.667964,-27.368340,18.815060,63.816588,0.147805
219|4.362211,-10.020266,-27.435520|4.361324,-10.011406,-27.335913,19.207997,65.737129,0.136029|4.360775,-10.028376,-27.335849,19.198002,65.687243,0.147499
220|4.382222,-9.387214,-27.390977|4.381396,-9.378271,-27.291377,19.587013,67.622375,0.135730|4.380839,-9.395229,-27.291299,19.577065,67.571677,0.147188
221|4.402232,-8.760799,-27.334710|4.401469,-8.751780,-27.235117,19.962036,69.520665,0.135433|4.400905,-8.768723,-27.235024,19.952131,69.469143,0.146870
222|4.422242,-8.141205,-27.267052|4.421544,-8.132117,-27.167466,20.332958,71.431246,0.135137|4.420972,-8.149041,-27.167360,20.323092,71.378887,0.146546
223|4.442252,-7.528602,-27.188335|4.441620,-7.519451,-27.088754,20.699681,73.353358,0.134843|4.441040,-7.536353,-27.088636,20.689848,73.300150,0.146215
224|4.462262,-6.923141,-27.098882|4.461698,-6.913935,-26.999307,21.062112,75.286234,0.134550|4.461110,-6.930812,-26.999177,21.052309,75.232169,0.145879
225|4.482272,-6.324963,-26.999017|4.481777,-6.315707,-26.899446,21.420171,77.229106,0.134259|4.481182,-6.332557,-26.899306,21.410392,77.174174,0.145537
226|4.502282,-5.734193,-26.889056|4.501856,-5.724895,-26.789489,21.773783,79.181198,0.133971|4.501255,-5.741715,-26.789339,21.764025,79.125394,0.145189
227|4.522293,-5.150945,-26.769310|4.521937,-5.141611,-26.669747,22.122882,81.141733,0.133684|4.521330,-5.158397,-26.669588,22.113140,81.085051,0.144835
228|4.542303,-4.575317,-26.640087|4.542020,-4.565955,-26.540526,22.467409,83.109928,0.133399|4.541406,-4.582706,-26.540360,22.457678,83.052364,0.144476
229|4.562313,-4.007401,-26.501687|4.562103,-3.998016,-26.402128,22.807312,85.084996,0.133117|4.561483,-4.014729,-26.401956,22.797589,85.026550,0.144112
230|4.582323,-3.447272,-26.354406|4.582187,-3.437871,-26.254849,23.142546,87.066150,0.132837|4.581562,-3.454545,-26.254671,23.132826,87.006821,0.143742
231|4.602333,-2.894998,-26.198533|4.602273,-2.885589,-26.098976,23.473071,89.052597,0.132560|4.601643,-2.902220,-26.098794,23.463350,88.992387,0.143368
232|4.622343,-2.350637,-26.034351|4.622359,-2.341225,-25.934795,23.798855,91.043542,0.132285|4.621724,-2.357813,-25.934609,23.789129,90.982454,0.142989
233|4.642353,-1.814235,-25.862138|4.642447,-1.804829,-25.762581,24.119870,93.038188,0.132012|4.641808,-1.821370,-25.762392,24.110135,92.976227,0.142605
234|4.662364,-1.285832,-25.682164|4.662536,-1.276437,-25.582606,24.436093,95.035738,0.131743|4.661892,-1.292931,-25.582416,24.426345,94.972910,0.142217
235|4.682374,-0.765459,-25.494695|4.682625,-0.756082,-25.395135,24.747508,97.035389,0.131476|4.681978,-0.772527,-25.394945,24.737744,96.971702,0.141825
236|4.702384,-0.253137,-25.299988|4.702715,-0.243785,-25.200427,25.054101,99.036341,0.131212|4.702065,-0.260180,-25.200237,25.044317,98.971805,0.141429
237|4.722394,0.251119,-25.098296|4.722807,0.260438,-24.998732,24.834989,98.962209,0.130951|4.722153,0.244096,-24.998543,24.857867,99.027583,0.141029
238|4.742404,0.747299,-24.889864|4.742899,0.756580,-24.790296,24.139636,96.961065,0.130693|4.742242,0.740291,-24.790110,24.162381,97.027265,0.140626
239|4.762414,1.235403,-24.674932|4.762992,1.244639,-24.575359,23.455616,94.961030,0.130438|4.762333,1.228403,-24.575177,23.478223,95.028042,0.140219
240|4.782424,1.715435,-24.453731|4.783085,1.724618,-24.354153,22.782924,92.962908,0.130186|4.782425,1.708438,-24.353976,22.805388,93.030716,0.139810
241|4.802435,2.187405,-24.226488|4.803179,2.196529,-24.126905,22.121544,90.967502,0.129938|4.802517,2.180405,-24.126734,22.143861,91.036091,0.139398
242|4.822445,2.651329,-23.993424|4.823274,2.660387,-23.893835,21.471458,88.975616,0.129693|4.822611,2.644320,-23.893670,21.493623,89.044967,0.138983
243|4.842455,3.107226,-23.754752|4.843370,3.116212,-23.655157,20.832637,86.988051,0.129451|4.842705,3.100202,-23.654999,20.854646,87.058144,0.138566
244|4.862465,3.555121,-23.510680|4.863466,3.564029,-23.411078,20.205046,85.005606,0.129212|4.862801,3.548076,-23.410929,20.226897,85.076423,0.138147
245|4.882475,3.995045,-23.261410|4.883562,4.003866,-23.161800,19.588646,83.029082,0.128977|4.882897,3.987972,-23.161660,19.610335,83.100600,0.137726
246|4.902485,4.427028,-23.007136|4.903659,4.435757,-22.907518,18.983392,81.059273,0.128745|4.902994,4.419922,-22.907389,19.004915,81.131472,0.137303
247|4.922495,4.851108,-22.748049|4.923757,4.859738,-22.648422,18.389231,79.096975,0.128517|4.923092,4.843962,-22.648305,18.410587,79.169831,0.136879
248|4.942506,5.267324,-22.484332|4.943855,5.275848,-22.384696,17.806111,77.142979,0.128292|4.943190,5.260132,-22.384591,17.827296,77.216468,0.136455
249|4.962516,5.675719,-22.216164|4.963953,5.684130,-22.116518,17.233970,75.198074,0.128071|4.963290,5.668473,-22.116427,17.254984,75.272171,0.136029
250|4.982526,6.076337,-21.943716|4.984051,6.084630,-21.844060,16.672747,73.263044,0.127854|4.983389,6.069032,-21.843983,16.693588,73.337725,0.135603
251|5.002536,6.469227,-21.667155|5.004150,6.477394,-21.567489,16.122375,71.338671,0.127640|5.003490,6.461856,-21.567427,16.143041,71.413909,0.135177
252|5.022546,6.854438,-21.386644|5.024249,6.862473,-21.286967,15.582784,69.425732,0.127430|5.023590,6.846995,-21.286921,15.603274,69.501502,0.134750
253|5.042556,7.232022,-21.102337|5.044347,7.239918,-21.002649,15.053903,67.525001,0.127223|5.043691,7.224499,-21.002621,15.074215,67.601274,0.134324
254|5.062567,7.602032,-20.814387|5.064446,7.609783,-20.714687,14.535655,65.637244,0.127020|5.063793,7.594423,-20.714676,14.555790,65.713995,0.133898
255|5.082577,7.964523,-20.522938|5.084545,7.972122,-20.423227,14.027966,63.763226,0.126821|5.083895,7.956822,-20.423235,14.047923,63.840427,0.133474
256|5.102587,8.319551,-20.228132|5.104644,8.326992,-20.128409,13.530755,61.903704,0.126625|5.103997,8.311750,-20.128436,13.550534,61.981327,0.133050
257|5.122597,8.667173,-19.930105|5.124743,8.674450,-19.830370,13.043943,60.059430,0.126434|5.124099,8.659267,-19.830418,13.063544,60.137448,0.132627
258|5.142607,9.007449,-19.628988|5.144841,9.014555,-19.529241,12.567449,58.231149,0.126246|5.144201,8.999429,-19.529310,12.586872,58.309534,0.132205
259|5.162617,9.340436,-19.324908|5.164940,9.347365,-19.225149,12.101189,56.419603,0.126061|5.164304,9.332297,-19.225240,12.120434,56.498326,0.131786
260|5.182627,9.666194,-19.017988|5.185038,9.672940,-18.918216,11.645079,54.625523,0.125881|5.184406,9.657929,-18.918330,11.664148,54.704557,0.131368
261|5.202638,9.984783,-18.708346|5.205136,9.991340,-18.608561,11.199036,52.849635,0.125704|5.204509,9.976386,-18.608699,11.217929,52.928953,0.130952
262|5.222648,10.296265,-18.396095|5.225233,10.302626,-18.296298,10.762975,51.092658,0.125531|5.224611,10.287728,-18.296460,10.781693,51.172231,0.130539
263|5.242658,10.600699,-18.081346|5.245330,10.606858,-17.981536,10.336811,49.355303,0.125361|5.244713,10.592016,-17.981724,10.355355,49.435104,0.130128
264|5.262668,10.898146,-17.764204|5.265427,10.904097,-17.664381,9.920458,47.638272,0.125195|5.264815,10.889311,-17.664595,9.938829,47.718275,0.129721
265|5.282678,11.188666,-17.444771|5.285523,11.194404,-17.344936,9.513832,45.942261,0.125033|5.284917,11.179673,-17.345176,9.532031,46.022438,0.129316
266|5.302688,11.472321,-17.123145|5.305618,11.477839,-17.023298,9.116846,44.267956,0.124875|5.305018,11.463162,-17.023566,9.134876,44.348281,0.128914
267|5.322698,11.749171,-16.799422|5.325713,11.754464,-16.699562,8.729418,42.616033,0.124720|5.325119,11.739840,-16.699858,8.747278,42.696480,0.128516
268|5.342709,12.019275,-16.473691|5.345807,12.024336,-16.373819,8.351461,40.987162,0.124569|5.345220,12.009766,-16.374144,8.369155,41.067705,0.128121
269|5.362719,12.282694,-16.146042|5.365901,12.287518,-16.046158,7.982893,39.382001,0.124421|5.365320,12.272999,-16.046513,8.000423,39.462616,0.127730
270|5.382729,12.539485,-15.816558|5.385994,12.544066,-15.716663,7.623631,37.801198,0.124277|5.385419,12.529600,-15.717047,7.640997,37.881860,0.127343
271|5.402739,12.789708,-15.485320|5.406085,12.794041,-15.385414,7.273593,36.245394,0.124137|5.405518,12.779625,-15.385830,7.290798,36.326079,0.126960
272|5.422749,13.033419,-15.152407|5.426176,13.037499,-15.052491,6.932696,34.715216,0.124000|5.425616,13.023134,-15.052938,6.949743,34.795902,0.126581
273|5.442759,13.270678,-14.817895|5.446266,13.274498,-14.717968,6.600862,33.211283,0.123866|5.445714,13.260183,-14.718447,6.617751,33.291947,0.126207
274|5.462769,13.501538,-14.481854|5.466355,13.505094,-14.381918,6.278011,31.734203,0.123737|5.465810,13.490829,-14.382429,6.294745,31.814823,0.125838
275|5.482780,13.726057,-14.144356|5.486444,13.729342,-14.044410,5.964064,30.284572,0.123610|5.485906,13.715126,-14.044955,5.980646,30.365126,0.125473
276|5.502790,13.944287,-13.805467|5.506531,13.947298,-13.705512,5.658945,28.862976,0.123487|5.506001,13.933130,-13.706091,5.675377,28.943444,0.125113
277|5.522800,14.156284,-13.465251|5.526616,14.159015,-13.365289,5.362579,27.469986,0.123367|5.526095,14.144894,-13.365902,5.378864,27.550349,0.124758
278|5.542810,14.362099,-13.123771|5.546701,14.364545,-13.023801,5.074892,26.106167,0.123251|5.546189,14.350472,-13.024449,5.091031,26.186406,0.124409
279|5.562820,14.561785,-12.781085|5.566785,14.563940,-12.681109,4.795810,24.772066,0.123138|5.566281,14.549913,-12.681793,4.811806,24.852163,0.124065
280|5.582830,14.755390,-12.437252|5.586867,14.757251,-12.337269,4.525263,23.468222,0.123028|5.586372,14.743270,-12.337989,4.541119,23.548160,0.123726
281|5.602840,14.942966,-12.092326|5.606948,14.944527,-11.992338,4.263182,22.195160,0.122922|5.606462,14.930592,-11.993094,4.278899,22.274923,0.123393
282|5.622851,15.124559,-11.746360|5.627028,15.125816,-11.646368,4.009497,20.953392,0.122818|5.626551,15.111926,-11.647161,4.025079,21.032964,0.123065
283|5.642861,15.300218,-11.399404|5.647106,15.301166,-11.299409,3.764143,19.743417,0.122718|5.646638,15.287320,-11.300240,3.779593,19.822783,0.122744
284|5.662871,15.469987,-11.051509|5.667183,15.470622,-10.951511,3.527056,18.565722,0.122621|5.666725,15.456820,-10.952380,3.542375,18.644869,0.122428
285|5.682881,15.633911,-10.702720|5.687259,15.634229,-10.602721,3.298172,17.420780,0.122527|5.686810,15.620471,-10.603628,3.313363,17.499695,0.122118
286|5.702891,15.792035,-10.353084|5.707333,15.792030,-10.253084,3.077430,16.309050,0.122437|5.706894,15.778316,-10.254030,3.092496,16.387721,0.121815
287|5.722901,15.944399,-10.002644|5.727405,15.944068,-9.902644,2.864770,15.230978,0.122349|5.726976,15.930397,-9.903629,2.879714,15.309393,0.121517
288|5.742911,16.091044,-9.651441|5.747476,16.090384,-9.551443,2.660135,14.186996,0.122264|5.747057,16.076755,-9.552467,2.674959,14.265145,0.121226
289|5.762922,16.232011,-9.299515|5.767546,16.231017,-9.199520,2.463470,13.177522,0.122182|5.767137,16.217429,-9.200584,2.478177,13.255396,0.120942
290|5.782932,16.367336,-8.946907|5.787613,16.366005,-8.846916,2.274720,12.202959,0.122103|5.787215,16.352459,-8.848020,2.289312,12.280550,0.120664
291|5.802942,16.497058,-8.593653|5.807680,16.495385,-8.493667,2.093833,11.263698,0.122027|5.807291,16.481880,-8.494811,2.108313,11.340997,0.120392
292|5.822952,16.621210,-8.239789|5.827744,16.619192,-8.139809,1.920760,10.360111,0.121953|5.827366,16.605729,-8.140994,1.935130,10.437112,0.120127
293|5.842962,16.739828,-7.885349|5.847807,16.737462,-7.785377,1.755451,9.492561,0.121883|5.847440,16.724039,-7.786604,1.769715,9.569257,0.119868
294|5.862972,16.852943,-7.530368|5.867868,16.850225,-7.430405,1.597861,8.661392,0.121815|5.867512,16.836843,-7.431673,1.612021,8.737778,0.119617
295|5.882982,16.960587,-7.174878|5.887927,16.957515,-7.074925,1.447946,7.866935,0.121750|5.887582,16.944173,-7.076234,1.462004,7.943007,0.119372
296|5.902993,17.062791,-6.818909|5.907985,17.059360,-6.718968,1.305662,7.109504,0.121687|5.907650,17.046058,-6.720319,1.319621,7.185258,0.119133
297|5.923003,17.159581,-6.462493|5.928041,17.155790,-6.362565,1.170970,6.389401,0.121628|5.927717,17.142527,-6.363958,1.184833,6.464834,0.118902
298|5.943013,17.250986,-6.105657|5.948094,17.246831,-6.005744,1.043832,5.706910,0.121570|5.947782,17.233607,-6.007179,1.057601,5.782019,0.118678
299|5.963023,17.337030,-5.748431|5.968146,17.332509,-5.648534,0.924210,5.062301,0.121516|5.967845,17.319325,-5.650011,0.937889,5.137085,0.118461
300|5.983033,17.417739,-5.390842|5.988197,17.412848,-5.290962,0.812071,4.455828,0.121464|5.987906,17.399703,-5.292482,0.825661,4.530285,0.118250
301|6.003043,17.493134,-5.032916|6.008245,17.487872,-4.933055,0.707382,3.887729,0.121415|6.007966,17.474766,-4.934618,0.720886,3.961860,0.118047
302|6.023053,17.563237,-4.674679|6.028291,17.557601,-4.574838,0.610113,3.358227,0.121368|6.028024,17.544534,-4.576444,0.623534,3.432032,0.117851
303|6.043064,17.628067,-4.316157|6.048336,17.622055,-4.216338,0.520235,2.867529,0.121323|6.048080,17.609027,-4.217986,0.533576,2.941009,0.117661
304|6.063074,17.687644,-3.957373|6.068378,17.681254,-3.857577,0.437723,2.415827,0.121281|6.068134,17.668264,-3.859269,0.450985,2.488983,0.117479
305|6.083084,17.741983,-3.598352|6.088419,17.735213,-3.498581,0.362552,2.003297,0.121242|6.088186,17.722261,-3.500316,0.375738,2.076130,0.117304
306|6.103094,17.791101,-3.239116|6.108457,17.783949,-3.139372,0.294700,1.630097,0.121204|6.108236,17.771036,-3.141150,0.307812,1.702611,0.117137
307|6.123104,17.835010,-2.879689|6.128494,17.827475,-2.779974,0.234146,1.296372,0.121170|6.128284,17.814600,-2.781794,0.247188,1.368569,0.116976
308|6.143114,17.873725,-2.520094|6.148528,17.865804,-2.420408,0.180873,1.002249,0.121137|6.148330,17.852968,-2.422272,0.193847,1.074132,0.116822
309|6.163124,17.907255,-2.160351|6.168561,17.898948,-2.060696,0.134864,0.747839,0.121107|6.168374,17.886150,-2.062603,0.147772,0.819412,0.116676
310|6.183135,17.935611,-1.800483|6.188591,17.926916,-1.700861,0.096106,0.533239,0.121080|6.188416,17.914156,-1.702811,0.108951,0.604505,0.116537
311|6.203145,17.958800,-1.440510|6.208619,17.949716,-1.340924,0.064586,0.358527,0.121054|6.208456,17.936995,-1.342916,0.077370,0.429492,0.116405
312|6.223155,17.976829,-1.080455|6.228646,17.967355,-0.980905,0.040295,0.223768,0.121031|6.228494,17.954672,-0.982940,0.053021,0.294435,0.116281
313|6.243165,17.989703,-0.720338|6.248670,17.979838,-0.620825,0.023225,0.129008,0.121011|6.248530,17.967194,-0.622904,0.035895,0.199382,0.116163
314|6.263175,17.997426,-0.360179|6.268692,17.987170,-0.260707,0.013370,0.074278,0.120992|6.268564,17.974563,-0.262828,0.025986,0.144364,0.116053
