OneBody1_E-0.05_ecc0.8_RK4.txt
initial value : [x, y, v_x, v_y] = [18.00,0.00,0.00,0.95] , numerical interval dt = 0.02000 , [M, m] = [ 9, 1]

num|given_position|geodesic|newtonian
num| degree1, x1, y1 | degree2, x2, y2, simple error, relative error, d(rho) | degree2, x2, y2, simple error, relative error, dt
  1|0.000000,18.000000,0.000000|0.005556,17.999846,0.100000,0.000278,0.001543,0.105409|0.005556,17.999846,0.100000,0.000278,0.001543,0.105409
  2|0.020010,17.997998,0.360191|0.025564,17.997535,0.460190,0.005079,0.028215,0.105410|0.025564,17.997535,0.460190,0.005079,0.028215,0.105413
  3|0.040020,17.991990,0.720429|0.045570,17.991219,0.820426,0.017090,0.094901,0.105410|0.045570,17.991219,0.820426,0.017090,0.094901,0.105421
  4|0.060030,17.981973,1.080764|0.065573,17.980893,1.180758,0.036316,0.201565,0.105412|0.065573,17.980893,1.180758,0.036316,0.201564,0.105435
  5|0.080041,17.967939,1.441243|0.085574,17.966552,1.541234,0.062770,0.348153,0.105414|0.085574,17.966552,1.541234,0.062769,0.348151,0.105455
  6|0.100051,17.949880,1.801915|0.105572,17.948185,1.901901,0.096466,0.534595,0.105416|0.105572,17.948186,1.901901,0.096465,0.534590,0.105480
  7|0.120061,17.927782,2.162827|0.125568,17.925782,2.262807,0.137426,0.760805,0.105420|0.125568,17.925783,2.262807,0.137424,0.760798,0.105511
  8|0.140071,17.901633,2.524028|0.145561,17.899326,2.624002,0.185676,1.026682,0.105423|0.145561,17.899328,2.624002,0.185674,1.026671,0.105547
  9|0.160081,17.871413,2.885567|0.165552,17.868802,2.985533,0.241246,1.332110,0.105428|0.165552,17.868805,2.985533,0.241243,1.332094,0.105588
 10|0.180091,17.837103,3.247492|0.185540,17.834188,3.347449,0.304172,1.676956,0.105433|0.185540,17.834192,3.347449,0.304168,1.676933,0.105635
 11|0.200101,17.798679,3.609851|0.205525,17.795462,3.709799,0.374496,2.061072,0.105438|0.205525,17.795468,3.709799,0.374490,2.061041,0.105687
 12|0.220112,17.756116,3.972693|0.225508,17.752599,4.072631,0.452262,2.484294,0.105445|0.225508,17.752606,4.072631,0.452255,2.484253,0.105744
 13|0.240122,17.709385,4.336067|0.245489,17.705568,4.435994,0.537522,2.946443,0.105452|0.245489,17.705577,4.435995,0.537513,2.946391,0.105807
 14|0.260132,17.658454,4.700023|0.265467,17.654340,4.799938,0.630332,3.447326,0.105460|0.265467,17.654351,4.799938,0.630320,3.447261,0.105874
 15|0.280142,17.603288,5.064609|0.285443,17.598879,5.164511,0.730754,3.986733,0.105468|0.285443,17.598893,5.164512,0.730739,3.986653,0.105947
 16|0.300152,17.543851,5.429874|0.305417,17.539148,5.529764,0.838853,4.564440,0.105477|0.305416,17.539165,5.529764,0.838835,4.564342,0.106025
 17|0.320162,17.480102,5.795869|0.325388,17.475106,5.895745,0.954703,5.180209,0.105488|0.325387,17.475128,5.895746,0.954681,5.180090,0.106108
 18|0.340172,17.411996,6.162644|0.345357,17.406711,6.262504,1.078380,5.833784,0.105499|0.345356,17.406736,6.262505,1.078354,5.833643,0.106196
 19|0.360183,17.339488,6.530248|0.365323,17.333916,6.630092,1.209969,6.524897,0.105511|0.365323,17.333945,6.630094,1.209939,6.524731,0.106288
 20|0.380193,17.262527,6.898731|0.385288,17.256670,6.998559,1.349559,7.253266,0.105523|0.385287,17.256704,6.998561,1.349523,7.253071,0.106386
 21|0.400203,17.181059,7.268145|0.405250,17.174920,7.367956,1.497245,8.018592,0.105537|0.405249,17.174960,7.367958,1.497202,8.018367,0.106488
 22|0.420213,17.095029,7.638539|0.425210,17.088610,7.738333,1.653127,8.820564,0.105552|0.425209,17.088656,7.738336,1.653078,8.820305,0.106595
 23|0.440223,17.004376,8.009966|0.445167,16.997681,8.109741,1.817313,9.658856,0.105568|0.445166,16.997733,8.109745,1.817257,9.658559,0.106706
 24|0.460233,16.909037,8.382476|0.465123,16.902068,8.482233,1.989917,10.533128,0.105585|0.465122,16.902127,8.482237,1.989853,10.532790,0.106821
 25|0.480243,16.808945,8.756121|0.485077,16.801704,8.855859,2.171058,11.443026,0.105603|0.485076,16.801771,8.855864,2.170985,11.442644,0.106941
 26|0.500254,16.704029,9.130954|0.505029,16.696520,9.230671,2.360863,12.388182,0.105623|0.505027,16.696595,9.230677,2.360781,12.387753,0.107066
 27|0.520264,16.594213,9.507026|0.524979,16.586440,9.606723,2.559466,13.368216,0.105643|0.524977,16.586524,9.606730,2.559373,13.367737,0.107194
 28|0.540274,16.479421,9.884389|0.544926,16.471386,9.984066,2.767007,14.382734,0.105665|0.544924,16.471480,9.984074,2.766903,14.382200,0.107326
 29|0.560284,16.359569,10.263098|0.564873,16.351276,10.362754,2.983633,15.431327,0.105688|0.564870,16.351380,10.362763,2.983517,15.430735,0.107463
 30|0.580294,16.234570,10.643206|0.584817,16.226023,10.742840,3.209500,16.513575,0.105713|0.584814,16.226138,10.742849,3.209370,16.512921,0.107602
 31|0.600304,16.104335,11.024765|0.604759,16.095537,11.124377,3.444769,17.629045,0.105739|0.604756,16.095663,11.124388,3.444626,17.628326,0.107746
 32|0.620314,15.968767,11.407829|0.624700,15.959722,11.507420,3.689613,18.777290,0.105766|0.624697,15.959861,11.507432,3.689454,18.776503,0.107893
 33|0.640325,15.827767,11.792454|0.644640,15.818479,11.892022,3.944208,19.957853,0.105795|0.644636,15.818631,11.892036,3.944034,19.956994,0.108044
 34|0.660335,15.681231,12.178694|0.664577,15.671704,12.278239,4.208743,21.170262,0.105826|0.664573,15.671869,12.278255,4.208551,21.169327,0.108197
 35|0.680345,15.529050,12.566604|0.684514,15.519288,12.666126,4.483412,22.414034,0.105858|0.684509,15.519466,12.666144,4.483202,22.413020,0.108354
 36|0.700355,15.371109,12.956239|0.704448,15.361116,13.055738,4.768420,23.688674,0.105892|0.704443,15.361309,13.055758,4.768191,23.687578,0.108514
 37|0.720365,15.207290,13.347655|0.724382,15.197069,13.447131,5.063981,24.993675,0.105927|0.724376,15.197278,13.447152,5.063731,24.992494,0.108677
 38|0.740375,15.037467,13.740907|0.744314,15.027023,13.840361,5.370318,26.328520,0.105964|0.744307,15.027248,13.840384,5.370047,26.327250,0.108842
 39|0.760385,14.861512,14.136053|0.764245,14.850849,14.235483,5.687664,27.692678,0.106003|0.764238,14.851091,14.235509,5.687370,27.691317,0.109010
 40|0.780396,14.679287,14.533150|0.784175,14.668410,14.632556,6.016263,29.085610,0.106044|0.784167,14.668669,14.632584,6.015945,29.084154,0.109180
 41|0.800406,14.490652,14.932253|0.804103,14.479565,15.031636,6.356369,30.506762,0.106086|0.804095,14.479842,15.031667,6.356025,30.505210,0.109352
 42|0.820416,14.295459,15.333420|0.824031,14.284166,15.432780,6.708245,31.955573,0.106130|0.824021,14.284462,15.432813,6.707875,31.953922,0.109526
 43|0.840426,14.093554,15.736709|0.843957,14.082060,15.836046,7.072170,33.431469,0.106176|0.843947,14.082375,15.836082,7.071772,33.429718,0.109702
 44|0.860436,13.884776,16.142178|0.863883,13.873085,16.241492,7.448430,34.933868,0.106224|0.863872,13.873421,16.241531,7.448003,34.932015,0.109880
 45|0.880446,13.668958,16.549885|0.883808,13.657076,16.649176,7.837327,36.462175,0.106274|0.883797,13.657432,16.649218,7.836869,36.460219,0.110060
 46|0.900456,13.445925,16.959888|0.903732,13.433856,17.059156,8.239173,38.015788,0.106326|0.903720,13.434233,17.059202,8.238683,38.013727,0.110240
 47|0.920467,13.215497,17.372245|0.923656,13.203245,17.471491,8.654294,39.594093,0.106380|0.923643,13.203643,17.471540,8.653772,39.591927,0.110422
 48|0.940477,12.977482,17.787015|0.943579,12.965053,17.886240,9.083032,41.196468,0.106436|0.943565,12.965473,17.886292,9.082475,41.194196,0.110605
 49|0.960487,12.731685,18.204257|0.963501,12.719082,18.303460,9.525740,42.822281,0.106494|0.963486,12.719525,18.303515,9.525147,42.819904,0.110789
 50|0.980497,12.477898,18.624030|0.983423,12.465127,18.723211,9.982788,44.470891,0.106554|0.983407,12.465594,18.723270,9.982158,44.468409,0.110973
 51|1.000507,12.215909,19.046392|1.003345,12.202975,19.145552,10.454560,46.141649,0.106616|1.003328,12.203464,19.145615,10.453892,46.139063,0.111158
 52|1.020517,11.945493,19.471402|1.023266,11.932401,19.570541,10.941458,47.833896,0.106680|1.023248,11.932914,19.570608,10.940750,47.831208,0.111343
 53|1.040528,11.666419,19.899119|1.043187,11.653173,19.998237,11.443898,49.546966,0.106746|1.043169,11.653710,19.998308,11.443149,49.544178,0.111528
 54|1.060538,11.378444,20.329600|1.063108,11.365049,20.428699,11.962316,51.280184,0.106814|1.063089,11.365611,20.428773,11.961525,51.277298,0.111713
 55|1.080548,11.081316,20.762904|1.083029,11.067777,20.861983,12.497165,53.032868,0.106885|1.083009,11.068364,20.862061,12.496331,53.029886,0.111898
 56|1.100558,10.774772,21.199088|1.102950,10.761094,21.298148,13.048917,54.804328,0.106957|1.102929,10.761706,21.298231,13.048039,54.801254,0.112083
 57|1.120568,10.458539,21.638211|1.122871,10.444727,21.737252,13.618063,56.593866,0.107031|1.122849,10.445364,21.737339,13.617140,56.590703,0.112267
 58|1.140578,10.132331,22.080327|1.142792,10.118390,22.179351,14.205118,58.400777,0.107107|1.142769,10.119052,22.179441,14.204148,58.397530,0.112450
 59|1.160588,9.795852,22.525494|1.162714,9.781787,22.624500,14.810613,60.224350,0.107186|1.162689,9.782474,22.624595,14.809596,60.221022,0.112632
 60|1.180599,9.448792,22.973766|1.182635,9.434607,23.072755,15.435105,62.063866,0.107266|1.182610,9.435320,23.072854,15.434040,62.060464,0.112814
 61|1.200609,9.090829,23.425198|1.202557,9.076530,23.524170,16.079173,63.918600,0.107348|1.202532,9.077267,23.524274,16.078059,63.915129,0.112994
 62|1.220619,8.721627,23.879841|1.222480,8.707218,23.978798,16.743421,65.787823,0.107432|1.222453,8.707980,23.978906,16.742258,65.784288,0.113172
 63|1.240629,8.340836,24.337749|1.242403,8.326322,24.436690,17.428479,67.670796,0.107518|1.242376,8.327110,24.436802,17.427265,67.667204,0.113349
 64|1.260639,7.948092,24.798970|1.262327,7.933478,24.897897,18.135000,69.566778,0.107606|1.262299,7.934290,24.898013,18.133736,69.563135,0.113525
 65|1.280649,7.543015,25.263554|1.282252,7.528305,25.362466,18.863669,71.475020,0.107696|1.282223,7.529142,25.362587,18.862354,71.471333,0.113698
 66|1.300659,7.125209,25.731546|1.302177,7.110409,25.830445,19.615197,73.394770,0.107787|1.302147,7.111270,25.830570,19.613830,73.391046,0.113869
 67|1.320670,6.694262,26.202991|1.322103,6.679376,26.301877,20.390325,75.325268,0.107880|1.322073,6.680260,26.302006,20.388907,75.321516,0.114039
 68|1.340680,6.249743,26.677930|1.342030,6.234777,26.776804,21.189826,77.265754,0.107975|1.341999,6.235684,26.776937,21.188357,77.261980,0.114206
 69|1.360690,5.791206,27.156402|1.361958,5.776163,27.255264,22.014507,79.215460,0.108072|1.361926,5.777093,27.255401,22.012987,79.211672,0.114370
 70|1.380700,5.318183,27.638442|1.381887,5.303068,27.737293,22.865206,81.173615,0.108170|1.381855,5.304020,27.737434,22.863635,81.169821,0.114533
 71|1.400710,4.830187,28.124083|1.401817,4.815005,28.222924,23.742800,83.139443,0.108270|1.401784,4.815978,28.223068,23.741178,83.135652,0.114692
 72|1.420720,4.326712,28.613352|1.421748,4.311467,28.712183,24.648201,85.112167,0.108371|1.421715,4.312461,28.712331,24.646529,85.108387,0.114849
 73|1.440730,3.807228,29.106273|1.441681,3.791925,29.205095,25.582359,87.091006,0.108473|1.441647,3.792938,29.205246,25.580638,87.087244,0.115003
 74|1.460741,3.271185,29.602864|1.461615,3.255827,29.701678,26.546267,89.075173,0.108577|1.461581,3.256860,29.701833,26.544498,89.071438,0.115154
 75|1.480751,2.718007,30.103139|1.481550,2.702600,30.201945,27.540958,91.063883,0.108682|1.481516,2.703651,30.202104,27.539141,91.060182,0.115302
 76|1.500761,2.147096,30.607106|1.501486,2.131643,30.705905,28.567510,93.056345,0.108789|1.501452,2.132711,30.706066,28.565648,93.052687,0.115447
 77|1.520771,1.557827,31.114765|1.521424,1.542334,31.213557,29.627047,95.051767,0.108896|1.521390,1.543417,31.213721,29.625140,95.048159,0.115588
 78|1.540781,0.949550,31.626109|1.541364,0.934019,31.724895,30.720740,97.049356,0.109005|1.541329,0.935118,31.725062,30.718790,97.045806,0.115727
 79|1.560791,0.321585,32.141123|1.561305,0.306022,32.239905,31.849810,99.048317,0.109115|1.561270,0.307134,32.240074,31.847819,99.044832,0.115862
 80|1.580801,-0.326774,32.659785|1.581247,-0.342367,32.758562,32.330798,98.952147,0.109225|1.581213,-0.341242,32.758733,32.331016,98.955561,0.115994
 81|1.600812,-0.996266,33.182060|1.601191,-1.011883,33.280833,32.195463,96.952834,0.109337|1.601157,-1.010747,33.281006,32.195666,96.956169,0.116122
 82|1.620822,-1.687658,33.707905|1.621137,-1.703296,33.806675,32.055695,94.954540,0.109449|1.621103,-1.702151,33.806849,32.055883,94.957791,0.116247
 83|1.640832,-2.401752,34.237263|1.641085,-2.417408,34.336030,31.911334,92.958065,0.109561|1.641051,-2.416253,34.336206,31.911507,92.961226,0.116368
 84|1.660842,-3.139383,34.770067|1.661034,-3.155052,34.868832,31.762212,90.964206,0.109675|1.661001,-3.153891,34.869009,31.762369,90.967272,0.116486
 85|1.680852,-3.901420,35.306232|1.680985,-3.917099,35.404995,31.608155,88.973762,0.109789|1.680952,-3.915932,35.405173,31.608296,88.976729,0.116601
 86|1.700862,-4.688770,35.845660|1.700938,-4.704455,35.944423,31.448982,86.987530,0.109903|1.700905,-4.703284,35.944601,31.449108,86.990393,0.116712
 87|1.720872,-5.502376,36.388236|1.720893,-5.518064,36.486998,31.284505,85.006307,0.110018|1.720860,-5.516891,36.487177,31.284615,85.009061,0.116819
 88|1.740883,-6.343222,36.933826|1.740849,-6.358910,37.032588,31.114526,83.030886,0.110133|1.740818,-6.357736,37.032767,31.114620,83.033531,0.116923
 89|1.760893,-7.212331,37.482274|1.760808,-7.228015,37.581036,30.938841,81.062063,0.110248|1.760777,-7.226842,37.581215,30.938919,81.064594,0.117023
 90|1.780903,-8.110768,38.033403|1.780768,-8.126445,38.132167,30.757237,79.100628,0.110363|1.780737,-8.125274,38.132345,30.757301,79.103044,0.117120
 91|1.800913,-9.039641,38.587013|1.800730,-9.055309,38.685778,30.569493,77.147371,0.110478|1.800700,-9.054142,38.685956,30.569542,77.149671,0.117214
 92|1.820923,-10.000104,39.142875|1.820694,-10.015758,39.241642,30.375379,75.203079,0.110593|1.820665,-10.014598,39.241819,30.375414,75.205262,0.117304
 93|1.840933,-10.993354,39.700732|1.840660,-11.008992,39.799501,30.174656,73.268535,0.110708|1.840632,-11.007839,39.799677,30.174677,73.270600,0.117390
 94|1.860943,-12.020636,40.260295|1.860628,-12.036256,40.359067,29.967075,71.344521,0.110823|1.860601,-12.035112,40.359242,29.967083,71.346469,0.117474
 95|1.880954,-13.083244,40.821241|1.880598,-13.098841,40.920017,29.752379,69.431812,0.110937|1.880571,-13.097709,40.920189,29.752374,69.433644,0.117554
 96|1.900964,-14.182518,41.383209|1.900569,-14.198091,41.481989,29.530299,67.531183,0.111051|1.900544,-14.196972,41.482159,29.530283,67.532900,0.117630
 97|1.920974,-15.319850,41.945796|1.920543,-15.335396,42.044580,29.300560,65.643401,0.111164|1.920518,-15.334292,42.044748,29.300534,65.645006,0.117704
 98|1.940984,-16.496682,42.508557|1.940518,-16.512198,42.607346,29.062873,63.769232,0.111277|1.940495,-16.511110,42.607510,29.062837,63.770726,0.117774
 99|1.960994,-17.714505,43.070995|1.960496,-17.729989,43.169789,28.816942,61.909435,0.111389|1.960473,-17.728920,43.169950,28.816898,61.910821,0.117841
100|1.981004,-18.974862,43.632562|1.980475,-18.990312,43.731362,28.562461,60.064764,0.111501|1.980454,-18.989263,43.731520,28.562408,60.066045,0.117906
101|2.001014,-20.279347,44.192654|2.000456,-20.294761,44.291459,28.299110,58.235966,0.111612|2.000436,-20.293734,44.291614,28.299052,58.237146,0.117967
102|2.021025,-21.629604,44.750602|2.020439,-21.644978,44.849413,28.026565,56.423786,0.111722|2.020420,-21.643976,44.849564,28.026501,56.424868,0.118025
103|2.041035,-23.027324,45.305670|2.040424,-23.042658,45.404487,27.744489,54.628958,0.111831|2.040405,-23.041681,45.404634,27.744420,54.629948,0.118081
104|2.061045,-24.474249,45.857050|2.060410,-24.489539,45.955874,27.452536,52.852213,0.111939|2.060393,-24.488590,45.956017,27.452464,52.853114,0.118134
105|2.081055,-25.972162,46.403855|2.080399,-25.987408,46.502686,27.150352,51.094273,0.112046|2.080382,-25.986488,46.502823,27.150278,51.095090,0.118184
106|2.101065,-27.522893,46.945110|2.100389,-27.538092,47.043948,26.837574,49.355854,0.112152|2.100373,-27.537203,47.044080,26.837499,49.356591,0.118232
107|2.121075,-29.128309,47.479748|2.120380,-29.143458,47.578594,26.513833,47.637663,0.112258|2.120366,-29.142602,47.578722,26.513758,47.638325,0.118277
108|2.141085,-30.790309,48.006605|2.140374,-30.805408,48.105458,26.178751,45.940400,0.112361|2.140360,-30.804587,48.105580,26.178677,45.940992,0.118320
109|2.161096,-32.510824,48.524404|2.160369,-32.525871,48.623266,25.831946,44.264758,0.112464|2.160356,-32.525086,48.623382,25.831875,44.265284,0.118360
110|2.181106,-34.291805,49.031756|2.180365,-34.306798,49.130626,25.473034,42.611418,0.112566|2.180354,-34.306052,49.130736,25.472965,42.611884,0.118399
111|2.201116,-36.135217,49.527147|2.200363,-36.150154,49.626025,25.101625,40.981054,0.112666|2.200353,-36.149448,49.626129,25.101560,40.981465,0.118435
112|2.221126,-38.043027,50.008926|2.220363,-38.057907,50.107812,24.717331,39.374333,0.112765|2.220353,-38.057243,50.107910,24.717271,39.374692,0.118469
113|2.241136,-40.017196,50.475302|2.240364,-40.032017,50.574197,24.319767,37.791908,0.112863|2.240355,-40.031396,50.574288,24.319712,37.792220,0.118501
114|2.261146,-42.059659,50.924330|2.260366,-42.074420,51.023234,23.908550,36.234425,0.112959|2.260359,-42.073844,51.023319,23.908501,36.234695,0.118531
115|2.281156,-44.172317,51.353902|2.280370,-44.187016,51.452816,23.483308,34.702520,0.113054|2.280363,-44.186487,51.452893,23.483266,34.702751,0.118560
116|2.301167,-46.357012,51.761737|2.300375,-46.371648,51.860660,23.043679,33.196817,0.113148|2.300369,-46.371168,51.860730,23.043644,33.197013,0.118586
117|2.321177,-48.615507,52.145370|2.320381,-48.630079,52.244302,22.589319,31.717931,0.113240|2.320376,-48.629649,52.244365,22.589291,31.718095,0.118611
118|2.341187,-50.949465,52.502143|2.340388,-50.963970,52.601085,22.119904,30.266463,0.113332|2.340384,-50.963593,52.601140,22.119882,30.266599,0.118635
119|2.361197,-53.360416,52.829194|2.360397,-53.374854,52.928146,21.635137,28.843007,0.113421|2.360393,-53.374530,52.928193,21.635121,28.843117,0.118657
120|2.381207,-55.849728,53.123448|2.380406,-55.864097,53.222410,21.134754,27.448142,0.113510|2.380403,-55.863829,53.222449,21.134743,27.448228,0.118677
121|2.401217,-58.418572,53.381609|2.400417,-58.432872,53.480581,20.618532,26.082436,0.113597|2.400415,-58.432660,53.480611,20.618526,26.082500,0.118696
122|2.421227,-61.067882,53.600149|2.420428,-61.082110,53.699132,20.086295,24.746445,0.113683|2.420427,-61.081957,53.699153,20.086292,24.746490,0.118714
123|2.441238,-63.798308,53.775307|2.440441,-63.812463,53.874300,19.537925,23.440713,0.113767|2.440440,-63.812371,53.874313,19.537925,23.440739,0.118731
124|2.461248,-66.610168,53.903079|2.460454,-66.624249,54.002082,18.973373,22.165771,0.113850|2.460453,-66.624220,54.002087,18.973373,22.165779,0.118747
125|2.481258,-69.503397,53.979219|2.480468,-69.517402,54.078234,18.392664,20.922137,0.113932|2.480468,-69.517437,54.078229,18.392663,20.922127,0.118761
126|2.501268,-72.477482,53.999240|2.500482,-72.491410,54.098265,17.795917,19.710316,0.114013|2.500483,-72.491511,54.098251,17.795912,19.710289,0.118775
127|2.521278,-75.531402,53.958415|2.520497,-75.545251,54.057451,17.183351,18.530799,0.114093|2.520499,-75.545420,54.057427,17.183338,18.530754,0.118787
128|2.541288,-78.663557,53.851787|2.540513,-78.677325,53.950834,16.555302,17.384065,0.114172|2.540515,-78.677565,53.950801,16.555279,17.384002,0.118799
129|2.561298,-81.871696,53.674182|2.560529,-81.885381,53.773242,15.912238,16.270579,0.114249|2.560532,-81.885693,53.773198,15.912201,16.270495,0.118810
130|2.581309,-85.152836,53.420231|2.580546,-85.166437,53.519301,15.254774,15.190789,0.114326|2.580549,-85.166824,53.519248,15.254718,15.190683,0.118820
131|2.601319,-88.503185,53.084387|2.600563,-88.516699,53.183470,14.583686,14.145133,0.114402|2.600566,-88.517164,53.183405,14.583607,14.145003,0.118829
132|2.621329,-91.918059,52.660968|2.620581,-91.931484,52.760063,13.899932,13.134032,0.114477|2.620584,-91.932028,52.759987,13.899824,13.133876,0.118837
133|2.641339,-95.391794,52.144191|2.640598,-95.405127,52.243298,13.204662,12.157893,0.114551|2.640602,-95.405755,52.243211,13.204519,12.157708,0.118845
134|2.661349,-98.917670,51.528226|2.660616,-98.930910,51.627345,12.499241,11.217109,0.114624|2.660620,-98.931623,51.627248,12.499058,11.216891,0.118853
135|2.681359,-102.487831,50.807255|2.680634,-102.500973,50.906388,11.785262,10.312057,0.114697|2.680638,-102.501775,50.906278,11.785030,10.311803,0.118860
136|2.701369,-106.093209,49.975545|2.700652,-106.106252,50.074691,11.064557,9.443100,0.114769|2.700657,-106.107146,50.074569,11.064269,9.442806,0.118866
137|2.721380,-109.723468,49.027527|2.720671,-109.736406,49.126686,10.339214,8.610586,0.114840|2.720675,-109.737397,49.126552,10.338862,8.610246,0.118872
138|2.741390,-113.366947,47.957891|2.740689,-113.379777,48.057064,9.611585,7.814846,0.114912|2.740693,-113.380868,48.056917,9.611159,7.814457,0.118877
139|2.761400,-117.010633,46.761688|2.760707,-117.023351,46.860876,8.884291,7.056197,0.114983|2.760711,-117.024548,46.860715,8.883780,7.055753,0.118882
140|2.781410,-120.640148,45.434447|2.780725,-120.652749,45.533650,8.160225,6.334941,0.115053|2.780729,-120.654056,45.533475,8.159619,6.334436,0.118886
141|2.801420,-124.239762,43.972294|2.800742,-124.252240,44.071512,7.442549,5.651362,0.115124|2.800747,-124.253664,44.071323,7.441836,5.650790,0.118891
142|2.821430,-127.792440,42.372082|2.820760,-127.804789,42.471316,6.734684,5.005731,0.115195|2.820765,-127.806335,42.471112,6.733852,5.005086,0.118895
143|2.841440,-131.279917,40.631526|2.840777,-131.292131,40.730777,6.040294,4.398302,0.115265|2.840782,-131.293806,40.730557,6.039328,4.397576,0.118898
144|2.861451,-134.682819,38.749337|2.860794,-134.694889,38.848606,5.363263,3.829312,0.115336|2.860799,-134.696702,38.848369,5.362150,3.828498,0.118901
145|2.881461,-137.980814,36.725354|2.880810,-137.992732,36.824641,4.707663,3.298984,0.115406|2.880816,-137.994691,36.824386,4.706386,3.298073,0.118904
146|2.901471,-141.152819,34.560665|2.900827,-141.164576,34.659971,4.077711,2.807524,0.115477|2.900832,-141.166691,34.659698,4.076254,2.806508,0.118907
147|2.921481,-144.177237,32.257724|2.920842,-144.188822,32.357050,3.477726,2.355121,0.115548|2.920848,-144.191103,32.356758,3.476072,2.353991,0.118910
148|2.941491,-147.032241,29.820439|2.940857,-147.043644,29.919787,2.912065,1.941950,0.115618|2.940863,-147.046102,29.919474,2.910195,1.940695,0.118912
149|2.961501,-149.696096,27.254248|2.960872,-149.707302,27.353618,2.385064,1.568168,0.115688|2.960877,-149.709951,27.353283,2.382958,1.566778,0.118914
150|2.981511,-152.147506,24.566152|2.980886,-152.158504,24.665545,1.900965,1.233917,0.115757|2.980892,-152.161357,24.665188,1.898605,1.232380,0.118916
151|3.001522,-154.365996,21.764728|3.000900,-154.376770,21.864146,1.463842,0.939320,0.115825|3.000905,-154.379841,21.863765,1.461206,0.937626,0.118918
152|3.021532,-156.332291,18.860098|3.020913,-156.342827,18.959541,1.077521,0.684487,0.115891|3.020918,-156.346132,18.959135,1.074591,0.682624,0.118920
153|3.041542,-158.028711,15.863855|3.040925,-158.038994,15.963325,0.745507,0.469508,0.115954|3.040930,-158.042547,15.962893,0.742263,0.467465,0.118921
154|3.061552,-159.439544,12.788956|3.060937,-159.449559,12.888453,0.470902,0.294460,0.116014|3.060942,-159.453375,12.887995,0.467328,0.292225,0.118922
155|3.081562,-160.551396,9.649564|3.080948,-160.561130,9.749089,0.256342,0.159399,0.116069|3.080953,-160.565222,9.748603,0.252425,0.156964,0.118924
156|3.101572,-161.353500,6.460863|3.100959,-161.362941,6.560417,0.103932,0.064367,0.116119|3.100963,-161.367321,6.559904,0.099664,0.061724,0.118925
157|3.121583,-161.837971,3.238833|3.120969,-161.847112,3.338415,0.015196,0.009388,0.116162|3.120973,-161.851787,3.337874,0.010573,0.006532,0.118926
158|3.141593,-162.000000,0.000000|3.140978,-162.008836,0.099609,0.008959,0.005530,0.116197|3.140981,-162.013812,0.099042,0.013933,0.008601,0.118927
159|3.161603,-161.837971,-3.238833|3.160986,-161.846501,-3.139198,0.031732,0.019603,0.116225|3.160989,-161.851778,-3.139791,0.026418,0.016320,0.118927
160|3.181613,-161.353500,-6.460863|3.180994,-161.361728,-6.361202,0.136888,0.084761,0.116244|3.180997,-161.367302,-6.361820,0.131252,0.081271,0.118928
161|3.201623,-160.551396,-9.649564|3.201001,-160.559329,-9.549879,0.305490,0.189905,0.116254|3.201003,-160.565194,-9.550520,0.299556,0.186216,0.118928
162|3.221633,-159.439544,-12.788956|3.221008,-159.447192,-12.689248,0.535904,0.334976,0.116257|3.221009,-159.453337,-12.689911,0.529705,0.331101,0.118929
163|3.241643,-158.028711,-15.863855|3.241014,-158.036085,-15.764127,0.825928,0.519903,0.116253|3.241014,-158.042499,-15.764810,0.819497,0.515855,0.118929
164|3.261654,-156.332291,-18.860098|3.261019,-156.339405,-18.760351,1.172833,0.744598,0.116242|3.261019,-156.346074,-18.761052,1.166210,0.740393,0.118929
165|3.281664,-154.365996,-21.764728|3.281024,-154.372865,-21.664964,1.573435,1.008959,0.116225|3.281022,-154.379773,-21.665682,1.566660,1.004614,0.118929
166|3.301674,-152.147506,-24.566152|3.301028,-152.154144,-24.466372,2.024159,1.312869,0.116203|3.301025,-152.161278,-24.467105,2.017272,1.308400,0.118929
167|3.321684,-149.696096,-27.254248|3.321031,-149.702516,-27.154454,2.521118,1.656194,0.116177|3.321027,-149.709862,-27.155200,2.514159,1.651618,0.118929
168|3.341694,-147.032241,-29.820439|3.341034,-147.038457,-29.720633,3.060191,2.038786,0.116147|3.341029,-147.046002,-29.721391,3.053198,2.034120,0.118929
169|3.361704,-144.177237,-32.257724|3.361036,-144.183261,-32.157905,3.637095,2.460483,0.116115|3.361030,-144.190993,-32.158674,3.630105,2.455742,0.118928
170|3.381714,-141.152819,-34.560665|3.381037,-141.158662,-34.460836,4.247466,2.921105,0.116080|3.381030,-141.166569,-34.461615,4.240513,2.916304,0.118928
171|3.401725,-137.980814,-36.725354|3.401039,-137.986487,-36.625515,4.886929,3.420460,0.116042|3.401029,-137.994558,-36.626302,4.880043,3.415613,0.118927
172|3.421735,-134.682819,-38.749337|3.421039,-134.688330,-38.649489,5.551154,3.958339,0.116002|3.421028,-134.696556,-38.650285,5.544366,3.953458,0.118926
173|3.441745,-131.279917,-40.631526|3.441039,-131.285276,-40.531670,6.235924,4.534518,0.115961|3.441027,-131.293648,-40.532473,6.229258,4.529615,0.118925
174|3.461755,-127.792440,-42.372082|3.461039,-127.797654,-42.272218,6.937172,5.148760,0.115918|3.461024,-127.806164,-42.273028,6.930652,5.143844,0.118923
175|3.481765,-124.239762,-43.972294|3.481038,-124.244837,-43.872422,7.651029,5.800810,0.115874|3.481022,-124.253480,-43.873239,7.644674,5.795892,0.118922
176|3.501775,-120.640148,-45.434447|3.501037,-120.645090,-45.334569,8.373848,6.490402,0.115828|3.501019,-120.653858,-45.335391,8.367677,6.485488,0.118920
177|3.521785,-117.010633,-46.761688|3.521035,-117.015447,-46.661804,9.102234,7.217254,0.115781|3.521015,-117.024335,-46.662631,9.096260,7.212351,0.118918
178|3.541796,-113.366947,-47.957891|3.541033,-113.371638,-47.858001,9.833052,7.981070,0.115733|3.541011,-113.380641,-47.858833,9.827288,7.976182,0.118915
179|3.561806,-109.723468,-49.027527|3.561031,-109.728041,-48.927632,10.563442,8.781538,0.115683|3.561006,-109.737154,-48.928468,10.557898,8.776669,0.118912
180|3.581816,-106.093209,-49.975545|3.581029,-106.097668,-49.875645,11.290817,9.618334,0.115632|3.581002,-106.106887,-49.876485,11.285501,9.613486,0.118909
181|3.601826,-102.487831,-50.807255|3.601026,-102.492179,-50.707350,12.012862,10.491121,0.115580|3.600997,-102.501500,-50.708194,12.007780,10.486294,0.118906
182|3.621836,-98.917670,-51.528226|3.621024,-98.921910,-51.428316,12.727528,11.399545,0.115527|3.620992,-98.931330,-51.429163,12.722684,11.394739,0.118902
183|3.641846,-95.391794,-52.144191|3.641021,-95.395928,-52.044276,13.433020,12.343242,0.115472|3.640986,-95.405443,-52.045127,13.428415,12.338454,0.118898
184|3.661856,-91.918059,-52.660968|3.661019,-91.922090,-52.561049,14.127785,13.321831,0.115416|3.660981,-91.931698,-52.561902,14.123421,13.317058,0.118893
185|3.681867,-88.503185,-53.084387|3.681016,-88.507116,-52.984464,14.810499,14.334922,0.115358|3.680975,-88.516814,-52.985320,14.806374,14.330156,0.118887
186|3.701877,-85.152836,-53.420231|3.701014,-85.156668,-53.320304,15.480048,15.382107,0.115299|3.700969,-85.166454,-53.321162,15.476160,15.377343,0.118882
187|3.721887,-81.871696,-53.674182|3.721012,-81.875431,-53.574252,16.135512,16.462970,0.115239|3.720964,-81.885302,-53.575112,16.131859,16.458199,0.118875
188|3.741897,-78.663557,-53.851787|3.741010,-78.667198,-53.751853,16.776152,17.577078,0.115177|3.740958,-78.677151,-53.752715,16.772729,17.572289,0.118868
189|3.761907,-75.531402,-53.958415|3.761008,-75.534949,-53.858478,17.401390,18.723989,0.115114|3.760953,-75.544983,-53.859341,17.398191,18.719171,0.118860
190|3.781917,-72.477482,-53.999240|3.781007,-72.480937,-53.899300,18.010791,19.903246,0.115049|3.780948,-72.491050,-53.900165,18.007811,19.898384,0.118852
191|3.801927,-69.503397,-53.979219|3.801006,-69.506761,-53.879276,18.604052,21.114380,0.114983|3.800943,-69.516951,-53.880142,18.601284,21.109461,0.118842
192|3.821938,-66.610168,-53.903079|3.821006,-66.613443,-53.803132,19.180985,22.356912,0.114915|3.820939,-66.623708,-53.804000,19.178421,22.351918,0.118832
193|3.841948,-63.798308,-53.775307|3.841006,-63.801495,-53.675357,19.741501,23.630348,0.114846|3.840935,-63.811833,-53.676226,19.739134,23.625261,0.118821
194|3.861958,-61.067882,-53.600149|3.861007,-61.070982,-53.500197,20.285602,24.934186,0.114774|3.860931,-61.081392,-53.501066,20.283424,24.928986,0.118809
195|3.881968,-58.418572,-53.381609|3.881009,-58.421586,-53.281654,20.813365,26.267909,0.114702|3.880928,-58.432066,-53.282523,20.811366,26.262576,0.118796
196|3.901978,-55.849728,-53.123448|3.901011,-55.852657,-53.023491,21.324933,27.630991,0.114627|3.900925,-55.863204,-53.024360,21.323104,27.625501,0.118781
197|3.921988,-53.360416,-52.829194|3.921015,-53.363260,-52.729234,21.820503,29.022893,0.114551|3.920924,-53.373874,-52.730104,21.818836,29.017222,0.118766
198|3.941998,-50.949465,-52.502143|3.941019,-50.952227,-52.402181,22.300322,30.443067,0.114474|3.940922,-50.962906,-52.403050,22.298806,30.437190,0.118749
199|3.962009,-48.615507,-52.145370|3.961024,-48.618187,-52.045406,22.764674,31.890952,0.114394|3.960922,-48.628929,-52.046275,22.763299,31.884842,0.118731
200|3.982019,-46.357012,-51.761737|3.981030,-46.359611,-51.661770,23.213874,33.365979,0.114313|3.980923,-46.370414,-51.662639,23.212631,33.359608,0.118712
201|4.002029,-44.172317,-51.353902|4.001037,-44.174836,-51.253933,23.648264,34.867566,0.114230|4.000924,-44.185699,-51.254801,23.647143,34.860905,0.118691
202|4.022039,-42.059659,-50.924330|4.021046,-42.062099,-50.824360,24.068205,36.395122,0.114146|4.020926,-42.073020,-50.825226,24.067196,36.388142,0.118668
203|4.042049,-40.017196,-50.475302|4.041055,-40.019558,-50.375330,24.474074,37.948047,0.114060|4.040930,-40.030535,-50.376195,24.473166,37.940716,0.118644
204|4.062059,-38.043027,-50.008926|4.061066,-38.045313,-49.908952,24.866257,39.525730,0.113972|4.060934,-38.056345,-49.909816,24.865441,39.518015,0.118618
205|4.082069,-36.135217,-49.527147|4.081078,-36.137427,-49.427171,25.245149,41.127550,0.113883|4.080940,-36.148512,-49.428034,25.244415,41.119420,0.118590
206|4.102080,-34.291805,-49.031756|4.101091,-34.293940,-48.931779,25.611149,42.752877,0.113792|4.100947,-34.305077,-48.932641,25.610487,42.744298,0.118560
207|4.122090,-32.510824,-48.524404|4.121106,-32.512886,-48.424425,25.964656,44.401073,0.113699|4.120955,-32.524071,-48.425285,25.964055,44.392010,0.118528
208|4.142100,-30.790309,-48.006605|4.141123,-30.792298,-47.906624,26.306067,46.071489,0.113605|4.140965,-30.803532,-47.907483,26.305519,46.061909,0.118494
209|4.162110,-29.128309,-47.479748|4.161141,-29.130227,-47.379767,26.635779,47.763469,0.113509|4.160976,-29.141506,-47.380623,26.635273,47.753337,0.118458
210|4.182120,-27.522893,-46.945110|4.181160,-27.524743,-46.845127,26.954182,49.476347,0.113412|4.180988,-27.536065,-46.845981,26.953709,49.465628,0.118419
211|4.202130,-25.972162,-46.403855|4.201181,-25.973944,-46.303871,27.261660,51.209450,0.113313|4.201002,-25.985308,-46.304723,27.261210,51.198109,0.118378
212|4.222140,-24.474249,-45.857050|4.221204,-24.475963,-45.757065,27.558590,52.962096,0.113213|4.221018,-24.487367,-45.757915,27.558155,52.950098,0.118334
213|4.242151,-23.027324,-45.305670|4.241229,-23.028974,-45.205684,27.845343,54.733596,0.113111|4.241035,-23.040416,-45.206531,27.844913,54.720906,0.118288
214|4.262161,-21.629604,-44.750602|4.261255,-21.631190,-44.650614,28.122278,56.523252,0.113009|4.261054,-21.642668,-44.651459,28.121844,56.509837,0.118239
215|4.282171,-20.279347,-44.192654|4.281283,-20.280872,-44.092666,28.389746,58.330359,0.112904|4.281075,-20.292383,-44.093507,28.389300,58.316185,0.118187
216|4.302181,-18.974862,-43.632562|4.301313,-18.976327,-43.532573,28.648088,60.154205,0.112799|4.301097,-18.987870,-43.533412,28.647623,60.139239,0.118132
217|4.322191,-17.714505,-43.070995|4.321345,-17.715911,-42.971005,28.897637,61.994073,0.112693|4.321122,-17.727484,-42.971841,28.897142,61.978282,0.118075
218|4.342201,-16.496682,-42.508557|4.341379,-16.498032,-42.408566,29.138712,63.849235,0.112585|4.341148,-16.509632,-42.409399,29.138181,63.832590,0.118014
219|4.362211,-15.319850,-41.945796|4.361414,-15.321147,-41.845805,29.371625,65.718961,0.112476|4.361176,-15.332772,-41.846635,29.371050,65.701430,0.117950
220|4.382222,-14.182518,-41.383209|4.381452,-14.183763,-41.283216,29.596676,67.602511,0.112367|4.381206,-14.195411,-41.284043,29.596049,67.584066,0.117882
221|4.402232,-13.083244,-40.821241|4.401492,-13.084439,-40.721248,29.814155,69.499143,0.112256|4.401238,-13.096108,-40.722072,29.813469,69.479755,0.117811
222|4.422242,-12.020636,-40.260295|4.421533,-12.021784,-40.160301,30.024341,71.408105,0.112145|4.421272,-12.033472,-40.161122,30.023590,71.387750,0.117737
223|4.442252,-10.993354,-39.700732|4.441577,-10.994457,-39.600738,30.227505,73.328643,0.112033|4.441308,-11.006161,-39.601555,30.226681,73.307295,0.117659
224|4.462262,-10.000104,-39.142875|4.461623,-10.001164,-39.042880,30.423907,75.259996,0.111921|4.461346,-10.012883,-39.043695,30.423004,75.237633,0.117577
225|4.482272,-9.039641,-38.587013|4.481670,-9.040662,-38.487018,30.613796,77.201399,0.111807|4.481386,-9.052392,-38.487829,30.612807,77.177999,0.117492
226|4.502282,-8.110768,-38.033403|4.501720,-8.111751,-37.933408,30.797413,79.152081,0.111694|4.501428,-8.123491,-37.934216,30.796334,79.127626,0.117403
227|4.522293,-7.212331,-37.482274|4.521772,-7.213279,-37.382278,30.974989,81.111269,0.111580|4.521473,-7.225027,-37.383083,30.973814,81.085742,0.117310
228|4.542303,-6.343222,-36.933826|4.541826,-6.344139,-36.833830,31.146748,83.078184,0.111465|4.541519,-6.355892,-36.834632,31.145471,83.051569,0.117213
229|4.562313,-5.502376,-36.388236|4.561882,-5.503264,-36.288240,31.312902,85.052044,0.111351|4.561568,-5.515021,-36.289039,31.311518,85.024329,0.117112
230|4.582323,-4.688770,-35.845660|4.581940,-4.689632,-35.745664,31.473657,87.032063,0.111236|4.581619,-4.701391,-35.746460,31.472162,87.003238,0.117007
231|4.602333,-3.901420,-35.306232|4.602000,-3.902260,-35.206235,31.629210,89.017453,0.111121|4.601672,-3.914018,-35.207029,31.627600,88.987508,0.116898
232|4.622343,-3.139383,-34.770067|4.622062,-3.140204,-34.670070,31.779750,91.007422,0.111006|4.621727,-3.151959,-34.670861,31.778020,90.976351,0.116785
233|4.642353,-2.401752,-34.237263|4.642126,-2.402558,-34.137267,31.925459,93.001175,0.110892|4.641785,-2.414307,-34.138055,31.923606,92.968975,0.116667
234|4.662364,-1.687658,-33.707905|4.662191,-1.688451,-33.607908,32.066511,94.997916,0.110777|4.661844,-1.700194,-33.608694,32.064531,94.964586,0.116546
235|4.682374,-0.996266,-33.182060|4.682259,-0.997050,-33.082063,32.203073,96.996847,0.110663|4.681906,-1.008784,-33.082847,32.200963,96.962387,0.116420
236|4.702384,-0.326774,-32.659785|4.702329,-0.327554,-32.559788,32.335305,98.997168,0.110550|4.701970,-0.339276,-32.560569,32.333062,98.961581,0.116291
237|4.722394,0.321585,-32.141123|4.722401,0.320807,-32.041126,31.821748,99.001924,0.110436|4.722035,0.309098,-32.041906,31.842786,99.038632,0.116157
238|4.742404,0.949550,-31.626109|4.742475,0.948769,-31.526112,30.689851,97.001230,0.110324|4.742103,0.937075,-31.526890,30.710722,97.039051,0.116019
239|4.762414,1.557827,-31.114765|4.762550,1.557041,-31.014768,29.593450,95.001553,0.110212|4.762173,1.545363,-31.015545,29.614147,95.040478,0.115876
240|4.782424,2.147096,-30.607106|4.782627,2.146299,-30.507109,28.531322,93.003698,0.110101|4.782245,2.134640,-30.507885,28.551841,93.043713,0.115730
241|4.802435,2.718007,-30.103139|4.802706,2.717196,-30.003143,27.502296,91.008466,0.109991|4.802319,2.705557,-30.003918,27.522631,91.049558,0.115579
242|4.822445,3.271185,-29.602864|4.822787,3.270355,-29.502867,26.505249,89.016662,0.109881|4.822395,3.258738,-29.503642,26.525396,89.058813,0.115425
243|4.842455,3.807228,-29.106273|4.842869,3.806376,-29.006276,25.539101,87.029088,0.109773|4.842473,3.794782,-29.007050,25.559055,87.072280,0.115266
244|4.862465,4.326712,-28.613352|4.862953,4.325833,-28.513356,24.602818,85.046544,0.109665|4.862553,4.314263,-28.514130,24.622576,85.090758,0.115104
245|4.882475,4.830187,-28.124083|4.883039,4.829277,-28.024087,23.695408,83.069832,0.109559|4.882634,4.817734,-28.024861,23.714966,83.115045,0.114938
246|4.902485,5.318183,-27.638442|4.903126,5.317237,-27.538447,22.815920,81.099750,0.109454|4.902718,5.305721,-27.539222,22.835274,81.145937,0.114767
247|4.922495,5.791206,-27.156402|4.923214,5.790220,-27.056407,21.963438,79.137093,0.109351|4.922803,5.778733,-27.057183,21.982587,79.184229,0.114594
248|4.942506,6.249743,-26.677930|4.943304,6.248712,-26.577936,21.137088,77.182655,0.109248|4.942889,6.237255,-26.578713,21.156029,77.230713,0.114416
249|4.962516,6.694262,-26.202991|4.963395,6.693181,-26.102997,20.336028,75.237229,0.109148|4.962978,6.681756,-26.103776,20.354759,75.286180,0.114235
250|4.982526,7.125209,-25.731546|4.983488,7.124074,-25.631553,19.559452,73.301601,0.109048|4.983067,7.112681,-25.632334,19.577971,73.351415,0.114051
251|5.002536,7.543015,-25.263554|5.003582,7.541822,-25.163561,18.806586,71.376556,0.108951|5.003159,7.530462,-25.164345,18.824891,71.427203,0.113863
252|5.022546,7.948092,-24.798970|5.023676,7.946835,-24.698978,18.076687,69.462876,0.108854|5.023251,7.935509,-24.699765,18.094778,69.514322,0.113672
253|5.042556,8.340836,-24.337749|5.043772,8.339511,-24.237758,17.369041,67.561336,0.108760|5.043346,8.328220,-24.238548,17.386917,67.613549,0.113479
254|5.062567,8.721627,-23.879841|5.063869,8.720228,-23.779851,16.682966,65.672709,0.108667|5.063441,8.708974,-23.780645,16.700626,65.725655,0.113282
255|5.082577,9.090829,-23.425198|5.083967,9.089352,-23.325208,16.017804,63.797762,0.108576|5.083538,9.078134,-23.326007,16.035248,63.851407,0.113082
256|5.102587,9.448792,-22.973766|5.104065,9.447232,-22.873778,15.372924,61.937258,0.108487|5.103635,9.436052,-22.874581,15.390152,61.991565,0.112880
257|5.122597,9.795852,-22.525494|5.124165,9.794204,-22.425508,14.747723,60.091952,0.108400|5.123734,9.783061,-22.426315,14.764735,60.146887,0.112676
258|5.142607,10.132331,-22.080327|5.144265,10.130590,-21.980342,14.141618,58.262595,0.108314|5.143834,10.119486,-21.981156,14.158416,58.318121,0.112469
259|5.162617,10.458539,-21.638211|5.164365,10.456699,-21.538227,13.554054,56.449932,0.108231|5.163935,10.445634,-21.539047,13.570638,56.506014,0.112260
260|5.182627,10.774772,-21.199088|5.184466,10.772829,-21.099107,12.984494,54.654701,0.108149|5.184036,10.761803,-21.099933,13.000864,54.711301,0.112049
261|5.202638,11.081316,-20.762904|5.204568,11.079264,-20.662925,12.432424,52.877632,0.108069|5.204138,11.068278,-20.663757,12.448583,52.934715,0.111836
262|5.222648,11.378444,-20.329600|5.224670,11.376279,-20.229623,11.897352,51.119449,0.107992|5.224241,11.365332,-20.230463,11.913301,51.176978,0.111622
263|5.242658,11.666419,-19.899119|5.244772,11.664135,-19.799145,11.378803,49.380869,0.107916|5.244345,11.653228,-19.799992,11.394544,49.438808,0.111406
264|5.262668,11.945493,-19.471402|5.264875,11.943086,-19.371431,10.876323,47.662599,0.107842|5.264449,11.932219,-19.372287,10.891857,47.720912,0.111189
265|5.282678,12.215909,-19.046392|5.284978,12.213372,-18.946424,10.389476,45.965339,0.107771|5.284553,12.202546,-18.947289,10.404805,46.023992,0.110971
266|5.302688,12.477898,-18.624030|5.305080,12.475228,-18.524066,9.917841,44.289782,0.107701|5.304658,12.464441,-18.524940,9.932969,44.348738,0.110753
267|5.322698,12.731685,-18.204257|5.325183,12.728875,-18.104297,9.461017,42.636608,0.107633|5.324763,12.718129,-18.105181,9.475945,42.695834,0.110533
268|5.342709,12.977482,-17.787015|5.345286,12.974528,-17.687059,9.018618,41.006492,0.107568|5.344868,12.963822,-17.687953,9.033348,41.065954,0.110313
269|5.362719,13.215497,-17.372245|5.365388,13.212394,-17.272293,8.590271,39.400098,0.107504|5.364973,13.201728,-17.273197,8.604807,39.459763,0.110093
270|5.382729,13.445925,-16.959888|5.385490,13.442668,-16.859941,8.175622,37.818079,0.107443|5.385078,13.432042,-16.860856,8.189966,37.877915,0.109872
271|5.402739,13.668958,-16.549885|5.405592,13.665541,-16.449943,7.774328,36.261080,0.107383|5.405183,13.654955,-16.450870,7.788483,36.321055,0.109652
272|5.422749,13.884776,-16.142178|5.425693,13.881195,-16.042242,7.386062,34.729734,0.107326|5.425288,13.870648,-16.043181,7.400030,34.789818,0.109432
273|5.442759,14.093554,-15.736709|5.445794,14.089803,-15.636779,7.010507,33.224664,0.107270|5.445393,14.079296,-15.637731,7.024293,33.284828,0.109212
274|5.462769,14.295459,-15.333420|5.465894,14.291534,-15.233497,6.647363,31.746482,0.107217|5.465497,14.281066,-15.234461,6.660969,31.806696,0.108993
275|5.482780,14.490652,-14.932253|5.485994,14.486548,-14.832337,6.296340,30.295789,0.107165|5.485601,14.476118,-14.833314,6.309770,30.356026,0.108775
276|5.502790,14.679287,-14.533150|5.506092,14.675000,-14.433241,5.957159,28.873174,0.107115|5.505704,14.664607,-14.434233,5.970415,28.933408,0.108558
277|5.522800,14.861512,-14.136053|5.526190,14.857036,-14.036154,5.629554,27.479214,0.107067|5.525807,14.846681,-14.037159,5.642640,27.539420,0.108342
278|5.542810,15.037467,-13.740907|5.546287,15.032798,-13.641017,5.313269,26.114476,0.107021|5.545909,15.022481,-13.642037,5.326189,26.174628,0.108127
279|5.562820,15.207290,-13.347655|5.566384,15.202422,-13.247773,5.008058,24.779511,0.106977|5.566010,15.192142,-13.248809,5.020816,24.839588,0.107914
280|5.582830,15.371109,-12.956239|5.586479,15.366039,-12.856368,4.713688,23.474863,0.106935|5.586110,15.355796,-12.857418,4.726286,23.534841,0.107703
281|5.602840,15.529050,-12.566604|5.606573,15.523772,-12.466743,4.429934,22.201057,0.106894|5.606210,15.513565,-12.467810,4.442375,22.260917,0.107494
282|5.622851,15.681231,-12.178694|5.626665,15.675742,-12.078845,4.156579,20.958609,0.106855|5.626308,15.665571,-12.079928,4.168868,21.018331,0.107287
283|5.642861,15.827767,-11.792454|5.646757,15.822062,-11.692617,3.893417,19.748022,0.106818|5.646405,15.811926,-11.693717,3.905558,19.807587,0.107082
284|5.662871,15.968767,-11.407829|5.666847,15.962841,-11.308005,3.640252,18.569784,0.106783|5.666502,15.952740,-11.309122,3.652247,18.629174,0.106879
285|5.682881,16.104335,-11.024765|5.686936,16.098184,-10.924954,3.396894,17.424369,0.106749|5.686597,16.088117,-10.926088,3.408748,17.483570,0.106679
286|5.702891,16.234570,-10.643206|5.707023,16.228190,-10.543409,3.163164,16.312240,0.106716|5.706690,16.218157,-10.544562,3.174880,16.371235,0.106482
287|5.722901,16.359569,-10.263098|5.727109,16.352955,-10.163317,2.938889,15.233843,0.106685|5.726783,16.342956,-10.164488,2.950470,15.292619,0.106288
288|5.742911,16.479421,-9.884389|5.747193,16.472571,-9.784624,2.723905,14.189610,0.106656|5.746874,16.462604,-9.785814,2.735355,14.248155,0.106097
289|5.762922,16.594213,-9.507026|5.767275,16.587122,-9.407277,2.518055,13.179962,0.106628|5.766963,16.577188,-9.408485,2.529378,13.238264,0.105908
290|5.782932,16.704029,-9.130954|5.787356,16.696693,-9.031223,2.321190,12.205302,0.106601|5.787051,16.686791,-9.032451,2.332389,12.263351,0.105724
291|5.802942,16.808945,-8.756121|5.807435,16.801361,-8.656409,2.133168,11.266020,0.106576|5.807137,16.791491,-8.657656,2.144246,11.323807,0.105542
292|5.822952,16.909037,-8.382476|5.827513,16.901201,-8.282784,1.953853,10.362491,0.106552|5.827222,16.891362,-8.284050,1.964815,10.420007,0.105364
293|5.842962,17.004376,-8.009966|5.847588,16.996284,-7.910294,1.783118,9.495074,0.106529|5.847305,16.986476,-7.911581,1.793967,9.552312,0.105190
294|5.862972,17.095029,-7.638539|5.867661,17.086678,-7.538888,1.620841,8.664114,0.106508|5.867386,17.076900,-7.540196,1.631579,8.721069,0.105020
295|5.882982,17.181059,-7.268145|5.887733,17.172445,-7.168516,1.466906,7.869941,0.106487|5.887465,17.162698,-7.169845,1.477538,7.926608,0.104853
296|5.902993,17.262527,-6.898731|5.907802,17.253647,-6.799126,1.321205,7.112869,0.106468|5.907542,17.243930,-6.800475,1.331735,7.169243,0.104691
297|5.923003,17.339488,-6.530248|5.927870,17.330340,-6.430667,1.183635,6.393196,0.106450|5.927618,17.320652,-6.432038,1.194065,6.449275,0.104532
298|5.943013,17.411996,-6.162644|5.947935,17.402577,-6.063088,1.054099,5.711207,0.106432|5.947691,17.392918,-6.064481,1.064433,5.766988,0.104378
299|5.963023,17.480102,-5.795869|5.967998,17.470408,-5.696340,0.932507,5.067168,0.106416|5.967762,17.460777,-5.697754,0.942748,5.122651,0.104228
300|5.983033,17.543851,-5.429874|5.988059,17.533880,-5.330373,0.818773,4.461331,0.106401|5.987832,17.524278,-5.331808,0.828925,4.516515,0.104083
301|6.003043,17.603288,-5.064609|6.008118,17.593038,-4.965135,0.712818,3.893933,0.106386|6.007899,17.583464,-4.966593,0.722884,3.948818,0.103942
302|6.023053,17.658454,-4.700023|6.028174,17.647921,-4.600579,0.614568,3.365194,0.106373|6.027963,17.638375,-4.602059,0.624552,3.419781,0.103805
303|6.043064,17.709385,-4.336067|6.048228,17.698567,-4.236654,0.523955,2.875317,0.106360|6.048026,17.689049,-4.238157,0.533860,2.929608,0.103674
304|6.063074,17.756116,-3.972693|6.068280,17.745012,-3.873311,0.440916,2.424492,0.106348|6.068086,17.735521,-3.874837,0.450745,2.478489,0.103547
305|6.083084,17.798679,-3.609851|6.088329,17.787286,-3.510502,0.365393,2.012890,0.106337|6.088144,17.777822,-3.512050,0.375149,2.066596,0.103424
306|6.103094,17.837103,-3.247492|6.108376,17.825419,-3.148176,0.297334,1.640667,0.106327|6.108200,17.815983,-3.149747,0.307019,1.694087,0.103307
307|6.123104,17.871413,-2.885567|6.128421,17.859437,-2.786287,0.236691,1.307964,0.106317|6.128253,17.850027,-2.787881,0.246309,1.361101,0.103194
308|6.143114,17.901633,-2.524028|6.148463,17.889363,-2.424784,0.183421,1.014903,0.106308|6.148304,17.879980,-2.426401,0.192976,1.067762,0.103086
309|6.163124,17.927782,-2.162827|6.168503,17.915217,-2.063620,0.137488,0.761593,0.106299|6.168353,17.905860,-2.065260,0.146983,0.814179,0.102984
310|6.183135,17.949880,-1.801915|6.188540,17.937017,-1.702746,0.098859,0.548125,0.106292|6.188399,17.927687,-1.704409,0.108296,0.600444,0.102886
311|6.203145,17.967939,-1.441243|6.208574,17.954777,-1.342113,0.067507,0.374575,0.106284|6.208442,17.945474,-1.343799,0.076889,0.426632,0.102793
312|6.223155,17.981973,-1.080764|6.228607,17.968512,-0.981674,0.043409,0.241000,0.106278|6.228484,17.959235,-0.983384,0.052739,0.292801,0.102705
313|6.243165,17.991990,-0.720429|6.248636,17.978228,-0.621381,0.026547,0.147444,0.106272|6.248522,17.968978,-0.623113,0.035829,0.198996,0.102623
314|6.263175,17.997998,-0.360191|6.268663,17.983935,-0.261184,0.016909,0.093934,0.106266|6.268558,17.974711,-0.262940,0.026145,0.145243,0.102545
