0.8573750000000001 -1.0919837620582129e-05
0.8566590338085444 -1.0856080344678887e-05
0.8545178061024408 -1.0669141738972598e-05
0.8509711839177696 -1.0363189039241938e-05
0.8460517994677004 -9.948365950696036e-06
0.8398043505247273 -9.427114563753669e-06
0.8322846590276978 -8.813360342307952e-06
0.8235585232173748 -8.145694038952378e-06
0.8137004050061217 -7.400724759465405e-06
0.8027919983628188 -6.630087905468152e-06
0.790920726149676 -5.829377289434667e-06
0.7781782121662542 -5.028052267430638e-06
0.7646587723754217 -4.20661253419663e-06
0.7504579647639108 -3.4446671318688615e-06
0.7356712314617505 -2.669785612030573e-06
0.7203926600794597 -1.9619888816935216e-06
0.7047138841813196 -1.2953269267201861e-06
0.6887231358181389 -6.764193644093197e-07
0.672504456448243 -1.0712247477950854e-07
0.6561370666544344 4.2054502158439533e-07
0.639694890004469 8.545458717312826e-07
0.6232462223065862 1.2308838147623291e-06
0.6068535344087218 1.5795572437804495e-06
0.5905733945474515 1.8533607366588711e-06
0.5744564949912019 2.087262774508325e-06
0.5585477672309025 2.2867559366090973e-06
0.5428865701216476 2.407417633021325e-06
0.5275069360369312 2.4947712181644377e-06
0.5124378611320943 2.5939150697373847e-06
0.4977036271057576 2.6316283912031224e-06
0.483324143291953 2.641571717365565e-06
0.4693152994232054 2.632323913231982e-06
0.4556893209053902 2.6026114096078246e-06
0.44245511988518366 2.608187532449069e-06
0.4296186367320961 2.546574629946896e-06
0.41718316777462155 2.4322894174866327e-06
0.40514967621023845 2.4024941283617984e-06
0.3935170840470543 2.2898805073223727e-06
0.3822825437327632 2.212564475689849e-06
0.37144168879113704 2.151560178464962e-06
0.36098886332763314 2.050634663575135e-06
0.3509173306959935 1.9642174660661205e-06
0.3412194619499685 1.8489872365412552e-06
0.3318869049516969 1.8058520149244472e-06
0.32291073518356483 1.7188054504679862e-06
0.31428158942549095 1.6478635243566409e-06
0.30598978352541456 1.5102455396265313e-06
0.29802541551699946 1.414005282029951e-06
0.2903784553337162 1.3862260774821777e-06
0.2830388223397944 1.2940520424109536e-06
0.2759964518522443 1.196141879045154e-06
0.2692413517693529 1.1459291093252055e-06
0.2627636503539782 1.1128443034857938e-06
0.25655363614799004 1.031854635902274e-06
0.2506017909200182 9.893080156198053e-07
0.2448988164743527 9.693902529306353e-07
0.2394356560759721 8.619710828994265e-07
0.23420351117640914 8.169624655385288e-07
0.22919385405831247 8.127805673496802e-07
0.22439843695366213 7.664094476833583e-07
0.21980929813196212 6.713636964694736e-07
0.21541876540051738 7.133048084417837e-07
0.2112194574090978 6.42288720181794e-07
0.2072042831058505 5.8120848622778e-07
0.2033664396500408 5.789364535546682e-07
0.19969940904992603 5.128152009703513e-07
0.19619695376051774 5.35667031092979e-07
0.19285311144593822 4.5201727288946003e-07
0.18966218908425078 4.770874150461513e-07
0.18661875656877785 4.122543086348962e-07
0.18371763993876583 4.4354925371470344e-07
0.18095391435355376 3.8078753647474706e-07
0.1783228969079239 3.4508732041360624e-07
0.1758201393718357 3.828348919543423e-07
0.17344142092506462 3.2603672195374855e-07
0.1711827409461918 3.4890766539841245e-07
0.1690403119057473 3.253332920005736e-07
0.16701055240494259 2.848972804059269e-07
0.1650900803941879 2.740475679163801e-07
0.16327570659935295 2.785580163755519e-07
0.16156442817836975 2.6480832657216347e-07
0.15995342262620102 2.553146456196753e-07
0.15844004194230113 2.474811525710052e-07
0.1570218070714004 2.2669238031181038e-07
0.15569640262567636 2.1999317711962618e-07
0.15446167189406296 2.1735787977816834e-07
0.15331561214254083 2.1976892705666273e-07
0.15225637020769087 2.1044298365024972e-07
0.1512822383845357 2.0336774109175337e-07
0.15039165060870052 2.0886158358379703e-07
0.14958317893215842 2.1345757011959066e-07
0.14885553029125423 1.777637179678493e-07
0.14820754356530308 1.912311882734663e-07
0.14763818692380198 1.9395879280459383e-07
0.14714655546016223 1.9149625440917362e-07
0.14673186910984362 1.789943054608667e-07
0.14639347085083657 1.8734845991241755e-07
0.14613082518457232 1.8063814552493618e-07
0.14594351689554175 1.7167268923090617e-07
0.14583125008815168 1.740013678419583e-07
