0.9268593749999998 -1.4398592395159504e-05
0.925963206893322 -1.43041125043597e-05
0.9232842283640619 -1.4021394834751177e-05
0.9188507797575308 -1.3557681572406999e-05
0.9127093154924638 -1.2936175787903181e-05
0.9049232711842866 -1.2161689920575647e-05
0.8955715477405476 -1.1271204924057088e-05
0.8847466767610476 -1.0264828638528734e-05
0.8725527423234699 -9.190567389572024e-06
0.8591031402861159 -8.086753143565772e-06
0.8445182575230912 -6.949620035334725e-06
0.8289231503377611 -5.800127284016909e-06
0.8124452943082653 -4.696428568151667e-06
0.795212467858793 -3.6147954834975238e-06
0.7773508198950316 -2.58871806058103e-06
0.7589831588809463 -1.6473829376195681e-06
0.7402274876839429 -7.804885341355927e-07
0.7211957961558408 -1.7669614216231366e-08
0.7019931123484392 6.753509715906603e-07
0.6827168038910707 1.2997049492202706e-06
0.6634561136008504 1.831135319152466e-06
0.6442919079046939 2.267274693656951e-06
0.6252966130406759 2.613297666376191e-06
0.6065343120907801 2.8793300826945867e-06
0.5880609754302789 3.124896111761366e-06
0.5699247978826634 3.2743726942063844e-06
0.5521666174607348 3.416298132941087e-06
0.534820392787398 3.460779045560969e-06
0.5179137188862913 3.4752886598488075e-06
0.5014683638119019 3.506290194188466e-06
0.48550081139021334 3.4509074957611574e-06
0.4700227980420237 3.4060128944468637e-06
0.4550418341754034 3.314775372520451e-06
0.44056170290578267 3.196309649955431e-06
0.4265829308618756 3.0996873545130477e-06
0.4131032275533022 2.936923322816032e-06
0.40011789121653 2.830877945392274e-06
0.3876201802355231 2.76394252868295e-06
0.3756016501748388 2.6169183001134577e-06
0.3640524571923265 2.4577762962607608e-06
0.35296162914393014 2.339068358725438e-06
0.3423173060820256 2.2286868412435545e-06
0.3321069521074858 2.0675088805433006e-06
0.32231754068831575 2.0332747452944666e-06
0.31293571562571887 1.913054947455528e-06
0.3039479298506323 1.7801549537233008e-06
0.29534056418609145 1.6706786734044243e-06
0.28710002812673824 1.6308004074927496e-06
0.27921284457743656 1.5029445310510425e-06
0.2716657203672826 1.3644977502336175e-06
0.26444560422040003 1.2620747091296458e-06
0.257539733726346 1.1943525293212076e-06
0.2509356727149186 1.178613973473741e-06
0.24462134030575186 1.1289432398087218e-06
0.23858503277450968 1.0573265085134231e-06
0.23281543925624212 9.504258977055535e-07
0.22730165219342513 9.174149669666232e-07
0.2220331733318698 8.581112403149849e-07
0.21699991597216223 7.91142483247409e-07
0.21219220409748474 7.835924294985475e-07
0.20760076892026313 7.304323783874356e-07
0.20321674331967626 6.535543543573219e-07
0.19903165457914754 5.995593048702119e-07
0.19503741577698108 6.49733391894225e-07
0.19122631613374017 5.194816937725832e-07
0.18759101057624072 5.521311481904156e-07
0.18412450873959527 4.786172752568874e-07
0.1808201635950747 4.33037322777885e-07
0.1776716598621641 4.308774979588925e-07
0.17467300233761945 4.405128959938942e-07
0.1718185042521467 3.76369092586204e-07
0.16910277574616372 3.864537697351178e-07
0.1665207125395848 3.7333943600503794e-07
0.16406748485639375 3.5557957531184847e-07
0.16173852665264982 3.1304665679132704e-07
0.1595295251862425 3.1295722266455606e-07
0.15743641095795502 2.804724135996306e-07
0.15545534804600558 3.0337046424966374e-07
0.15358272485003555 2.887706856968819e-07
0.15181514525534043 2.648200350396923e-07
0.1501494202238611 2.5259628211316e-07
0.14858255981494445 2.3616344632659825e-07
0.14711176563603381 2.296518508970724e-07
0.14573442372117598 2.3625596975995755e-07
0.14444809783344484 2.2943740224379283e-07
0.14325052318601272 2.1960655327557532e-07
0.14213960057559055 2.2088823106725108e-07
0.14111339092125405 1.7963778198293312e-07
0.1401701102012228 2.0602942174541283e-07
0.1393081247799347 1.849671362463834e-07
0.13852594711771482 1.6996417565029454e-07
0.1378222318554499 1.7444016309209331e-07
0.13719577226692842 1.881865586139675e-07
0.13664549707185755 1.7072271515927717e-07
0.13617046760301665 1.5791151089517008e-07
0.1357698753215271 1.8177485486270406e-07
0.13544303967480395 1.555790465068707e-07
0.13518940629238962 1.7582586231412733e-07
0.13500854551554567 1.52969180322593e-07
0.13490015125718785 1.6115078593781362e-07
