0.562508	0.488397	0.075971
0.562532	0.488385	0.075975
0.562572	0.488365	0.075983
0.562628	0.488338	0.075994
0.562700	0.488303	0.076009
0.562788	0.488260	0.076027
0.562892	0.488209	0.076048
0.563012	0.488151	0.076074
0.563148	0.488085	0.076102
0.563300	0.488011	0.076134
0.563468	0.487929	0.076169
0.563652	0.487839	0.076208
0.563852	0.487742	0.076250
0.564068	0.487638	0.076296
0.564300	0.487525	0.076345
0.564548	0.487405	0.076398
0.564813	0.487277	0.076454
0.565093	0.487142	0.076514
0.565389	0.486999	0.076577
0.565702	0.486849	0.076644
0.566030	0.486691	0.076714
0.566375	0.486526	0.076788
0.566736	0.486353	0.076865
0.567113	0.486173	0.076945
0.567506	0.485985	0.077030
0.567915	0.485791	0.077118
0.568340	0.485589	0.077209
0.568782	0.485379	0.077304
0.569239	0.485163	0.077402
0.569713	0.484939	0.077504
0.570203	0.484708	0.077610
0.570709	0.484470	0.077719
0.571232	0.484226	0.077832
0.571771	0.483974	0.077949
0.572326	0.483715	0.078069
0.572897	0.483450	0.078193
0.573485	0.483177	0.078320
0.574088	0.482898	0.078452
0.574709	0.482613	0.078587
0.575345	0.482320	0.078725
0.575998	0.482021	0.078867
0.576667	0.481716	0.079013
0.577353	0.481404	0.079163
0.578055	0.481086	0.079317
0.578774	0.480761	0.079474
0.579508	0.480431	0.079635
0.580260	0.480094	0.079800
0.581028	0.479751	0.079969
0.581812	0.479402	0.080142
0.582613	0.479047	0.080318
0.583430	0.478686	0.080498
0.584264	0.478319	0.080683
0.585114	0.477947	0.080871
0.585981	0.477569	0.081063
0.586865	0.477185	0.081259
0.587765	0.476796	0.081459
0.588682	0.476402	0.081663
0.589616	0.476002	0.081871
0.590566	0.475597	0.082083
0.591533	0.475187	0.082299
0.592516	0.474772	0.082520
0.593516	0.474352	0.082744
0.594533	0.473927	0.082972
0.595567	0.473498	0.083205
0.596617	0.473063	0.083442
0.597684	0.472624	0.083683
0.598768	0.472181	0.083928
0.599869	0.471733	0.084177
0.600987	0.471281	0.084431
0.602121	0.470825	0.084689
0.603272	0.470364	0.084951
0.604441	0.469900	0.085217
0.605626	0.469432	0.085488
0.606827	0.468960	0.085763
0.608046	0.468484	0.086043
0.609282	0.468005	0.086327
0.610534	0.467522	0.086616
0.611804	0.467036	0.086909
0.613090	0.466547	0.087206
0.614393	0.466055	0.087508
0.615713	0.465559	0.087815
0.617050	0.465061	0.088126
0.618405	0.464560	0.088442
0.619776	0.464056	0.088762
0.621163	0.463550	0.089087
0.622568	0.463042	0.089417
0.623990	0.462531	0.089752
0.625429	0.462018	0.090091
0.626885	0.461502	0.090435
0.628357	0.460985	0.090784
0.629847	0.460466	0.091138
0.631353	0.459946	0.091496
0.632877	0.459424	0.091860
0.634417	0.458900	0.092228
0.635974	0.458375	0.092602
0.637548	0.457849	0.092980
0.639139	0.457322	0.093363
0.640747	0.456794	0.093752
0.642372	0.456265	0.094146
0.644013	0.455736	0.094544
0.645671	0.455206	0.094948
0.647346	0.454675	0.095357
0.649038	0.454145	0.095771
0.650747	0.453614	0.096191
0.652472	0.453083	0.096615
0.654214	0.452553	0.097045
0.655972	0.452022	0.097481
0.657747	0.451493	0.097921
0.659539	0.450963	0.098367
0.661347	0.450435	0.098819
0.663171	0.449907	0.099276
0.665012	0.449381	0.099738
0.666869	0.448855	0.100206
0.668743	0.448331	0.100680
0.670633	0.447808	0.101159
0.672539	0.447287	0.101644
0.674461	0.446768	0.102134
0.676399	0.446251	0.102630
0.678353	0.445735	0.103132
0.680324	0.445222	0.103640
0.682310	0.444711	0.104153
0.684311	0.444202	0.104672
0.686329	0.443697	0.105197
0.688362	0.443194	0.105728
0.690411	0.442694	0.106264
0.692475	0.442197	0.106807
0.694555	0.441703	0.107355
0.696649	0.441212	0.107910
0.698759	0.440726	0.108470
0.700884	0.440243	0.109037
0.703024	0.439763	0.109609
0.705179	0.439288	0.110188
0.707349	0.438817	0.110773
0.709533	0.438350	0.111363
0.711731	0.437888	0.111960
0.713944	0.437431	0.112564
0.716171	0.436978	0.113173
0.718413	0.436530	0.113789
0.720668	0.436087	0.114411
0.722936	0.435650	0.115039
0.725219	0.435218	0.115673
0.727515	0.434792	0.116314
0.729824	0.434371	0.116961
0.732147	0.433956	0.117614
0.734482	0.433548	0.118274
0.736830	0.433145	0.118940
0.739191	0.432749	0.119613
0.741564	0.432360	0.120292
0.743949	0.431977	0.120978
0.746347	0.431601	0.121669
0.748756	0.431233	0.122368
0.751177	0.430871	0.123073
0.753609	0.430517	0.123784
0.756052	0.430170	0.124502
0.758507	0.429831	0.125226
0.760972	0.429500	0.125957
0.763447	0.429177	0.126694
0.765933	0.428862	0.127438
0.768429	0.428555	0.128188
0.770934	0.428257	0.128945
0.773449	0.427968	0.129708
0.775974	0.427687	0.130478
0.778507	0.427415	0.131254
0.781049	0.427152	0.132036
0.783599	0.426899	0.132826
0.786157	0.426655	0.133621
0.788723	0.426421	0.134423
0.791297	0.426196	0.135232
0.793877	0.425981	0.136047
0.796465	0.425776	0.136868
0.799059	0.425582	0.137696
0.801659	0.425398	0.138530
0.804265	0.425224	0.139370
0.806877	0.425061	0.140217
0.809494	0.424909	0.141070
0.812116	0.424767	0.141929
0.814742	0.424637	0.142794
0.817372	0.424518	0.143665
0.820007	0.424410	0.144543
0.822644	0.424314	0.145427
0.825285	0.424230	0.146316
0.827928	0.424157	0.147212
0.830573	0.424096	0.148114
0.833220	0.424047	0.149021
0.835869	0.424011	0.149934
0.838519	0.423986	0.150853
0.841169	0.423974	0.151778
0.843819	0.423975	0.152708
0.846470	0.423988	0.153644
0.849119	0.424014	0.154586
0.851768	0.424053	0.155532
0.854415	0.424105	0.156484
0.857060	0.424170	0.157442
0.859702	0.424248	0.158404
0.862342	0.424340	0.159371
0.864978	0.424445	0.160344
0.867611	0.424563	0.161321
0.870239	0.424695	0.162303
0.872863	0.424841	0.163290
0.875481	0.425000	0.164281
0.878094	0.425173	0.165276
0.880701	0.425360	0.166276
0.883301	0.425561	0.167280
0.885894	0.425776	0.168289
0.888479	0.426005	0.169301
0.891057	0.426249	0.170317
0.893626	0.426506	0.171336
0.896185	0.426777	0.172359
0.898736	0.427063	0.173385
0.901276	0.427363	0.174415
0.903806	0.427677	0.175448
0.906325	0.428006	0.176483
0.908832	0.428349	0.177521
0.911328	0.428706	0.178562
0.913811	0.429077	0.179605
0.916281	0.429463	0.180651
0.918738	0.429863	0.181698
0.921181	0.430277	0.182748
0.923609	0.430705	0.183798
0.926023	0.431147	0.184851
0.928421	0.431603	0.185904
0.930804	0.432073	0.186959
0.933170	0.432557	0.188015
0.935520	0.433055	0.189071
0.937852	0.433567	0.190127
0.940167	0.434092	0.191184
0.942463	0.434630	0.192241
0.944741	0.435182	0.193297
0.947000	0.435747	0.194353
0.949240	0.436325	0.195408
0.951460	0.436915	0.196462
0.953659	0.437519	0.197515
0.955838	0.438135	0.198566
0.957996	0.438763	0.199616
0.960132	0.439403	0.200663
0.962246	0.440055	0.201709
0.964338	0.440718	0.202751
0.966407	0.441393	0.203791
0.968454	0.442079	0.204828
0.970477	0.442775	0.205862
0.972476	0.443482	0.206892
0.974451	0.444200	0.207918
0.976402	0.444927	0.208939
0.978328	0.445663	0.209956
0.980229	0.446409	0.210969
0.982104	0.447163	0.211976
0.983955	0.447926	0.212978
0.985779	0.448696	0.213974
0.987577	0.449475	0.214964
0.989349	0.450260	0.215948
0.991094	0.451052	0.216925
0.992812	0.451850	0.217896
0.994503	0.452654	0.218859
0.996167	0.453464	0.219814
0.997804	0.454278	0.220762
0.999412	0.455096	0.221701
1.000994	0.455919	0.222632
1.002547	0.456744	0.223554
1.004072	0.457572	0.224467
1.005569	0.458402	0.225370
1.007037	0.459234	0.226264
1.008477	0.460066	0.227147
1.009889	0.460899	0.228020
1.011271	0.461731	0.228882
1.012626	0.462563	0.229734
1.013951	0.463393	0.230574
1.015248	0.464220	0.231402
1.016516	0.465045	0.232218
1.017755	0.465867	0.233022
1.018965	0.466684	0.233813
1.020147	0.467496	0.234591
1.021299	0.468303	0.235357
1.022423	0.469103	0.236108
1.023518	0.469896	0.236846
1.024584	0.470682	0.237569
1.025622	0.471459	0.238278
1.026630	0.472227	0.238973
1.027611	0.472986	0.239652
1.028562	0.473734	0.240316
1.029485	0.474470	0.240965
1.030380	0.475195	0.241598
1.031247	0.475907	0.242214
1.032085	0.476606	0.242815
1.032895	0.477291	0.243398
1.033677	0.477961	0.243965
1.034431	0.478615	0.244515
1.035158	0.479254	0.245047
1.035857	0.479876	0.245562
1.036528	0.480480	0.246059
1.037171	0.481067	0.246538
1.037788	0.481635	0.246998
1.038377	0.482183	0.247441
1.038939	0.482712	0.247864
1.039473	0.483220	0.248269
1.039981	0.483707	0.248655
1.040463	0.484173	0.249022
1.040917	0.484617	0.249369
1.041345	0.485038	0.249697
1.041746	0.485436	0.250005
1.042121	0.485811	0.250293
1.042470	0.486162	0.250562
1.042793	0.486488	0.250810
1.043089	0.486790	0.251039
1.043359	0.487067	0.251247
1.043604	0.487318	0.251435
1.043822	0.487544	0.251602
1.044015	0.487744	0.251749
1.044181	0.487917	0.251875
1.044323	0.488065	0.251981
1.044438	0.488185	0.252066
1.044528	0.488279	0.252130
1.044592	0.488347	0.252173
1.044630	0.488387	0.252196
1.044643	0.488400	0.252198
1.044630	0.488387	0.252179
1.044592	0.488347	0.252140
1.044528	0.488279	0.252080
1.044438	0.488185	0.251999
1.044323	0.488065	0.251897
1.044181	0.487917	0.251775
1.044015	0.487744	0.251633
1.043822	0.487544	0.251470
1.043604	0.487318	0.251286
1.043359	0.487067	0.251083
1.043089	0.486790	0.250859
1.042793	0.486488	0.250615
1.042470	0.486162	0.250351
1.042121	0.485811	0.250067
1.041746	0.485436	0.249763
1.041345	0.485038	0.249440
1.040917	0.484617	0.249098
1.040463	0.484173	0.248736
1.039981	0.483707	0.248355
1.039473	0.483220	0.247955
1.038939	0.482712	0.247537
1.038377	0.482183	0.247100
1.037788	0.481635	0.246644
1.037171	0.481067	0.246171
1.036528	0.480480	0.245679
1.035857	0.479876	0.245170
1.035158	0.479254	0.244644
1.034431	0.478615	0.244100
1.033677	0.477961	0.243539
1.032895	0.477291	0.242962
1.032085	0.476606	0.242368
1.031247	0.475907	0.241757
1.030380	0.475195	0.241131
1.029485	0.474470	0.240489
1.028562	0.473734	0.239831
1.027611	0.472986	0.239159
1.026630	0.472227	0.238471
1.025622	0.471459	0.237769
1.024584	0.470682	0.237053
1.023518	0.469896	0.236322
1.022423	0.469103	0.235578
1.021299	0.468303	0.234820
1.020147	0.467496	0.234049
1.018965	0.466684	0.233266
1.017755	0.465867	0.232469
1.016516	0.465045	0.231661
1.015248	0.464220	0.230841
1.013951	0.463393	0.230009
1.012626	0.462563	0.229165
1.011271	0.461731	0.228311
1.009889	0.460899	0.227446
1.008477	0.460066	0.226571
1.007037	0.459234	0.225685
1.005569	0.458402	0.224790
1.004072	0.457572	0.223886
1.002547	0.456744	0.222972
1.000994	0.455919	0.222050
0.999412	0.455096	0.221119
0.997804	0.454278	0.220180
0.996167	0.453464	0.219233
0.994503	0.452654	0.218278
0.992812	0.451850	0.217317
0.991094	0.451052	0.216348
0.989349	0.450260	0.215373
0.987577	0.449475	0.214391
0.985779	0.448696	0.213404
0.983955	0.447926	0.212410
0.982104	0.447163	0.211412
0.980229	0.446409	0.210408
0.978328	0.445663	0.209399
0.976402	0.444927	0.208386
0.974451	0.444200	0.207368
0.972476	0.443482	0.206347
0.970477	0.442775	0.205322
0.968454	0.442079	0.204293
0.966407	0.441393	0.203262
0.964338	0.440718	0.202227
0.962246	0.440055	0.201190
0.960132	0.439403	0.200150
0.957996	0.438763	0.199109
0.955838	0.438135	0.198065
0.953659	0.437519	0.197020
0.951460	0.436915	0.195974
0.949240	0.436325	0.194926
0.947000	0.435747	0.193878
0.944741	0.435182	0.192829
0.942463	0.434630	0.191779
0.940167	0.434092	0.190730
0.937852	0.433567	0.189680
0.935520	0.433055	0.188631
0.933170	0.432557	0.187583
0.930804	0.432073	0.186535
0.928421	0.431603	0.185488
0.926023	0.431147	0.184442
0.923609	0.430705	0.183397
0.921181	0.430277	0.182354
0.918738	0.429863	0.181313
0.916281	0.429463	0.180273
0.913811	0.429077	0.179236
0.911328	0.428706	0.178201
0.908832	0.428349	0.177168
0.906325	0.428006	0.176138
0.903806	0.427677	0.175110
0.901276	0.427363	0.174086
0.898736	0.427063	0.173064
0.896185	0.426777	0.172046
0.893626	0.426506	0.171031
0.891057	0.426249	0.170020
0.888479	0.426005	0.169012
0.885894	0.425776	0.168008
0.883301	0.425561	0.167008
0.880701	0.425360	0.166012
0.878094	0.425173	0.165020
0.875481	0.425000	0.164032
0.872863	0.424841	0.163048
0.870239	0.424695	0.162070
0.867611	0.424563	0.161095
0.864978	0.424445	0.160126
0.862342	0.424340	0.159161
0.859702	0.424248	0.158201
0.857060	0.424170	0.157246
0.854415	0.424105	0.156296
0.851768	0.424053	0.155352
0.849119	0.424014	0.154412
0.846470	0.423988	0.153478
0.843819	0.423975	0.152549
0.841169	0.423974	0.151626
0.838519	0.423986	0.150708
0.835869	0.424011	0.149796
0.833220	0.424047	0.148890
0.830573	0.424096	0.147989
0.827928	0.424157	0.147094
0.825285	0.424230	0.146205
0.822644	0.424314	0.145322
0.820007	0.424410	0.144444
0.817372	0.424518	0.143573
0.814742	0.424637	0.142708
0.812116	0.424767	0.141848
0.809494	0.424909	0.140995
0.806877	0.425061	0.140148
0.804265	0.425224	0.139307
0.801659	0.425398	0.138472
0.799059	0.425582	0.137644
0.796465	0.425776	0.136822
0.793877	0.425981	0.136006
0.791297	0.426196	0.135196
0.788723	0.426421	0.134392
0.786157	0.426655	0.133595
0.783599	0.426899	0.132805
0.781049	0.427152	0.132020
0.778507	0.427415	0.131242
0.775974	0.427687	0.130471
0.773449	0.427968	0.129705
0.770934	0.428257	0.128947
0.768429	0.428555	0.128194
0.765933	0.428862	0.127448
0.763447	0.429177	0.126708
0.760972	0.429500	0.125975
0.758507	0.429831	0.125248
0.756052	0.430170	0.124528
0.753609	0.430517	0.123814
0.751177	0.430871	0.123106
0.748756	0.431233	0.122405
0.746347	0.431601	0.121710
0.743949	0.431977	0.121021
0.741564	0.432360	0.120339
0.739191	0.432749	0.119663
0.736830	0.433145	0.118993
0.734482	0.433548	0.118330
0.732147	0.433956	0.117673
0.729824	0.434371	0.117022
0.727515	0.434792	0.116378
0.725219	0.435218	0.115740
0.722936	0.435650	0.115108
0.720668	0.436087	0.114482
0.718413	0.436530	0.113863
0.716171	0.436978	0.113249
0.713944	0.437431	0.112642
0.711731	0.437888	0.112041
0.709533	0.438350	0.111446
0.707349	0.438817	0.110857
0.705179	0.439288	0.110274
0.703024	0.439763	0.109697
0.700884	0.440243	0.109126
0.698759	0.440726	0.108561
0.696649	0.441212	0.108002
0.694555	0.441703	0.107449
0.692475	0.442197	0.106902
0.690411	0.442694	0.106361
0.688362	0.443194	0.105826
0.686329	0.443697	0.105296
0.684311	0.444202	0.104772
0.682310	0.444711	0.104254
0.680324	0.445222	0.103742
0.678353	0.445735	0.103236
0.676399	0.446251	0.102735
0.674461	0.446768	0.102240
0.672539	0.447287	0.101750
0.670633	0.447808	0.101266
0.668743	0.448331	0.100787
0.666869	0.448855	0.100314
0.665012	0.449381	0.099847
0.663171	0.449907	0.099385
0.661347	0.450435	0.098928
0.659539	0.450963	0.098477
0.657747	0.451493	0.098032
0.655972	0.452022	0.097591
0.654214	0.452553	0.097156
0.652472	0.453083	0.096726
0.650747	0.453614	0.096302
0.649038	0.454145	0.095882
0.647346	0.454675	0.095468
0.645671	0.455206	0.095059
0.644013	0.455736	0.094655
0.642372	0.456265	0.094257
0.640747	0.456794	0.093863
0.639139	0.457322	0.093474
0.637548	0.457849	0.093091
0.635974	0.458375	0.092712
0.634417	0.458900	0.092338
0.632877	0.459424	0.091970
0.631353	0.459946	0.091606
0.629847	0.460466	0.091247
0.628357	0.460985	0.090893
0.626885	0.461502	0.090543
0.625429	0.462018	0.090199
0.623990	0.462531	0.089859
0.622568	0.463042	0.089524
0.621163	0.463550	0.089194
0.619776	0.464056	0.088868
0.618405	0.464560	0.088547
0.617050	0.465061	0.088230
0.615713	0.465559	0.087918
0.614393	0.466055	0.087611
0.613090	0.466547	0.087308
0.611804	0.467036	0.087010
0.610534	0.467522	0.086716
0.609282	0.468005	0.086427
0.608046	0.468484	0.086142
0.606827	0.468960	0.085861
0.605626	0.469432	0.085585
0.604441	0.469900	0.085314
0.603272	0.470364	0.085046
0.602121	0.470825	0.084783
0.600987	0.471281	0.084524
0.599869	0.471733	0.084270
0.598768	0.472181	0.084019
0.597684	0.472624	0.083773
0.596617	0.473063	0.083531
0.595567	0.473498	0.083293
0.594533	0.473927	0.083060
0.593516	0.474352	0.082830
0.592516	0.474772	0.082605
0.591533	0.475187	0.082383
0.590566	0.475597	0.082166
0.589616	0.476002	0.081953
0.588682	0.476402	0.081744
0.587765	0.476796	0.081538
0.586865	0.477185	0.081337
0.585981	0.477569	0.081140
0.585114	0.477947	0.080947
0.584264	0.478319	0.080757
0.583430	0.478686	0.080572
0.582613	0.479047	0.080390
0.581812	0.479402	0.080212
0.581028	0.479751	0.080038
0.580260	0.480094	0.079868
0.579508	0.480431	0.079702
0.578774	0.480761	0.079540
0.578055	0.481086	0.079381
0.577353	0.481404	0.079226
0.576667	0.481716	0.079075
0.575998	0.482021	0.078927
0.575345	0.482320	0.078784
0.574709	0.482613	0.078644
0.574088	0.482898	0.078508
0.573485	0.483177	0.078375
0.572897	0.483450	0.078246
0.572326	0.483715	0.078121
0.571771	0.483974	0.077999
0.571232	0.484226	0.077881
0.570709	0.484470	0.077767
0.570203	0.484708	0.077656
0.569713	0.484939	0.077549
0.569239	0.485163	0.077446
0.568782	0.485379	0.077346
0.568340	0.485589	0.077249
0.567915	0.485791	0.077156
0.567506	0.485985	0.077067
0.567113	0.486173	0.076981
0.566736	0.486353	0.076899
0.566375	0.486526	0.076821
0.566030	0.486691	0.076745
0.565702	0.486849	0.076674
0.565389	0.486999	0.076606
0.565093	0.487142	0.076541
0.564813	0.487277	0.076480
0.564548	0.487405	0.076422
0.564300	0.487525	0.076368
0.564068	0.487638	0.076317
0.563852	0.487742	0.076270
0.563652	0.487839	0.076226
0.563468	0.487929	0.076186
0.563300	0.488011	0.076149
0.563148	0.488085	0.076116
0.563012	0.488151	0.076086
0.562892	0.488209	0.076059
0.562788	0.488260	0.076036
0.562700	0.488303	0.076016
0.562628	0.488338	0.076000
0.562572	0.488365	0.075987
0.562532	0.488385	0.075978
0.562508	0.488397	0.075972
0.562500	0.488400	0.075970
