OneBody2_E-0.25_ecc0.8_RK4.txt
initial value : [x, y, v_x, v_y] = [0.40,0.00,0.00,2.12] , numerical interval dt = 0.02000 , [M, m] = [ 1, 1]

num|geodesic|
num|newtonian
num|degree, x, y, simple error, relative error
1|0.0,0.4,0.0,1.1102230246251565e-16,2.775557561562892e-14
2|0.10611,0.398747,0.042471,7.572379867593071e-08,1.888362904207084e-05
3|0.212482,0.394952,0.085206,8.03858867803875e-08,1.9895602546009996e-05
4|0.319362,0.388505,0.128471,6.281020238918522e-07,0.00015349658181854393
5|0.426966,0.379221,0.172528,5.251096934499877e-07,0.0001260394660099259
6|0.535459,0.366833,0.217633,1.7499303162082924e-07,4.102680844648384e-05
7|0.644934,0.350989,0.264028,5.120084231591271e-07,0.0001165751309692189
8|0.755379,0.331247,0.311934,4.483137917565827e-07,9.853003074991632e-05
9|0.866654,0.307077,0.361525,1.95120284762762e-07,4.113526084332419e-05
10|0.978455,0.277871,0.412913,7.474421436781675e-07,0.00015017822135877107
11|1.090292,0.242961,0.46611,2.6458036761489723e-07,5.0335729521782717e-05
12|1.201485,0.201664,0.521001,7.503514487527951e-08,1.3431067735801262e-05
13|1.311181,0.153339,0.577311,4.21247072557307e-07,7.052184334583086e-05
14|1.418407,0.097461,0.634591,1.466431226448961e-07,2.2840483744328515e-05
15|1.522156,0.033696,0.692223,1.3517533281603988e-07,1.9504616089643614e-05
16|1.621489,-0.038024,0.749455,5.982648602076424e-07,7.972404908591826e-05
17|1.715628,-0.117479,0.805461,1.8280683755644844e-07,2.2458309515588748e-05
18|1.804029,-0.204158,0.85941,3.80111170650288e-07,4.303179554583043e-05
19|1.886404,-0.297311,0.910538,1.6944706338062332e-07,1.7690383885829302e-05
20|1.96271,-0.39602,0.958204,1.0174980946686674e-07,9.81368258948612e-06
21|2.033103,-0.499277,1.001912,2.749729712814286e-07,2.456383307915021e-05
22|2.097885,-0.606063,1.041322,1.4669200920636172e-07,1.21751233686692e-05
23|2.157449,-0.715397,1.07624,4.312359551672529e-07,3.3369197963001676e-05
24|2.212234,-0.826382,1.106592,2.8123073980701463e-07,2.0362727413099637e-05
25|2.262686,-0.938216,1.132402,1.680243766344347e-08,1.1425779800718263e-06
26|2.30924,-1.050206,1.153768,5.96447193856875e-08,3.822976194743334e-06
27|2.352303,-1.161761,1.170838,3.921301647835662e-07,2.3773984743702083e-05
28|2.392249,-1.272385,1.183791,9.154297853086746e-08,5.2674230212130586e-06
29|2.429414,-1.381668,1.192828,4.960920201302343e-07,2.717813940757876e-05
30|2.464098,-1.489275,1.19816,4.795116488320872e-07,2.5086673982802413e-05
31|2.496569,-1.59493,1.199996,3.2455255372099145e-08,1.6260604633523693e-06
32|2.527061,-1.698415,1.198546,2.4381500107750753e-07,1.1729027573773762e-05
33|2.555782,-1.799553,1.194012,3.2296577545665173e-07,1.4954596709531573e-05
34|2.582915,-1.898205,1.186586,4.3711954411662646e-07,1.9526780050083336e-05
35|2.608619,-1.994261,1.176453,3.9079987290691065e-07,1.6878219601482405e-05
36|2.633036,-2.087637,1.163785,3.5689609045874704e-08,1.4932206449839563e-06
37|2.656292,-2.17827,1.148746,4.7373008404960615e-07,1.923686742487993e-05
38|2.678498,-2.26611,1.131489,8.838139287092872e-08,3.4893526324178394e-06
39|2.699751,-2.351124,1.112157,3.070497642809755e-07,1.1805524287267905e-05
40|2.720139,-2.433288,1.090884,4.122716226184764e-07,1.546039773646948e-05
41|2.73974,-2.512587,1.067795,2.38138633701368e-07,8.722805502221126e-06
42|2.758624,-2.589014,1.043008,2.0881277862372372e-07,7.481081098125074e-06
43|2.776852,-2.662567,1.016633,3.765939204924962e-07,1.3213574876921503e-05
44|2.794482,-2.733248,0.988772,3.8902250842909325e-07,1.3384117681961597e-05
45|2.811564,-2.801062,0.959522,3.367375236429382e-07,1.1373004337723324e-05
46|2.828144,-2.866018,0.928973,2.712819640038333e-07,9.00427179861505e-06
47|2.844264,-2.928127,0.897212,2.5145592452702203e-07,8.210801623207881e-06
48|2.859962,-2.9874,0.864317,7.167045357192592e-08,2.3045753931837608e-06
49|2.875272,-3.043851,0.830365,1.237542877063902e-07,3.922381068907051e-06
50|2.890227,-3.097493,0.795428,7.316502337317843e-08,2.287840786954772e-06
51|2.904855,-3.14834,0.759573,1.0995993005025184e-07,3.3952168053689112e-06
52|2.919184,-3.196407,0.722866,3.0422463659363075e-07,9.283277210806128e-06
53|2.933239,-3.241707,0.685366,1.8736201612412628e-07,5.6547346692430855e-06
54|2.947044,-3.284255,0.647134,2.5406147230455645e-07,7.589805578249788e-06
55|2.960618,-3.324064,0.608224,1.7696182164073093e-07,5.236717436551747e-06
56|2.973984,-3.361147,0.568691,1.3480707439228468e-07,3.954542144742903e-06
57|2.98716,-3.395516,0.528586,4.596812841484166e-08,1.337677787603183e-06
58|3.000164,-3.427184,0.487958,1.253762178521356e-07,3.621761432876674e-06
59|3.013013,-3.456161,0.446856,1.8911406485244697e-07,5.426626563741004e-06
60|3.025723,-3.482457,0.405325,1.9813160490045334e-07,5.651270893399417e-06
61|3.03831,-3.506081,0.363411,8.931480577345496e-08,2.5338505090394878e-06
62|3.050788,-3.527043,0.321157,1.4891409616524243e-07,4.204671447265196e-06
63|3.06317,-3.54535,0.278605,1.2415516170705132e-07,3.4911527321941588e-06
64|3.075472,-3.561008,0.235799,5.1381391141802624e-08,1.4397360370566463e-06
65|3.087706,-3.574024,0.192777,1.4033983841699182e-07,3.920962468436095e-06
66|3.099886,-3.584401,0.149582,8.904805248732828e-08,2.482161244155224e-06
67|3.112022,-3.592145,0.106251,8.838560905388704e-08,2.459448944889967e-06
68|3.124129,-3.597257,0.062826,8.268082662965526e-09,2.2980904570057322e-07
69|3.136219,-3.59974,0.019344,2.5990964935829197e-08,7.220129644720566e-07
70|3.148303,-3.599595,-0.024154,4.2953201440099065e-08,1.1932518787032917e-06
71|3.160394,-3.596821,-0.067632,1.0962852403650913e-08,3.047389603574827e-07
72|3.172503,-3.591418,-0.111048,3.344369670088554e-09,9.307666462425507e-08
73|3.184644,-3.583383,-0.154366,6.954194553543402e-08,1.9388803266203167e-06
74|3.196829,-3.572714,-0.197544,2.1584098952587283e-09,6.03215942163433e-08
75|3.20907,-3.559407,-0.240543,1.1325307180953814e-07,3.17455533960813e-06
76|3.22138,-3.543456,-0.283324,4.511674278617761e-08,1.2691906684640913e-06
77|3.233773,-3.524856,-0.325845,1.2058408582760194e-07,3.4064410251659703e-06
78|3.246262,-3.5036,-0.368063,1.1299318769530942e-07,3.207409621073983e-06
79|3.258861,-3.47968,-0.409937,9.347883134225299e-08,2.6679697998580934e-06
80|3.271586,-3.453088,-0.451423,2.277408706063966e-08,6.539635713067015e-07
81|3.284451,-3.423815,-0.492475,4.487265492514325e-08,1.2972529881048307e-06
82|3.297473,-3.391849,-0.533048,5.891639442978658e-08,1.7159385278522785e-06
83|3.310669,-3.35718,-0.573092,1.4708896545201355e-07,4.3188495780020686e-06
84|3.324057,-3.319796,-0.612559,2.2006654987194452e-07,6.518873672932794e-06
85|3.337657,-3.279685,-0.651396,2.0979930059894514e-07,6.274375820463845e-06
86|3.351487,-3.236834,-0.68955,7.03377609490019e-08,2.125349910569164e-06
87|3.365571,-3.191228,-0.726965,2.4506007179070366e-07,7.487362232177336e-06
88|3.379933,-3.142854,-0.763581,2.1580304832014008e-07,6.672361560682037e-06
89|3.394596,-3.091699,-0.799338,3.124383356478688e-07,9.78400273415969e-06
90|3.409588,-3.037747,-0.834169,7.533523493918892e-08,2.391444706652644e-06
91|3.42494,-2.980984,-0.868008,1.5493536764665805e-07,4.990209179816948e-06
92|3.440682,-2.921398,-0.900781,2.240323078162021e-07,7.328217779277832e-06
93|3.456851,-2.858975,-0.932413,3.184203034578559e-08,1.0588667498101507e-06
94|3.473484,-2.793703,-0.962822,4.2505433084372157e-07,1.4384422382314349e-05
95|3.490625,-2.725573,-0.991923,3.4855253350229987e-07,1.2017154437305531e-05
96|3.508318,-2.654575,-1.019624,1.2715913921823585e-07,4.471671674871923e-06
97|3.526616,-2.580704,-1.045829,3.513475559380197e-07,1.2617689170137558e-05
98|3.545576,-2.503959,-1.070434,4.342343240537616e-08,1.594592930098346e-06
99|3.56526,-2.424342,-1.093328,4.878974877442488e-07,1.834563741369775e-05
100|3.58574,-2.341862,-1.114392,3.932854863997193e-07,1.516433535497358e-05
101|3.607094,-2.256535,-1.133502,1.7065104351843274e-07,6.75784621364968e-06
102|3.629411,-2.168384,-1.150521,4.5700683237726025e-09,1.8617569608936168e-07
103|3.65279,-2.077446,-1.165305,1.9814403895423993e-08,8.318540897771639e-07
104|3.677343,-1.983769,-1.177701,5.464441485969473e-07,2.368619076870543e-05
105|3.703198,-1.887421,-1.187544,2.4549920718541784e-07,1.1009243135648571e-05
106|3.730498,-1.788489,-1.194659,2.5115079083093406e-07,1.1677136002353888e-05
107|3.759405,-1.687084,-1.198862,2.0342578288534696e-07,9.828911535021177e-06
108|3.790106,-1.58335,-1.199958,3.62116786556399e-07,1.8227238324662112e-05
109|3.822809,-1.477466,-1.197746,2.3241610702662285e-07,1.221973601221775e-05
110|3.857754,-1.36966,-1.192015,4.068795758094268e-07,2.2408613961024236e-05
111|3.895211,-1.260211,-1.182555,1.101068867193078e-07,6.371302789503871e-06
112|3.935484,-1.149462,-1.169156,3.840302083002456e-07,2.342261690579938e-05
113|3.978915,-1.037833,-1.15162,3.678185718225535e-07,2.3726157989211363e-05
114|4.025879,-0.925829,-1.129769,7.665593515504554e-08,5.248021919263115e-06
115|4.076788,-0.814053,-1.10346,2.6710742817570576e-07,1.9479221024082453e-05
116|4.13208,-0.70321,-1.072602,1.8196410644932826e-07,1.4187489885907962e-05
117|4.1922,-0.594111,-1.037182,4.604725376555763e-07,3.852395427534332e-05
118|4.257585,-0.487666,-0.997285,1.5354774474118926e-07,1.3831473544688276e-05
119|4.328619,-0.384861,-0.95312,1.4276474091801106e-07,1.3889122818878166e-05
120|4.405591,-0.286719,-0.905044,2.3506826707375694e-08,2.476032355234259e-06
121|4.488639,-0.194239,-0.853569,5.0531440587420207e-08,5.772444160562873e-06
122|4.577693,-0.108325,-0.799354,6.039889455244918e-08,7.487523171755509e-06
123|4.672438,-0.029706,-0.743171,5.061774217551829e-07,6.805609840842996e-05
124|4.772301,0.04114,-0.685855,9.249224242058318e-08,1.3461487202512761e-05
125|4.876483,0.104024,-0.628227,1.737034294180262e-08,2.7278359390108602e-06
126|4.984032,0.159047,-0.571027,3.6384566781677563e-07,6.138135986241885e-05
127|5.093939,0.206565,-0.514855,1.3284557376369577e-07,2.3947029224190216e-05
128|5.205243,0.247123,-0.460141,6.604028965906394e-07,0.00012644094121929105
129|5.317106,0.281368,-0.40714,6.459771750289001e-07,0.00013052532683843185
130|5.428869,0.309986,-0.355954,6.668887408967095e-08,1.4128661578065252e-05
131|5.540064,0.333637,-0.306556,5.672111371146649e-07,0.000125187240504399
132|5.650406,0.352924,-0.258827,4.199758388279129e-07,9.595916888290683e-05
133|5.75977,0.368366,-0.212586,8.385749500350315e-08,1.9716921713812888e-05
134|5.868159,0.380395,-0.16761,4.2660760857238245e-07,0.00010262788570499728
135|5.975673,0.389353,-0.123653,1.06690039486379e-06,0.0002611638241401006
136|6.082486,0.395499,-0.08046,3.522844920222923e-07,8.728539362380816e-05
137|6.188816,0.399009,-0.037767,3.7781901379707605e-07,9.426792538979151e-05
138|0.011727,0.399985,0.004691,5.084460856230599e-07,0.0001271077086540557
1|0.0,0.4,0.0,1.1102230246251565e-16,2.775557561562892e-14
2|0.10589,0.398752,0.042382,4.3720684789194664e-07,0.0001090295655908981
3|0.210736,0.395035,0.084503,8.351602598377639e-08,2.0673718773132925e-05
4|0.313562,0.388925,0.126113,8.759461930796242e-07,0.00021424115354153566
5|0.413514,0.380541,0.166987,6.058773638351056e-08,1.4579525344191962e-05
6|0.509897,0.370038,0.206934,4.762209841469023e-07,0.00011232432832400164
7|0.602196,0.357594,0.245798,6.143402155323052e-07,0.0001415776040103779
8|0.690071,0.3434,0.283462,2.1699277896747304e-07,4.87317848997261e-05
9|0.773343,0.32765,0.319844,6.78301102008394e-07,0.0001481394942175443
10|0.851967,0.310533,0.354895,6.16925881935515e-07,0.00013082278272658272
11|0.926004,0.292231,0.388595,1.8868694384721607e-07,3.880729071774771e-05
12|0.995596,0.272911,0.420944,5.6382474578065e-08,1.1238925102794125e-05
13|1.060937,0.252724,0.451961,3.1605088801622827e-07,6.1034861433416236e-05
14|1.122257,0.231809,0.481676,3.8843383698417e-07,7.266518654019168e-05
15|1.179802,0.210285,0.51013,2.0159657954099686e-07,3.653619368795947e-05
16|1.233824,0.188259,0.53737,1.8738408325003064e-07,3.290945675356959e-05
17|1.284573,0.165824,0.563446,2.8479892677513163e-07,4.848959178150895e-05
18|1.332292,0.143061,0.588409,4.8071926339599e-07,7.938541134038686e-05
19|1.377208,0.12004,0.612312,5.603389098274292e-07,8.980248196374073e-05
20|1.419538,0.09682,0.635207,6.906254766958497e-07,0.00010748296753373546
21|1.459481,0.073454,0.657145,6.703473014457728e-07,0.0001013777914239035
22|1.497224,0.049985,0.678172,4.804464752705684e-07,7.06526393468173e-05
23|1.532935,0.026452,0.698337,1.1335964300585033e-07,1.6221163802297246e-05
24|1.566772,0.002888,0.717683,6.240673715574019e-07,8.69550729476886e-05
25|1.598876,-0.020679,0.736253,3.3577367553050408e-09,4.558776869357858e-07
26|1.629378,-0.044226,0.754085,1.4889465160816684e-07,1.971120072734719e-05
27|1.658397,-0.067732,0.771217,4.1397352246175245e-07,5.347210297464047e-05
28|1.686041,-0.091181,0.787685,4.87589566278146e-07,6.149101388023745e-05
29|1.712409,-0.114556,0.80352,5.762156870536828e-07,7.099361872461371e-05
30|1.737592,-0.137845,0.818754,4.225687787462462e-07,5.089496148596242e-05
31|1.761672,-0.161039,0.833415,2.887966771281114e-07,3.402285823816486e-05
32|1.784723,-0.184127,0.847531,2.428367373852325e-07,2.799911275255465e-05
33|1.806815,-0.207102,0.861128,3.050632538803555e-07,3.444389139530341e-05
34|1.828012,-0.229959,0.874228,5.380301799640108e-07,5.951877193202031e-05
35|1.848369,-0.25269,0.886855,9.882225826540747e-08,1.071648320189907e-05
36|1.867942,-0.275293,0.89903,2.854239289362681e-08,3.035666932192734e-06
37|1.886778,-0.297764,0.910772,2.6104454742270633e-07,2.7242905463972543e-05
38|1.904923,-0.320099,0.922099,7.140807100070035e-07,7.315804274252605e-05
39|1.922417,-0.342297,0.93303,6.053880680090273e-07,6.091417680815266e-05
40|1.939298,-0.364355,0.943581,5.3052996884517256e-08,5.245066178130399e-06
41|1.955603,-0.386272,0.953767,3.5287825372876114e-07,3.429271551842608e-05
42|1.971362,-0.408048,0.963603,6.276199833177287e-07,5.9976792857319e-05
43|1.986608,-0.429681,0.973102,5.4974061747259384e-08,5.167973792001945e-06
44|2.001367,-0.451171,0.982278,1.9874882384307568e-07,1.8386709045522437e-05
45|2.015665,-0.472519,0.991142,3.2082766421304143e-07,2.9218872828541167e-05
46|2.029526,-0.493724,0.999707,1.906756679215249e-07,1.7101286565652956e-05
47|2.042974,-0.514786,1.007984,3.323195096882614e-08,2.9361287504975807e-06
48|2.056028,-0.535706,1.015982,1.2771615276463422e-07,1.1119631666301027e-05
49|2.068709,-0.556485,1.023713,1.2197121534995858e-08,1.0467939830756466e-06
50|2.081034,-0.577123,1.031184,2.2319153591965346e-07,1.8887346429111367e-05
51|2.09302,-0.597622,1.038405,2.2324723469857588e-07,1.8633485551610626e-05
52|2.104684,-0.617981,1.045385,1.4375395784860245e-07,1.1837597201366076e-05
53|2.11604,-0.638202,1.052131,6.87000603072363e-08,5.582822803151851e-06
54|2.127103,-0.658286,1.058652,1.8691892167410629e-07,1.4993944026828089e-05
55|2.137884,-0.678235,1.064953,3.3897505424818064e-07,2.684765225552055e-05
56|2.148398,-0.698048,1.071043,2.522229847201629e-07,1.972898992562684e-05
57|2.158655,-0.717728,1.076928,3.361183786854127e-07,2.5971482856915868e-05
58|2.168666,-0.737276,1.082615,2.8204028024170213e-07,2.1532738738663053e-05
59|2.178442,-0.756692,1.088108,3.04941877526943e-07,2.300833821484242e-05
60|2.187992,-0.775978,1.093415,2.2989714598686817e-07,1.7146485294008776e-05
61|2.197325,-0.795136,1.09854,2.2299770674472086e-07,1.644394051997259e-05
62|2.206451,-0.814166,1.103489,1.8939896784253563e-07,1.3811301782730616e-05
63|2.215376,-0.833069,1.108266,5.3117581000350356e-08,3.83117942593352e-06
64|2.22411,-0.851848,1.112878,9.114642751661961e-08,6.5035904933385345e-06
65|2.232659,-0.870503,1.117327,4.280768028941395e-08,3.022282795165026e-06
66|2.24103,-0.889035,1.12162,4.684189205406142e-07,3.272846477123676e-05
67|2.249231,-0.907446,1.125759,2.9888859831572745e-07,2.06706383403327e-05
68|2.257266,-0.925737,1.129749,1.6531785052009695e-08,1.131856996361685e-06
69|2.265143,-0.943909,1.133594,5.75343851449972e-07,3.9002990350002774e-05
70|2.272866,-0.961964,1.137298,1.4950780791167517e-07,1.0036970546499937e-05
71|2.280441,-0.979902,1.140865,4.554062442707618e-07,3.0281253478504462e-05
72|2.287874,-0.997725,1.144297,1.436141110477962e-07,9.459623738838101e-06
73|2.295169,-1.015433,1.147598,4.133584710075411e-07,2.6975517549089646e-05
74|2.30233,-1.033029,1.150772,2.2191668747062465e-07,1.435032149550304e-05
75|2.309363,-1.050513,1.153821,1.4033869888407935e-07,8.993703879308514e-06
76|2.316271,-1.067887,1.156749,2.434445722787615e-07,1.5463578525173697e-05
77|2.323059,-1.085151,1.159558,1.6774414346443223e-07,1.0562429086182563e-05
78|2.32973,-1.102307,1.162251,2.288673852657297e-07,1.4287732028650394e-05
79|2.336288,-1.119355,1.164832,1.441542378799454e-07,8.923282871582671e-06
80|2.342736,-1.136297,1.167301,2.5018700666734617e-08,1.535796705383583e-06
81|2.349079,-1.153134,1.169663,4.6069346515409393e-07,2.8048179364157024e-05
82|2.355318,-1.169867,1.171919,1.779123182110709e-08,1.0744189240025808e-06
83|2.361458,-1.186497,1.174072,1.276433447827685e-07,7.646988289525338e-06
84|2.367501,-1.203025,1.176124,7.908875487849798e-08,4.7008924375058995e-06
85|2.37345,-1.219452,1.178077,3.843762619304414e-08,2.2669556174974158e-06
86|2.379308,-1.235779,1.179934,1.69863989540886e-09,9.941569805111676e-08
87|2.385077,-1.252006,1.181695,2.663486693421646e-07,1.5470953184634544e-05
88|2.39076,-1.268136,1.183365,1.9197472989063158e-07,1.106795904902422e-05
89|2.396359,-1.284168,1.184943,3.4542069604626136e-07,1.9768441132228593e-05
90|2.401877,-1.300104,1.186433,4.817422276648387e-07,2.7370427548774566e-05
91|2.407316,-1.315945,1.187835,3.466161193621531e-07,1.955239302608684e-05
92|2.412678,-1.331691,1.189153,4.2447227355246753e-07,2.3775261532197475e-05
93|2.417965,-1.347344,1.190386,3.8710662009222574e-07,2.1531346361632485e-05
94|2.423179,-1.362903,1.191538,2.9526754552477996e-07,1.6310221021015537e-05
95|2.428323,-1.378371,1.192609,6.631724966954522e-07,3.63841278306177e-05
96|2.433396,-1.393748,1.193602,3.517350555259924e-07,1.9168143037206672e-05
97|2.438403,-1.409035,1.194517,6.849914480078212e-08,3.7082130730362405e-06
98|2.443344,-1.424232,1.195357,1.375825975369338e-07,7.399357112138448e-06
99|2.448221,-1.439341,1.196122,1.8487571717962226e-07,9.878620797392265e-06
100|2.453035,-1.454361,1.196814,1.099268676085785e-08,5.836343333816161e-07
101|2.457789,-1.469295,1.197435,1.9583810595413809e-07,1.0332085355740114e-05
102|2.462483,-1.484143,1.197985,1.4546083049182812e-07,7.626473952217938e-06
103|2.467119,-1.498904,1.198466,1.3891466199567049e-07,7.238444629841231e-06
104|2.471699,-1.513581,1.198879,1.9092049097224617e-07,9.887822639595226e-06
105|2.476223,-1.528174,1.199226,4.1530460004324254e-07,2.137947466833675e-05
106|2.480694,-1.542684,1.199507,1.396457680602481e-07,7.1461240868092735e-06
107|2.485112,-1.557111,1.199724,1.8003049961912154e-07,9.158648042795429e-06
108|2.489479,-1.571455,1.199878,4.417370942366716e-07,2.2341948595299636e-05
109|2.493795,-1.585719,1.199969,1.6141645908795965e-07,8.117191944702385e-06
110|2.498062,-1.599902,1.2,1.3876263915690856e-07,6.9384044216956565e-06
111|2.502281,-1.614005,1.199971,4.3017495743313816e-07,2.1388929003239156e-05
112|2.506453,-1.628028,1.199882,3.8205366514887373e-07,1.889089811955128e-05
113|2.51058,-1.641973,1.199736,1.1021737744698612e-07,5.419872783468093e-06
114|2.514661,-1.655839,1.199532,1.0631113767090028e-09,5.1994249307026956e-08
115|2.518699,-1.669628,1.199273,4.0405220902428596e-07,1.9655183570736937e-05
116|2.522693,-1.683341,1.198958,2.5737857178853574e-07,1.2453765364859024e-05
117|2.526646,-1.696977,1.198589,2.3978790908429914e-07,1.1541681317742412e-05
118|2.530557,-1.710537,1.198166,1.3931642683928658e-07,6.670869403158071e-06
119|2.534428,-1.724022,1.197691,1.8289650860481288e-07,8.71260181695642e-06
120|2.538259,-1.737433,1.197163,1.955425661392951e-07,9.267657658990964e-06
121|2.542052,-1.750769,1.196585,1.514398642044057e-07,7.141317833366293e-06
122|2.545807,-1.764033,1.195957,6.43728061966442e-08,3.0204585939373662e-06
123|2.549525,-1.777223,1.19528,4.9706262217341646e-08,2.3207935425898767e-06
124|2.553206,-1.790341,1.194553,3.0157212860260074e-07,1.4011801160405885e-05
125|2.556852,-1.803387,1.193779,1.76380806848897e-07,8.155547940502905e-06
126|2.560463,-1.816362,1.192957,6.440134869833969e-08,2.963585028636866e-06
127|2.56404,-1.829266,1.19209,5.815582904133976e-08,2.663528403878445e-06
128|2.567583,-1.8421,1.191176,9.482760843226856e-08,4.322763818480675e-06
129|2.571093,-1.854863,1.190217,1.6841586347737802e-08,7.641752898050977e-07
130|2.574571,-1.867558,1.189213,6.735992741369046e-08,3.0423902752411315e-06
131|2.578017,-1.880184,1.188166,2.5646587786809505e-07,1.1530977765428113e-05
132|2.581432,-1.892741,1.187076,3.647400843576065e-07,1.6325364904443027e-05
133|2.584817,-1.905231,1.185943,1.7487517656178397e-07,7.792369893443699e-06
134|2.588172,-1.917653,1.184768,1.0377066894662335e-07,4.603594711368232e-06
135|2.591497,-1.930008,1.183551,1.031084373437352e-07,4.55424743502292e-06
136|2.594794,-1.942297,1.182294,2.0199419648037065e-07,8.883404516849816e-06
137|2.598062,-1.954519,1.180997,6.180422573720534e-08,2.7064202299195335e-06
138|2.601302,-1.966676,1.17966,3.931433112391858e-07,1.7142823775746242e-05
139|2.604516,-1.978768,1.178284,2.946129629144423e-07,1.2792490876753427e-05
140|2.607702,-1.990794,1.176869,2.462910542178065e-07,1.0649800366715789e-05
141|2.610862,-2.002757,1.175416,1.305789307792793e-07,5.623056338439485e-06
142|2.613996,-2.014655,1.173926,8.167229559319367e-08,3.502656881893779e-06
143|2.617105,-2.02649,1.172398,4.2159963031807024e-07,1.8007903673713095e-05
144|2.620188,-2.038262,1.170835,4.804010735881548e-07,2.0437299522091534e-05
145|2.623248,-2.049971,1.169235,2.6984795420403884e-07,1.1434345327220515e-05
146|2.626283,-2.061618,1.167599,1.6090403187618563e-07,6.791220938281556e-06
147|2.629294,-2.073202,1.165928,3.0846570631126724e-08,1.296858235911372e-06
148|2.632282,-2.084725,1.164223,6.908986271980666e-08,2.893476935141829e-06
149|2.635247,-2.096187,1.162483,1.914896485821771e-07,7.98889037508462e-06
150|2.63819,-2.107588,1.16071,1.0599022548518633e-07,4.405117148281331e-06
151|2.64111,-2.118928,1.158903,1.4989748864380203e-07,6.206570178457643e-06
152|2.644009,-2.130208,1.157064,1.634757955670807e-07,6.7435873110345305e-06
153|2.646886,-2.141428,1.155192,8.335068857334704e-08,3.4256392974285788e-06
154|2.649742,-2.152589,1.153288,4.085028537659241e-08,1.672771993180338e-06
155|2.652577,-2.163691,1.151352,3.7803471064634664e-07,1.5423991512655865e-05
156|2.655392,-2.174734,1.149385,3.101866634658279e-07,1.2610305582344683e-05
157|2.658187,-2.185718,1.147387,9.943086354269326e-10,4.027865602847872e-08
158|2.660962,-2.196645,1.145358,1.1765902163674014e-07,4.749455889867579e-06
159|2.663718,-2.207513,1.1433,3.458572650494318e-07,1.3912137850019082e-05
160|2.666454,-2.218324,1.141211,8.144114316266382e-08,3.2646200525680838e-06
161|2.669172,-2.229078,1.139093,5.069475168539839e-07,2.0251470907859497e-05
162|2.671871,-2.239776,1.136947,1.8494558062798205e-07,7.363007275623964e-06
163|2.674551,-2.250416,1.134771,2.460953538729882e-07,9.764400099493252e-06
164|2.677214,-2.261,1.132567,1.265669200556374e-07,5.005018901506301e-06
165|2.679859,-2.271529,1.130335,1.2006802663222516e-08,4.7322612133264595e-07
166|2.682486,-2.282002,1.128076,5.840168109116917e-07,2.2942195513105005e-05
167|2.685097,-2.292419,1.125789,1.4659025104890588e-07,5.739778923865033e-06
168|2.68769,-2.302782,1.123475,3.5051123425944297e-07,1.367995292001718e-05
169|2.690267,-2.313089,1.121134,1.1455168991147957e-07,4.456446934654378e-06
170|2.692827,-2.323342,1.118767,9.666761791038425e-08,3.748734260364395e-06
171|2.695371,-2.333541,1.116374,1.9551664420802695e-07,7.5581479652620465e-06
172|2.697899,-2.343686,1.113955,2.8925392525636084e-07,1.114680744490037e-05
173|2.700412,-2.353778,1.11151,1.568193690459907e-07,6.024510685144799e-06
174|2.702909,-2.363816,1.10904,2.819547400001454e-07,1.0798507352922545e-05
175|2.70539,-2.373801,1.106546,3.749877093284226e-07,1.4317751317584285e-05
176|2.707857,-2.383733,1.104027,2.11196664601232e-08,8.039502971080162e-07
177|2.710309,-2.393612,1.101483,3.612536625396956e-07,1.3710388965352458e-05
178|2.712746,-2.403439,1.098915,3.1863386906749724e-07,1.2056899137700718e-05
179|2.715168,-2.413214,1.096324,3.4697176465314783e-07,1.309045383479933e-05
180|2.717577,-2.422938,1.093709,1.0138682338123317e-07,3.8138997592423206e-06
181|2.719971,-2.432609,1.09107,2.894145754162025e-07,1.0855407144841548e-05
182|2.722352,-2.442229,1.088409,3.9710977617346543e-08,1.4851980863261911e-06
183|2.724719,-2.451799,1.085725,2.0123835309249216e-07,7.504863626907093e-06
184|2.727073,-2.461317,1.083018,2.6977596823130057e-07,1.0032374933582421e-05
185|2.729413,-2.470785,1.080289,8.912038662600708e-08,3.3048825392576642e-06
186|2.73174,-2.480202,1.077538,2.3906522939043384e-07,8.840642074880233e-06
187|2.734055,-2.489569,1.074765,3.628909293063032e-07,1.3382633915189208e-05
188|2.736356,-2.498886,1.071971,1.7916850048038668e-07,6.589236423509793e-06
189|2.738645,-2.508153,1.069155,1.0937105443531436e-07,4.0113759047403865e-06
190|2.740922,-2.517371,1.066318,1.547835695170363e-07,5.6616464056032135e-06
191|2.743186,-2.52654,1.063461,4.0592653816062807e-07,1.4808180295245177e-05
192|2.745439,-2.53566,1.060582,5.2318063215039956e-08,1.903493922552371e-06
193|2.747679,-2.54473,1.057684,2.944070245369801e-07,1.068324082065846e-05
194|2.749908,-2.553752,1.054765,9.14461200096639e-08,3.309665806793358e-06
195|2.752125,-2.562726,1.051826,3.4366115242434603e-07,1.2405730942980185e-05
196|2.754331,-2.571651,1.048867,2.5389077062953902e-08,9.141571710612831e-07
197|2.756526,-2.580529,1.045889,2.2695995482990838e-07,8.151056897557374e-06
198|2.758709,-2.589358,1.042891,1.0037447850663739e-07,3.5957357274309037e-06
199|2.760881,-2.59814,1.039874,1.958576376637211e-07,6.998635403547015e-06
200|2.763043,-2.606875,1.036838,1.175806758624276e-07,4.19107718881347e-06
201|2.765194,-2.615562,1.033783,3.959131311681574e-07,1.4077162399585203e-05
202|2.767334,-2.624203,1.03071,2.233181861654998e-08,7.920875384265293e-07
203|2.769464,-2.632796,1.027618,3.442889187077469e-07,1.2181884283509724e-05
204|2.771583,-2.641343,1.024509,1.6774888678128264e-07,5.921090052753392e-06
205|2.773692,-2.649843,1.021381,3.1435040970251293e-07,1.1069166842554422e-05
206|2.775792,-2.658297,1.018235,3.4438384277635237e-07,1.2097915264376072e-05
207|2.777881,-2.666705,1.015072,4.371456219232073e-08,1.5320358670149593e-06
208|2.779961,-2.675067,1.011891,4.596276199642091e-07,1.6070591786152654e-05
209|2.78203,-2.683384,1.008693,3.9328257672721634e-07,1.3718966646460696e-05
210|2.784091,-2.691655,1.005477,1.924787622620272e-07,6.698818211177483e-06
211|2.786142,-2.69988,1.002245,3.863261319736466e-07,1.3414547152558847e-05
212|2.788183,-2.70806,0.998996,8.515179672485829e-09,2.9500547700312274e-07
213|2.790215,-2.716195,0.99573,1.7600253832128487e-07,6.083831159758959e-06
214|2.792239,-2.724286,0.992448,2.70282444425618e-07,9.3219195870495e-06
215|2.794253,-2.732331,0.98915,1.8895532960527817e-07,6.50255012904824e-06
216|2.796258,-2.740332,0.985835,3.9612073621242416e-08,1.3601807488214436e-06
217|2.798255,-2.748289,0.982505,1.7124159468195899e-07,5.867188029922634e-06
218|2.800243,-2.756201,0.979159,3.163738555578277e-07,1.0816343586840809e-05
219|2.802222,-2.764069,0.975797,1.342695141737238e-07,4.580614702546602e-06
220|2.804193,-2.771894,0.972419,1.4392160663234677e-07,4.899433496693986e-06
221|2.806155,-2.779675,0.969027,3.9355041359101506e-07,1.336906241514614e-05
222|2.80811,-2.787412,0.965619,2.0508216946879543e-07,6.952102946818024e-06
223|2.810056,-2.795105,0.962196,2.8050790890077337e-07,9.48917129703355e-06
224|2.811994,-2.802756,0.958758,1.186476286108018e-07,4.0053820150509316e-06
225|2.813924,-2.810363,0.955305,1.5249464180300265e-07,5.137456716565561e-06
226|2.815846,-2.817927,0.951838,4.8074503489203835e-08,1.616307359016768e-06
227|2.81776,-2.825449,0.948356,3.70115029735274e-07,1.2418471963730556e-05
228|2.819667,-2.832928,0.94486,2.1689446594308492e-07,7.2628803413831385e-06
229|2.821566,-2.840364,0.94135,2.750341283608293e-07,9.191422966952175e-06
230|2.823458,-2.847758,0.937825,3.248196289717953e-08,1.0833798171694318e-06
231|2.825342,-2.855109,0.934287,8.389690275834027e-09,2.792758610387299e-07
232|2.827219,-2.862419,0.930735,2.514606300962896e-10,8.354353491040193e-09
233|2.829088,-2.869686,0.927169,3.0480001411703483e-07,1.0106944490252296e-05
234|2.830951,-2.876912,0.92359,2.9611238350213398e-08,9.800082060197084e-07
235|2.832806,-2.884096,0.919998,2.714779108181631e-07,8.967726931841203e-06
236|2.834654,-2.891238,0.916392,4.150306534000947e-07,1.3683877611858832e-05
237|2.836496,-2.898339,0.912773,1.0817372775306922e-08,3.559902183824984e-07
238|2.83833,-2.905398,0.909141,2.493144877213638e-07,8.189501567429682e-06
239|2.840158,-2.912416,0.905496,1.8921901823176768e-08,6.204038931383147e-07
240|2.841979,-2.919394,0.901838,1.5585988766275705e-07,5.1009366891635715e-06
241|2.843794,-2.92633,0.898168,3.112689546114211e-07,1.0168651142911183e-05
242|2.845601,-2.933226,0.894485,4.1392768501680166e-07,1.3498021396974892e-05
243|2.847403,-2.94008,0.89079,1.8332031759271672e-07,5.967333576134336e-06
244|2.849198,-2.946895,0.887082,4.939504316681109e-08,1.605029597656115e-06
245|2.850987,-2.953669,0.883363,1.9449484467415346e-07,6.308754691388788e-06
246|2.852769,-2.960402,0.879631,3.089110522935812e-08,1.0002554230220484e-06
247|2.854545,-2.967095,0.875887,3.997855690940355e-08,1.2922671377786166e-06
248|2.856315,-2.973749,0.872132,3.2245734882252464e-07,1.040520954539789e-05
249|2.858079,-2.980362,0.868364,2.5439134443416833e-07,8.194833637886852e-06
250|2.859837,-2.986935,0.864585,2.037881730032609e-07,6.553627578457976e-06
251|2.86159,-2.993469,0.860795,2.835396983869032e-07,9.103054067541579e-06
252|2.863336,-2.999963,0.856993,1.0176080156298895e-07,3.261595038781751e-06
253|2.865076,-3.006417,0.85318,1.3269730292364557e-07,4.246132501370285e-06
254|2.866811,-3.012833,0.849356,1.9326699129962321e-07,6.174138969568043e-06
255|2.86854,-3.019208,0.845521,1.101053177521294e-07,3.5117209981750033e-06
256|2.870264,-3.025545,0.841674,1.7940331797916542e-07,5.712688085185268e-06
257|2.871982,-3.031843,0.837817,8.642955817705911e-08,2.747743086406647e-06
258|2.873694,-3.038101,0.833949,1.1338701932928075e-07,3.599038823691457e-06
259|2.875401,-3.044321,0.830071,2.630166324735228e-07,8.335295431070524e-06
260|2.877103,-3.050502,0.826182,9.551195034873672e-08,3.0221459528306412e-06
261|2.878799,-3.056644,0.822282,2.827266336602463e-07,8.932022318473057e-06
262|2.880491,-3.062748,0.818372,2.0266875688790265e-07,6.3929356110337915e-06
263|2.882177,-3.068813,0.814452,2.566512251611641e-07,8.083374086732438e-06
264|2.883858,-3.07484,0.810521,3.650262825338757e-07,1.1479275008886675e-05
265|2.885533,-3.080829,0.806581,2.4284215438541423e-07,7.625364165532372e-06
266|2.887204,-3.08678,0.80263,1.6719363893358263e-07,5.242126659202058e-06
267|2.88887,-3.092692,0.79867,3.9411704566560957e-08,1.2338700115702053e-06
268|2.890531,-3.098567,0.794699,4.567166334012995e-08,1.4277509786954782e-06
269|2.892187,-3.104403,0.79072,1.129404783029031e-07,3.5255090604025594e-06
270|2.893838,-3.110202,0.78673,3.345079990779709e-08,1.0426781714599276e-06
271|2.895485,-3.115964,0.782731,1.1680764266941424e-07,3.6357283877469547e-06
272|2.897126,-3.121687,0.778722,2.0692899305174706e-07,6.431660831970418e-06
273|2.898764,-3.127373,0.774704,3.7112317219367696e-07,1.1518772586543854e-05
274|2.900396,-3.133022,0.770677,2.0397278532868768e-08,6.321958846133441e-07
275|2.902024,-3.138634,0.766641,1.4709445572691493e-07,4.552729310372941e-06
276|2.903648,-3.144208,0.762596,1.9623020630632482e-07,6.065161160850832e-06
277|2.905267,-3.149745,0.758541,2.2749815808964513e-07,7.021989757508737e-06
278|2.906881,-3.155245,0.754478,1.581200415046169e-07,4.87393629688711e-06
279|2.908491,-3.160708,0.750406,3.0766686531791265e-07,9.470851084796104e-06
280|2.910097,-3.166134,0.746325,2.3023478101791284e-07,7.077816252717652e-06
281|2.911699,-3.171524,0.742235,1.496714987503367e-07,4.595070024203713e-06
282|2.913297,-3.176876,0.738137,3.0658708105590904e-07,9.400183312551163e-06
283|2.91489,-3.182192,0.73403,1.64162281546254e-07,5.026780893390317e-06
284|2.916479,-3.187472,0.729915,3.889209487795142e-08,1.1893688525985824e-06
285|2.918064,-3.192715,0.725792,9.306104553630234e-08,2.8422772124671596e-06
286|2.919645,-3.197922,0.72166,1.6929576851509864e-07,5.164073722323091e-06
287|2.921222,-3.203092,0.71752,1.067230388507312e-07,3.251299278009246e-06
288|2.922795,-3.208226,0.713372,1.2334988452877838e-07,3.75313722141511e-06
289|2.924364,-3.213324,0.709216,2.2231324070531855e-07,6.755888019728298e-06
290|2.92593,-3.218386,0.705052,1.577277304321001e-07,4.787303747805912e-06
291|2.927491,-3.223412,0.70088,1.1691350598752592e-07,3.5441979315709045e-06
292|2.929049,-3.228402,0.6967,7.666122936456077e-08,2.321153142058477e-06
293|2.930603,-3.233356,0.692512,1.7298855148339953e-07,5.231479764279149e-06
294|2.932153,-3.238274,0.688317,1.25857959609732e-07,3.80164407976338e-06
295|2.9337,-3.243157,0.684114,3.154260128646058e-07,9.51647476616821e-06
296|2.935242,-3.248004,0.679904,1.879536521975922e-07,5.663979167880741e-06
297|2.936782,-3.252816,0.675686,8.076057023131966e-08,2.430897759430724e-06
298|2.938318,-3.257592,0.671461,1.9647711546610935e-07,5.9071784992068675e-06
299|2.93985,-3.262332,0.667229,1.6138301095480756e-07,4.846532103205779e-06
300|2.941379,-3.267038,0.662989,1.2808248683882084e-07,3.842132035701648e-06
301|2.942904,-3.271708,0.658743,9.987317239890103e-08,2.9925743395491964e-06
302|2.944426,-3.276342,0.654489,9.001943368502907e-08,2.6943265019752522e-06
303|2.945945,-3.280942,0.650228,2.2604618710175828e-07,6.75823085014796e-06
304|2.94746,-3.285507,0.64596,2.6522943841200686e-09,7.92106645117039e-08
305|2.948972,-3.290036,0.641685,1.3312138458232425e-07,3.9713675069355185e-06
306|2.950481,-3.294531,0.637404,1.6593785723273413e-07,4.945065515702029e-06
307|2.951986,-3.298991,0.633115,1.2234369251018506e-07,3.6420564254847134e-06
308|2.953488,-3.303416,0.628821,3.437160867036937e-07,1.0221332574151768e-05
309|2.954988,-3.307806,0.624519,1.1882507955363053e-07,3.5298999329965254e-06
310|2.956484,-3.312161,0.620211,1.7942511165713881e-07,5.324615505888711e-06
311|2.957977,-3.316482,0.615896,1.6820490689184453e-07,4.986529680215201e-06
312|2.959467,-3.320768,0.611575,2.53944960615371e-07,7.520697343730899e-06
313|2.960954,-3.32502,0.607248,2.2571465096987708e-07,6.6779162038629644e-06
314|2.962438,-3.329238,0.602914,1.2084473199891477e-07,3.571705051189405e-06
315|2.963919,-3.333421,0.598574,1.0969781305547599e-07,3.239041437597443e-06
316|2.965397,-3.337569,0.594228,1.918817473800516e-07,5.6601361772635616e-06
317|2.966872,-3.341684,0.589876,5.056674368120184e-08,1.4901729916500225e-06
318|2.968344,-3.345764,0.585518,1.9889973490450075e-07,5.855828976300081e-06
319|2.969814,-3.34981,0.581154,3.72778963253495e-09,1.0964577046274418e-07
320|2.971281,-3.353822,0.576784,8.673475049292279e-08,2.5487298666628905e-06
321|2.972745,-3.3578,0.572408,5.1756031904659494e-08,1.5194475224120549e-06
322|2.974206,-3.361744,0.568026,9.926111665947701e-08,2.9113995604317004e-06
323|2.975665,-3.365654,0.563638,8.685252250728581e-08,2.5451114911703276e-06
324|2.977121,-3.36953,0.559245,1.202124719767994e-07,3.51948772247157e-06
325|2.978574,-3.373372,0.554847,4.681993903687953e-09,1.3695255714918215e-07
326|2.980025,-3.37718,0.550442,2.5247543966600006e-07,7.378559887654001e-06
327|2.981473,-3.380955,0.546032,1.440806722818877e-07,4.2070248088837695e-06
328|2.982918,-3.384696,0.541617,1.0794008398207211e-07,3.1490008440386547e-06
329|2.984362,-3.388404,0.537197,1.536930325229946e-07,4.479901545581902e-06
330|2.985802,-3.392078,0.532771,1.254993988730746e-07,3.6549720253130107e-06
331|2.98724,-3.395718,0.528339,8.491291447754179e-08,2.4708593345734646e-06
332|2.988676,-3.399325,0.523903,9.199081496547024e-10,2.67457147600815e-08
333|2.990109,-3.402899,0.519462,2.6064559710547996e-07,7.571802375393514e-06
334|2.99154,-3.406439,0.515015,2.073561158333348e-07,6.018781570970246e-06
335|2.992969,-3.409946,0.510563,8.338765411508575e-08,2.41846578275183e-06
336|2.994395,-3.413419,0.506106,9.053324223629033e-08,2.6235930218626558e-06
337|2.995819,-3.41686,0.501645,2.6301077848955856e-07,7.615801529060263e-06
338|2.997241,-3.420267,0.497178,1.3004605170507944e-07,3.7626741971876787e-06
339|2.998661,-3.423641,0.492707,3.918695590243715e-08,1.1329269489227688e-06
340|3.000078,-3.426982,0.488231,1.1788946085999896e-07,3.405649235975936e-06
341|3.001493,-3.43029,0.48375,2.055472689832527e-07,5.933415530312953e-06
342|3.002906,-3.433565,0.479265,2.542611703404418e-07,7.334065052505554e-06
343|3.004317,-3.436806,0.474775,3.063978404327372e-08,8.831322196364336e-07
344|3.005726,-3.440015,0.47028,5.27865018362661e-08,1.5203433310049005e-06
345|3.007133,-3.443192,0.465781,3.24480353697254e-08,9.33876374107928e-07
346|3.008538,-3.446335,0.461278,1.2461533094310084e-07,3.583919674955751e-06
347|3.00994,-3.449445,0.45677,1.934923288260393e-08,5.560833980794466e-07
348|3.011341,-3.452523,0.452258,3.79243463299872e-08,1.0891483388840808e-06
349|3.01274,-3.455568,0.447741,1.6006926228939733e-07,4.5938112046991846e-06
350|3.014136,-3.458581,0.44322,2.383649460035997e-07,6.836082623172985e-06
351|3.015531,-3.46156,0.438695,3.3534396148837686e-08,9.610780716162683e-07
352|3.016924,-3.464507,0.434166,8.414551277979854e-09,2.4099375750998706e-07
353|3.018315,-3.467422,0.429633,1.1040596348266263e-07,3.1599295727983516e-06
354|3.019705,-3.470304,0.425096,1.5682682086293198e-07,4.485580813181437e-06
355|3.021092,-3.473154,0.420555,7.57140106166787e-08,2.16417059323284e-06
356|3.022478,-3.475971,0.41601,7.548870595286417e-08,2.1563414941460848e-06
357|3.023861,-3.478755,0.411461,5.609178854726338e-08,1.6012482609982603e-06
358|3.025244,-3.481508,0.406908,1.1195900606608689e-07,3.1940772938484362e-06
359|3.026624,-3.484228,0.402352,1.9820165952921798e-08,5.650985073995559e-07
360|3.028003,-3.486916,0.397791,4.293124122867198e-08,1.2232750756042696e-06
361|3.02938,-3.489571,0.393227,1.3551826416602353e-07,3.859097514134635e-06
362|3.030755,-3.492194,0.38866,5.901292388088564e-08,1.6794830519809457e-06
363|3.032129,-3.494785,0.384088,1.7064220658724594e-07,4.853542420060956e-06
364|3.033501,-3.497344,0.379514,9.324936822707741e-08,2.650729785015232e-06
365|3.034871,-3.499871,0.374936,1.2307928498600518e-07,3.49667315862791e-06
366|3.03624,-3.502366,0.370354,1.7708714095121536e-07,5.028180989104107e-06
367|3.037608,-3.504828,0.365769,1.0742039213695875e-07,3.048370691677969e-06
368|3.038974,-3.507259,0.36118,5.115129342314617e-08,1.4507682699590246e-06
369|3.040338,-3.509657,0.356589,2.4800010933745398e-08,7.030028269759819e-07
370|3.041701,-3.512024,0.351994,4.799781461173325e-08,1.3598581399804347e-06
371|3.043062,-3.514358,0.347396,6.420103870752314e-08,1.8179608458962525e-06
372|3.044422,-3.516661,0.342794,1.2857879649885717e-07,3.639027357420853e-06
373|3.045781,-3.518932,0.33819,8.174106724823105e-08,2.3122404790620495e-06
374|3.047138,-3.521171,0.333583,1.7406335439673626e-07,4.921302430061585e-06
375|3.048494,-3.523378,0.328972,1.1576070280128192e-07,3.271275498946192e-06
376|3.049849,-3.525553,0.324359,5.187801033201822e-08,1.4652973563723475e-06
377|3.051202,-3.527696,0.319742,1.0762198598968098e-07,3.0383179555603523e-06
378|3.052554,-3.529808,0.315123,7.251754041703862e-08,2.0462946632045e-06
379|3.053904,-3.531888,0.310501,8.329759770830947e-08,2.349382492184201e-06
380|3.055254,-3.533937,0.305876,6.395757745636388e-08,1.8030696303240946e-06
381|3.056602,-3.535953,0.301249,2.250852482177379e-08,6.342640654993239e-07
382|3.057949,-3.537938,0.296618,5.281638548737533e-08,1.487638673885382e-06
383|3.059295,-3.539892,0.291985,8.844066812230267e-09,2.489944208537386e-07
384|3.060639,-3.541813,0.28735,1.0933943084268094e-08,3.07699334201642e-07
385|3.061983,-3.543704,0.282712,1.478415700972846e-08,4.15873689662035e-07
386|3.063325,-3.545562,0.278071,6.253395978816911e-08,1.7583254836259372e-06
387|3.064666,-3.547389,0.273428,5.239183131777736e-08,1.4725446666412578e-06
388|3.066006,-3.549185,0.268782,2.983792146693531e-08,8.382974078434308e-07
389|3.067345,-3.550949,0.264134,1.9364323478043843e-09,5.4382570595721355e-08
390|3.068683,-3.552682,0.259484,5.360082333538685e-08,1.50473422555284e-06
391|3.07002,-3.554383,0.254832,5.7072515602385465e-09,1.6015830789529662e-07
392|3.071356,-3.556053,0.250177,6.808778874045629e-09,1.909980326574968e-07
393|3.072691,-3.557691,0.24552,9.65248454498635e-08,2.706694021212984e-06
394|3.074025,-3.559298,0.240861,1.1533215493741977e-07,3.232912257427736e-06
395|3.075358,-3.560874,0.236199,6.429432053423056e-08,1.8016178081447643e-06
396|3.07669,-3.562419,0.231536,8.206786672459998e-08,2.2988615114729785e-06
397|3.078021,-3.563932,0.226871,1.0724684251783856e-07,3.003149525578901e-06
398|3.079351,-3.565413,0.222203,2.9882643026724054e-09,8.365027919054487e-08
399|3.080681,-3.566864,0.217534,3.0276501306047976e-09,8.472527024455294e-08
400|3.082009,-3.568283,0.212862,4.782247176038368e-08,1.3378313489803383e-06
401|3.083337,-3.569671,0.208189,1.0136488981515868e-08,2.8347972905551286e-07
402|3.084664,-3.571028,0.203514,4.920234797367584e-08,1.3755882259357467e-06
403|3.08599,-3.572353,0.198838,2.7421232395852257e-08,7.664095428157828e-07
404|3.087315,-3.573647,0.194159,4.422712729379441e-08,1.235768260362851e-06
405|3.08864,-3.574911,0.189479,6.70979587447107e-08,1.874281915184327e-06
406|3.089964,-3.576142,0.184797,1.5128239949646627e-07,4.224687160526159e-06
407|3.091287,-3.577343,0.180114,9.011593959940001e-08,2.5158877184926035e-06
408|3.092609,-3.578513,0.175429,3.5572640832981506e-08,9.92869754479602e-07
409|3.093931,-3.579651,0.170742,1.1519878206911471e-07,3.2145021265608677e-06
410|3.095252,-3.580759,0.166054,8.490851577391823e-09,2.3686978985491489e-07
411|3.096572,-3.581835,0.161365,4.756270932659845e-10,1.3265411825667599e-08
412|3.097892,-3.58288,0.156674,7.768260212870359e-08,2.166090830227856e-06
413|3.099211,-3.583895,0.151982,1.1153196810553823e-07,3.109237853791203e-06
414|3.10053,-3.584878,0.147288,3.560660521984005e-08,9.924072913161577e-07
415|3.101848,-3.58583,0.142593,2.3726708153759546e-08,6.611571348696548e-07
416|3.103165,-3.586751,0.137897,7.023204418032947e-08,1.956650953188915e-06
417|3.104482,-3.587641,0.1332,6.27386809171071e-08,1.7475406722831575e-06
418|3.105799,-3.5885,0.128502,6.536246210941954e-09,1.8202757402370627e-07
419|3.107115,-3.589328,0.123802,1.112365755062683e-09,3.097250144320093e-08
420|3.10843,-3.590125,0.119102,4.757183624803929e-08,1.324346097140474e-06
421|3.109745,-3.590891,0.1144,4.1043406895369117e-08,1.1424071229414967e-06
422|3.11106,-3.591626,0.109698,3.0153612939898267e-09,8.391619349676984e-08
423|3.112374,-3.59233,0.104994,8.610603341452361e-09,2.3959179538630064e-07
424|3.113687,-3.593003,0.10029,2.9278749646977076e-08,8.145651653423833e-07
425|3.115001,-3.593645,0.095584,6.083569070725048e-08,1.692270153878953e-06
426|3.116314,-3.594256,0.090878,1.0731618704795665e-07,2.984815134914516e-06
427|3.117626,-3.594837,0.086171,7.699241511005539e-08,2.141134812368785e-06
428|3.118939,-3.595386,0.081464,4.166817069162221e-08,1.1586371668175066e-06
429|3.120251,-3.595905,0.076755,6.535766061688264e-08,1.8171441670959305e-06
430|3.121562,-3.596392,0.072046,1.3169558776837675e-09,3.6611462250248854e-08
431|3.122874,-3.596849,0.067337,4.1975293463281105e-08,1.1667973867574885e-06
432|3.124185,-3.597274,0.062627,9.467271588903259e-08,2.631391696352822e-06
433|3.125496,-3.597669,0.057916,6.577434508159286e-08,1.828012047693836e-06
434|3.126807,-3.598033,0.053205,6.570348132228787e-08,1.8258948111888838e-06
435|3.128117,-3.598366,0.048493,5.653306311970141e-08,1.5709332890339398e-06
436|3.129427,-3.598668,0.043781,7.970139925816966e-08,2.214583281654555e-06
437|3.130738,-3.59894,0.039069,3.5088711047848165e-08,9.74916059672591e-07
438|3.132048,-3.59918,0.034356,4.650924312343818e-08,1.2921588745923458e-06
439|3.133357,-3.59939,0.029643,6.789864759326747e-08,1.8863292501168218e-06
440|3.134667,-3.599568,0.024929,7.326758000303357e-08,2.0354059569911497e-06
441|3.135977,-3.599716,0.020216,3.8558523041132275e-08,1.0711376837892374e-06
442|3.137286,-3.599833,0.015502,1.7358631421160453e-08,4.82202101812661e-07
443|3.138596,-3.599919,0.010788,3.626994127259309e-08,1.007516503807435e-06
444|3.139905,-3.599974,0.006074,7.382782696296886e-08,2.0507848213374632e-06
445|3.141215,-3.599999,0.00136,5.6753761690231386e-08,1.5764937305569438e-06
446|3.142524,-3.599992,-0.003354,3.845586205031282e-08,1.0682202890883875e-06
447|3.143834,-3.599955,-0.008068,4.2106060860191974e-08,1.1696244983595497e-06
448|3.145143,-3.599887,-0.012782,8.911573790015836e-08,2.475499324282604e-06
449|3.146453,-3.599787,-0.017496,8.109616711493572e-08,2.2527779410880294e-06
450|3.147762,-3.599657,-0.022209,9.447275362006735e-08,2.6244431927334376e-06
451|3.149072,-3.599497,-0.026923,8.231566983596394e-08,2.2868019956477134e-06
452|3.150382,-3.599305,-0.031636,3.170766760263177e-08,8.809045959460618e-07
453|3.151692,-3.599082,-0.036349,4.60152844716788e-08,1.278463154674159e-06
454|3.153002,-3.598829,-0.041062,4.806655962141804e-08,1.335529746456365e-06
455|3.154312,-3.598544,-0.045774,8.993461175776929e-08,2.4989922199020024e-06
456|3.155623,-3.598229,-0.050486,1.8950135682871405e-08,5.265999069873056e-07
457|3.156933,-3.597883,-0.055197,2.0680321899391174e-08,5.747237618937181e-07
458|3.158244,-3.597506,-0.059908,9.771797149227268e-09,2.715893314032641e-07
459|3.159555,-3.597098,-0.064619,2.8508496452417376e-08,7.924136988781237e-07
460|3.160866,-3.596659,-0.069329,8.279798224819501e-08,2.301652793171041e-06
461|3.162178,-3.59619,-0.074038,8.372302229275874e-08,2.3276102317045988e-06
462|3.16349,-3.595689,-0.078747,2.035311119641392e-08,5.659063426762129e-07
463|3.164802,-3.595158,-0.083455,1.2019937267737646e-07,3.3424679804034855e-06
464|3.166114,-3.594595,-0.088162,2.050665681707642e-08,5.703143668919207e-07
465|3.167427,-3.594002,-0.092869,7.442646099420358e-08,2.070160993078652e-06
466|3.16874,-3.593377,-0.097575,7.057006490285289e-08,1.9631689245515976e-06
467|3.170054,-3.592722,-0.10228,2.2815542788379162e-08,6.347917526310203e-07
468|3.171367,-3.592036,-0.106984,9.590718441643276e-09,2.6688116266913247e-07
469|3.172682,-3.591319,-0.111687,8.472434442907684e-08,2.358002873617441e-06
470|3.173996,-3.590571,-0.116389,4.459564673098271e-08,1.2413690310577413e-06
471|3.175312,-3.589791,-0.12109,5.554890192271955e-08,1.5465336378115318e-06
472|3.176627,-3.588981,-0.12579,9.910879716912291e-08,2.759779904735949e-06
473|3.177943,-3.58814,-0.130489,9.377434029289589e-08,2.6117261058665126e-06
474|3.17926,-3.587268,-0.135187,3.3306372326791234e-08,9.278020689091022e-07
475|3.180577,-3.586365,-0.139884,2.3534140414227522e-08,6.55712926920712e-07
476|3.181895,-3.585431,-0.144579,3.77656474981336e-08,1.0524531447283325e-06
477|3.183213,-3.584466,-0.149274,5.283079973494864e-08,1.4726056348101783e-06
478|3.184532,-3.583469,-0.153967,7.782665933930843e-08,2.1698226009248064e-06
479|3.185851,-3.582442,-0.158658,7.543318591984871e-08,2.103573923886893e-06
480|3.187171,-3.581384,-0.163348,7.472293894750237e-09,2.084259515349732e-07
481|3.188492,-3.580294,-0.168037,6.950064346256113e-08,1.9390648030449682e-06
482|3.189813,-3.579174,-0.172725,6.5205112420585465e-09,1.8196745357145817e-07
483|3.191135,-3.578022,-0.17741,6.521844486684358e-08,1.820514838497981e-06
484|3.192458,-3.576839,-0.182095,5.039635508907736e-08,1.4071411392637515e-06
485|3.193782,-3.575625,-0.186778,3.525351877087246e-08,9.84597660636727e-07
486|3.195106,-3.57438,-0.191459,4.203175940631354e-08,1.1742341906216032e-06
487|3.196431,-3.573104,-0.196138,1.189189089423337e-07,3.3231652873019535e-06
488|3.197756,-3.571796,-0.200816,8.124947781240621e-08,2.2711645668645563e-06
489|3.199083,-3.570458,-0.205492,1.5314386514475586e-07,4.28210788812707e-06
490|3.20041,-3.569088,-0.210166,9.791759625343843e-08,2.738746617587606e-06
491|3.201738,-3.567687,-0.214838,1.1729847715358233e-07,3.2818569921063896e-06
492|3.203067,-3.566254,-0.219509,2.499519213827739e-08,6.995569549223057e-07
493|3.204397,-3.56479,-0.224177,1.5950485376947654e-10,4.4656316014645565e-09
494|3.205727,-3.563295,-0.228844,1.1409442146614879e-07,3.1953528882514224e-06
495|3.207059,-3.561769,-0.233509,3.5175161894329676e-08,9.854600902519751e-07
496|3.208391,-3.560212,-0.238171,6.607434954730707e-08,1.851771540593015e-06
497|3.209725,-3.558623,-0.242831,1.6908509170576735e-07,4.740395671590933e-06
498|3.211059,-3.557002,-0.24749,2.531260934190982e-08,7.099113205172202e-07
499|3.212394,-3.555351,-0.252146,4.9747463037874695e-08,1.3957223103143296e-06
500|3.213731,-3.553667,-0.2568,1.0033259556507801e-08,2.8160108745882415e-07
501|3.215068,-3.551953,-0.261451,3.894768507706203e-08,1.0935561731792795e-06
502|3.216406,-3.550207,-0.266101,3.4823450789644994e-08,9.78141295429503e-07
503|3.217746,-3.548429,-0.270747,3.965306349940079e-08,1.1142434891053867e-06
504|3.219086,-3.54662,-0.275392,1.5768296890428246e-07,4.432663629526654e-06
505|3.220428,-3.54478,-0.280034,1.713419228721591e-08,4.818627803207715e-07
506|3.221771,-3.542908,-0.284674,8.16935319392087e-08,2.298425183724713e-06
507|3.223115,-3.541004,-0.289311,1.9142396112670212e-08,5.387969847435438e-07
508|3.22446,-3.539069,-0.293945,3.01609182074003e-08,8.493030575939893e-07
509|3.225806,-3.537103,-0.298577,1.3045504587694268e-07,3.675118848980789e-06
510|3.227153,-3.535104,-0.303206,1.0237961367565163e-07,2.885490724565867e-06
511|3.228502,-3.533074,-0.307833,2.077582550441548e-09,5.8581881717090185e-08
512|3.229852,-3.531012,-0.312456,4.669477515761855e-08,1.3172717560088652e-06
513|3.231203,-3.528919,-0.317077,6.140949970756537e-10,1.7331966187490106e-08
514|3.232556,-3.526794,-0.321695,1.711581614216584e-07,4.833017064376416e-06
515|3.233909,-3.524637,-0.32631,4.5075410071149236e-08,1.2734211087644842e-06
516|3.235264,-3.522448,-0.330922,1.337806447843093e-07,3.781294930863781e-06
517|3.236621,-3.520228,-0.335532,1.350580633996401e-07,3.819318357032547e-06
518|3.237979,-3.517975,-0.340138,5.347361664576056e-08,1.5129560915273877e-06
519|3.239338,-3.515691,-0.344741,4.2509133546531075e-08,1.203354514093749e-06
520|3.240699,-3.513375,-0.349341,1.7530677398625016e-07,4.965213100218693e-06
521|3.242061,-3.511027,-0.353938,1.7591596446209223e-07,4.985119322954802e-06
522|3.243424,-3.508647,-0.358531,1.9552434338265812e-08,5.54377399133818e-07
523|3.244789,-3.506235,-0.363121,1.266345783790257e-08,3.5924825027264524e-07
524|3.246156,-3.50379,-0.367708,4.141602527596433e-08,1.175579056623943e-06
525|3.247524,-3.501314,-0.372292,2.7719666118031228e-08,7.87255421083482e-07
526|3.248893,-3.498806,-0.376872,1.761528340971097e-07,5.005700067875803e-06
527|3.250265,-3.496266,-0.381449,1.3991109648614497e-07,3.97812315767234e-06
528|3.251637,-3.493693,-0.386022,2.1534166450010161e-07,6.126442412965147e-06
529|3.253012,-3.491089,-0.390592,1.0813213791038834e-07,3.078169768178787e-06
530|3.254388,-3.488452,-0.395158,6.400287810848226e-08,1.823048274880451e-06
531|3.255766,-3.485783,-0.39972,1.689255069159401e-07,4.814576870884798e-06
532|3.257145,-3.483081,-0.404279,7.679801017346222e-08,2.190183413871407e-06
533|3.258526,-3.480348,-0.408834,3.152146144103085e-08,8.995136143689685e-07
534|3.259909,-3.477582,-0.413385,8.944293750090537e-08,2.554005237469248e-06
535|3.261293,-3.474783,-0.417932,2.343041258789924e-07,6.694735419418708e-06
536|3.26268,-3.471952,-0.422476,4.2602138261571554e-08,1.2180525594468768e-06
537|3.264068,-3.469089,-0.427015,5.4290205664386804e-08,1.5532473087161391e-06
538|3.265458,-3.466193,-0.431551,8.684192964736326e-08,2.48620275201431e-06
539|3.26685,-3.463265,-0.436082,1.5929215724241885e-08,4.563445007314417e-07
540|3.268244,-3.460304,-0.44061,1.0274930017928341e-07,2.9455888237838723e-06
541|3.269639,-3.457311,-0.445133,2.7766017041130908e-08,7.96535288975091e-07
542|3.271037,-3.454284,-0.449652,4.939360298550355e-08,1.4179599521842674e-06
543|3.272436,-3.451226,-0.454166,8.881187296694293e-08,2.5513461463675373e-06
544|3.273838,-3.448134,-0.458677,1.681093664274158e-08,4.832801982836853e-07
545|3.275242,-3.44501,-0.463183,2.644870504830976e-07,7.6089313407699494e-06
546|3.276647,-3.441852,-0.467684,1.3079752392286537e-07,3.765602902282475e-06
547|3.278055,-3.438662,-0.472182,4.213483251191974e-08,1.2139351138860445e-06
548|3.279464,-3.435439,-0.476674,2.5850353013723293e-07,7.453210611935393e-06
549|3.280876,-3.432184,-0.481162,1.2269579130474995e-08,3.540240607195771e-07
550|3.28229,-3.428895,-0.485646,8.705013598842015e-09,2.513636096804231e-07
551|3.283706,-3.425573,-0.490125,7.234110288578677e-08,2.090506266296742e-06
552|3.285125,-3.422218,-0.494599,1.906292927955633e-07,5.513063548746852e-06
553|3.286545,-3.41883,-0.499068,9.698859049223074e-09,2.807143064041524e-07
554|3.287968,-3.415409,-0.503532,1.192273391126264e-07,3.4535354339510526e-06
555|3.289393,-3.411954,-0.507992,3.381942725866338e-09,9.803973940528597e-08
556|3.29082,-3.408467,-0.512446,8.50952064368471e-09,2.46883654991592e-07
557|3.29225,-3.404946,-0.516896,1.4270304493635422e-07,4.143578370666409e-06
558|3.293682,-3.401392,-0.52134,1.912242559853894e-07,5.55704599816798e-06
559|3.295116,-3.397804,-0.52578,1.0483404366823379e-08,3.049058364810906e-07
560|3.296553,-3.394183,-0.530214,1.0079210310820486e-07,2.9339721042587218e-06
561|3.297992,-3.390528,-0.534643,7.172765315033303e-08,2.089709369422448e-06
562|3.299434,-3.38684,-0.539067,1.0569307695718066e-07,3.0819052973207614e-06
563|3.300878,-3.383118,-0.543485,3.6649412393785497e-08,1.069589164449744e-06
564|3.302325,-3.379363,-0.547898,1.7443704170005958e-07,5.0952983743632666e-06
565|3.303774,-3.375574,-0.552305,6.069483049486735e-08,1.7744644596080028e-06
566|3.305226,-3.371751,-0.556707,9.486613228304464e-08,2.7759734214925135e-06
567|3.30668,-3.367895,-0.561104,4.0404129375559705e-08,1.1833740248951637e-06
568|3.308137,-3.364004,-0.565495,1.0767524871724277e-07,3.156518035324263e-06
569|3.309597,-3.36008,-0.56988,6.95217914348234e-08,2.0399203500631777e-06
570|3.311059,-3.356122,-0.574259,9.299378866955976e-08,2.7311771043364006e-06
571|3.312525,-3.352129,-0.578632,1.1363571950084861e-07,3.340553855663334e-06
572|3.313993,-3.348103,-0.583,2.2225881268767012e-07,6.5399434317161015e-06
573|3.315463,-3.344043,-0.587362,2.0192619576420157e-08,5.947341519549669e-07
574|3.316937,-3.339948,-0.591717,7.77293647225008e-08,2.2915778378929317e-06
575|3.318413,-3.335819,-0.596067,1.4392168123933402e-07,4.247161937383055e-06
576|3.319893,-3.331656,-0.60041,1.91236808610995e-07,5.648994758418001e-06
577|3.321375,-3.327458,-0.604747,4.61663551831748e-08,1.3650743745427726e-06
578|3.32286,-3.323226,-0.609078,1.7019190856615296e-07,5.037378673247549e-06
579|3.324348,-3.31896,-0.613403,1.8123644451861765e-07,5.3697012185057375e-06
580|3.32584,-3.314659,-0.617721,1.6511012912445722e-07,4.896900999418338e-06
581|3.327334,-3.310324,-0.622033,1.3092475370513057e-07,3.887015547854525e-06
582|3.328831,-3.305954,-0.626339,4.688714749789824e-09,1.393475337577398e-07
583|3.330332,-3.301549,-0.630637,1.8021623215958016e-07,5.361601247966905e-06
584|3.331835,-3.297109,-0.63493,2.0297570380023444e-07,6.045104105037179e-06
585|3.333342,-3.292635,-0.639215,5.560843341356758e-08,1.6579201101696954e-06
586|3.334852,-3.288125,-0.643494,2.263314629047386e-07,6.755154295041241e-06
587|3.336366,-3.283581,-0.647765,1.378489145054118e-07,4.1187478530593735e-06
588|3.337882,-3.279001,-0.65203,3.401311694517517e-07,1.0173817519337817e-05
589|3.339402,-3.274387,-0.656288,2.4479214966177665e-07,7.330182070880407e-06
590|3.340926,-3.269737,-0.660539,5.729797525333424e-09,1.717673574907532e-07
591|3.342453,-3.265052,-0.664783,9.493094887957909e-08,2.8490326334245654e-06
592|3.343983,-3.260332,-0.669019,2.7138706837348536e-08,8.154008956554342e-07
593|3.345517,-3.255577,-0.673249,2.5789024160616236e-07,7.757353889692624e-06
594|3.347054,-3.250786,-0.677471,1.1137507982539319e-07,3.354035801355369e-06
595|3.348595,-3.245959,-0.681685,6.942793495667843e-08,2.0932412030883076e-06
596|3.350139,-3.241097,-0.685892,1.5856772428435306e-07,4.786404409789948e-06
597|3.351687,-3.236199,-0.690092,2.416757167722494e-07,7.303677231380954e-06
598|3.353239,-3.231266,-0.694284,1.1856657433639839e-08,3.587476892881106e-07
599|3.354795,-3.226296,-0.698468,1.043350037477353e-07,3.160673930526129e-06
600|3.356354,-3.221291,-0.702645,1.6302729832773366e-08,4.944667095704445e-07
601|3.357917,-3.21625,-0.706813,2.7797956825281744e-08,8.441529608703731e-07
602|3.359484,-3.211173,-0.710974,6.348166170511149e-08,1.930156616828766e-06
603|3.361055,-3.20606,-0.715127,2.4115000663016417e-07,7.3412837833639045e-06
604|3.362629,-3.20091,-0.719271,3.3533673393648655e-07,1.0221411502867574e-05
605|3.364208,-3.195725,-0.723408,2.1062724897547014e-09,6.428264841637163e-08
606|3.365791,-3.190503,-0.727536,1.5253445662111176e-07,4.661237865052909e-06
607|3.367378,-3.185244,-0.731656,1.592581653220293e-07,4.872970049564777e-06
608|3.368969,-3.179949,-0.735768,2.319328169519963e-07,7.1058739836333665e-06
609|3.370564,-3.174618,-0.739871,3.1531615096724863e-07,9.673181854313787e-06
610|3.372163,-3.169249,-0.743965,2.8013641628632513e-08,8.605286397143194e-07
611|3.373766,-3.163844,-0.748051,3.2452984033426446e-07,9.982230501400624e-06
612|3.375374,-3.158403,-0.752128,3.037964946273064e-08,9.357020981017954e-07
613|3.376986,-3.152924,-0.756197,1.2902194379549314e-07,3.9792856234935375e-06
614|3.378603,-3.147408,-0.760256,9.080468865718672e-08,2.8044088904544057e-06
615|3.380224,-3.141856,-0.764307,3.379564805783275e-07,1.0451773579747755e-05
616|3.381849,-3.136266,-0.768349,1.1785353049020841e-07,3.6498315969905322e-06
617|3.383479,-3.130638,-0.772381,1.6491991328138056e-08,5.114572351286203e-07
618|3.385113,-3.124974,-0.776404,2.0181400728347398e-07,6.267555961208441e-06
619|3.386752,-3.119272,-0.780418,2.593482757440313e-07,8.065772181764797e-06
620|3.388396,-3.113532,-0.784423,1.924076404868913e-07,5.992465914778565e-06
621|3.390045,-3.107755,-0.788418,1.575954335919505e-07,4.915327951400496e-06
622|3.391698,-3.10194,-0.792403,6.621531145611925e-08,2.0682254448097507e-06
623|3.393356,-3.096088,-0.796379,3.165007766980921e-08,9.90033186478809e-07
624|3.395019,-3.090197,-0.800345,4.6879105042307856e-08,1.4685711495707647e-06
625|3.396687,-3.084269,-0.804301,1.2725793263612672e-07,3.9925121634499105e-06
626|3.39836,-3.078302,-0.808248,1.6659932544627054e-07,5.2346242891684504e-06
627|3.400038,-3.072297,-0.812184,1.6647717693274444e-07,5.23869396368562e-06
628|3.401721,-3.066254,-0.81611,1.7474179703214077e-07,5.507142515330457e-06
629|3.403409,-3.060172,-0.820026,3.785880098305938e-08,1.1949860243870078e-06
630|3.405102,-3.054052,-0.823932,2.6260628471774794e-07,8.301808533625291e-06
631|3.406801,-3.047894,-0.827827,9.20916232161062e-08,2.91584651558752e-06
632|3.408505,-3.041696,-0.831712,2.2988968062520598e-08,7.290316005152995e-07
633|3.410214,-3.03546,-0.835586,2.41174569204361e-07,7.660303590279885e-06
634|3.411929,-3.029185,-0.839449,1.258123103475839e-07,4.00249374155865e-06
635|3.413649,-3.022871,-0.843302,2.961835066095375e-07,9.437713810962491e-06
636|3.415375,-3.016518,-0.847143,2.1358458512921175e-07,6.816787724138816e-06
637|3.417107,-3.010125,-0.850974,1.6645811395932242e-08,5.321380959225929e-07
638|3.418844,-3.003694,-0.854794,8.343441093572324e-08,2.6716492068605757e-06
639|3.420587,-2.997222,-0.858602,7.332823059869042e-08,2.351939056455717e-06
640|3.422336,-2.990712,-0.862399,2.645194880912527e-07,8.498428431068262e-06
641|3.42409,-2.984161,-0.866184,3.3775175189987294e-07,1.0869520052175757e-05
642|3.425851,-2.977571,-0.869958,7.80140396727802e-10,2.5149133732675868e-08
643|3.427618,-2.970941,-0.873721,3.5063679959534966e-07,1.1322725621344828e-05
644|3.42939,-2.964271,-0.877471,1.3102948859256003e-07,4.238492928213625e-06
645|3.431169,-2.95756,-0.88121,1.523057560071095e-07,4.935300708706998e-06
646|3.432954,-2.95081,-0.884936,1.1433328594989689e-07,3.711338849549136e-06
647|3.434745,-2.944019,-0.888651,3.4792091074820064e-07,1.1313708139239008e-05
648|3.436543,-2.937188,-0.892353,6.825124820863948e-08,2.2233484441314925e-06
649|3.438347,-2.930316,-0.896043,1.5948867382320486e-07,5.2048143060861404e-06
650|3.440158,-2.923403,-0.899721,7.788355249616075e-08,2.546277275945732e-06
651|3.441975,-2.916449,-0.903386,1.608590132207155e-07,5.268608506057869e-06
652|3.443799,-2.909455,-0.907038,5.199769503860807e-08,1.706205216230028e-06
653|3.44563,-2.902419,-0.910678,3.2097042224066286e-07,1.0551521406170021e-05
654|3.447467,-2.895342,-0.914304,1.770029101066939e-08,5.829610075077522e-07
655|3.449311,-2.888224,-0.917918,1.1335872507345357e-07,3.7404966815042617e-06
656|3.451163,-2.881064,-0.921518,3.8300545313063594e-07,1.266196145304052e-05
657|3.453021,-2.873862,-0.925105,5.1337934792172746e-08,1.7004442512528558e-06
658|3.454886,-2.866619,-0.928678,2.4115753971543086e-07,8.003116619996513e-06
659|3.456759,-2.859334,-0.932238,7.540065860567324e-08,2.507115021632991e-06
660|3.458639,-2.852007,-0.935784,1.6349719000885443e-07,5.446991568530524e-06
661|3.460526,-2.844637,-0.939317,1.5502362282759918e-07,5.1748545355702795e-06
662|3.462421,-2.837226,-0.942835,1.5387178775583266e-07,5.146591209795444e-06
663|3.464323,-2.829772,-0.946339,6.763251869656983e-08,2.2666438680604116e-06
664|3.466233,-2.822275,-0.949829,8.877304402687969e-08,2.9811420643864014e-06
665|3.468151,-2.814735,-0.953305,6.872637570154438e-08,2.3126272380452845e-06
666|3.470076,-2.807153,-0.956766,2.3183653929947923e-07,7.817202444166546e-06
667|3.47201,-2.799527,-0.960213,1.3164497847384382e-07,4.448034208802464e-06
668|3.473951,-2.791859,-0.963644,9.841769221807795e-08,3.3322538218666375e-06
669|3.475901,-2.784147,-0.967061,2.872181092961057e-07,9.745068861257002e-06
670|3.477858,-2.776391,-0.970462,4.45520483172146e-07,1.514802295426483e-05
671|3.479825,-2.768592,-0.973849,3.9389743244910846e-07,1.3421275591818173e-05
672|3.481799,-2.760749,-0.97722,5.1373214127181654e-08,1.7541906364793224e-06
673|3.483782,-2.752862,-0.980575,5.268169944727674e-08,1.8027542632836458e-06
674|3.485773,-2.744931,-0.983915,3.341800232092851e-07,1.1460435338102768e-05
675|3.487774,-2.736956,-0.987238,2.669919632047879e-07,9.176354917625964e-06
676|3.489783,-2.728936,-0.990546,1.828224038824544e-07,6.297383521825786e-06
677|3.491801,-2.720871,-0.993837,1.0243694781308932e-09,3.536336841984099e-08
678|3.493828,-2.712762,-0.997113,8.50369796800976e-08,2.942242658880064e-06
679|3.495864,-2.704608,-1.000371,8.535131978959498e-08,2.9597989838493964e-06
680|3.497909,-2.696409,-1.003613,3.7831500865337375e-07,1.3149052551410002e-05
681|3.499964,-2.688164,-1.006838,3.4920447067321447e-07,1.2165150746607662e-05
682|3.502029,-2.679874,-1.010046,2.0255014865355747e-07,7.072531601015928e-06
683|3.504102,-2.671539,-1.013237,3.7923345930224173e-07,1.327275915066711e-05
684|3.506186,-2.663157,-1.016411,1.7877236890839754e-07,6.271557570010644e-06
685|3.50828,-2.65473,-1.019567,3.378392463559976e-07,1.1879920195936653e-05
686|3.510383,-2.646256,-1.022705,1.6235651090212855e-07,5.722813743876775e-06
687|3.512497,-2.637736,-1.025825,1.4652009694415824e-07,5.177043636439125e-06
688|3.514621,-2.62917,-1.028927,4.0340393692162024e-07,1.4288204005190536e-05
689|3.516755,-2.620557,-1.032011,3.235394574474526e-07,1.1487510965254947e-05
690|3.518899,-2.611896,-1.035077,3.8085269338239414e-07,1.3555805419169338e-05
691|3.521055,-2.603189,-1.038123,1.859573286466798e-07,6.635288289811663e-06
692|3.523221,-2.594435,-1.041151,2.6954982690341467e-07,9.642111569570306e-06
693|3.525398,-2.585633,-1.04416,3.149469995911147e-07,1.1294470460963283e-05
694|3.527586,-2.576783,-1.04715,2.700972174807248e-07,9.710745084710247e-06
695|3.529785,-2.567885,-1.05012,1.6963570548256257e-08,6.114522931081287e-07
696|3.531996,-2.558939,-1.05307,2.384493531515375e-07,8.6171432193053e-06
697|3.534218,-2.549945,-1.056001,2.3887751021689496e-07,8.655120703390606e-06
698|3.536451,-2.540903,-1.058911,2.7579695904833557e-07,1.001906085148256e-05
699|3.538697,-2.531811,-1.061801,5.439627548398107e-08,1.9813255060288126e-06
700|3.540954,-2.522671,-1.064671,3.693726040587819e-07,1.348992314304326e-05
701|3.543224,-2.513482,-1.06752,7.4906228331173e-08,2.7430284809585328e-06
702|3.545506,-2.504243,-1.070348,1.204623272244021e-07,4.4232420455934095e-06
703|3.5478,-2.494955,-1.073154,1.6256577728412935e-07,5.9855643501963765e-06
704|3.550107,-2.485616,-1.07594,2.6199948210958723e-07,9.673256181624368e-06
705|3.552427,-2.476228,-1.078703,7.309191341065002e-08,2.706123324369284e-06
706|3.55476,-2.46679,-1.081445,3.02103772664708e-07,1.1216314400041277e-05
707|3.557106,-2.457301,-1.084165,4.400235731338853e-07,1.6383086078058193e-05
708|3.559465,-2.447761,-1.086862,1.5541336839675068e-07,5.802884805855829e-06
709|3.561838,-2.43817,-1.089536,2.389018436410595e-07,8.945840078696136e-06
710|3.564224,-2.428528,-1.092188,1.4920809165985816e-07,5.603381060366347e-06
711|3.566624,-2.418835,-1.094817,3.2761815971227293e-07,1.2339348654500604e-05
712|3.569039,-2.40909,-1.097422,1.399281268632535e-07,5.285748043571071e-06
713|3.571468,-2.399293,-1.100003,2.9167295734211507e-07,1.1050587165062283e-05
714|3.573911,-2.389444,-1.102561,1.5181832191402123e-07,5.769148369265082e-06
715|3.576369,-2.379542,-1.105094,3.437738582690031e-08,1.3102968054435375e-06
716|3.578842,-2.369588,-1.107603,2.1172618858145142e-07,8.094529222237885e-06
717|3.58133,-2.359581,-1.110087,2.2465673721328017e-07,8.615246777835547e-06
718|3.583833,-2.34952,-1.112546,2.759345556491155e-07,1.0614434473126938e-05
719|3.586352,-2.339406,-1.11498,2.5013661542061527e-07,9.652100973669039e-06
720|3.588887,-2.329238,-1.117388,1.6808809766288846e-07,6.50649205805676e-06
721|3.591438,-2.319016,-1.11977,1.3540957333191272e-07,5.258189748135492e-06
722|3.594005,-2.30874,-1.122126,2.6058893798364124e-07,1.0151528597074039e-05
723|3.596589,-2.29841,-1.124456,2.4458041192332303e-07,9.558672101877498e-06
724|3.599189,-2.288024,-1.126758,3.8597666129902564e-07,1.5133850273653488e-05
725|3.601807,-2.277583,-1.129034,3.2916863013099373e-08,1.2948860081969323e-06
726|3.604442,-2.267087,-1.131282,2.3160467721439204e-07,9.141076807582797e-06
727|3.607094,-2.256535,-1.133502,1.7065104351843274e-07,6.75784621364968e-06
728|3.609764,-2.245927,-1.135694,3.9597447099026795e-07,1.573361316683473e-05
729|3.612453,-2.235262,-1.137857,4.881455151206637e-08,1.946191140931689e-06
730|3.61516,-2.224541,-1.139992,2.1464417532257585e-07,8.587028816520226e-06
731|3.617885,-2.213763,-1.142097,2.630015423221721e-07,1.0558026093286502e-05
732|3.62063,-2.202928,-1.144173,3.3517757946910365e-07,1.3502473678860625e-05
733|3.623393,-2.192035,-1.146219,3.551732263851193e-07,1.435839086150941e-05
734|3.626177,-2.181084,-1.148235,2.6549888332283444e-07,1.0771326595692375e-05
735|3.62898,-2.170075,-1.15022,7.409034186167673e-08,3.016633917611971e-06
736|3.631803,-2.159007,-1.152174,4.297403144448708e-07,1.756044553668729e-05
737|3.634647,-2.147881,-1.154096,3.6569572436917497e-07,1.4997947236929111e-05
738|3.637512,-2.136695,-1.155987,2.7894688336971285e-07,1.1482336481318798e-05
739|3.640399,-2.125449,-1.157845,3.0363015657286496e-07,1.2544840404080058e-05
740|3.643306,-2.114144,-1.159671,2.4408173304735215e-07,1.0122347087439423e-05
741|3.646236,-2.102778,-1.161463,1.325848089095416e-07,5.519256304403496e-06
742|3.649188,-2.091352,-1.163222,6.949239361730974e-08,2.9038874927056824e-06
743|3.652163,-2.079864,-1.164948,1.6081802467482476e-07,6.7460303359690446e-06
744|3.655161,-2.068315,-1.166638,1.8238379206891864e-07,7.680444190678101e-06
745|3.658182,-2.056704,-1.168294,1.7729674572919407e-07,7.495540049357286e-06
746|3.661227,-2.045032,-1.169915,7.55700408916482e-08,3.2075218543678504e-06
747|3.664297,-2.033296,-1.1715,2.6383889784042935e-07,1.1243278596455447e-05
748|3.667391,-2.021498,-1.173048,5.963979310408263e-08,2.551764447062393e-06
749|3.67051,-2.009636,-1.17456,3.5739681258917244e-07,1.5354015274158534e-05
750|3.673655,-1.997711,-1.176035,1.680354992927846e-07,7.248629688308775e-06
751|3.676826,-1.985721,-1.177471,4.6313828505617494e-07,2.0061634311299642e-05
752|3.680024,-1.973667,-1.17887,3.590556874044637e-08,1.5618358268158253e-06
753|3.683249,-1.961548,-1.18023,4.893428875440975e-07,2.1375796747823334e-05
754|3.686501,-1.949363,-1.18155,2.0039444281749752e-07,8.791195609362676e-06
755|3.689781,-1.937113,-1.18283,1.105162086290079e-07,4.869220223452141e-06
756|3.693089,-1.924796,-1.18407,5.997955048187009e-07,2.654153617514697e-05
757|3.696427,-1.912413,-1.185269,2.174645996610991e-07,9.665392054152226e-06
758|3.699794,-1.899963,-1.186427,2.5480708121250473e-07,1.1375463977150149e-05
759|3.703192,-1.887444,-1.187542,4.050813018352528e-09,1.8165444497759203e-07
760|3.70662,-1.874858,-1.188614,1.8558783221322983e-07,8.360239254010334e-06
761|3.71008,-1.862203,-1.189643,2.3171977092673046e-07,1.0486185329456553e-05
762|3.713571,-1.84948,-1.190627,1.129867897020631e-07,5.136734665183193e-06
763|3.717095,-1.836686,-1.191567,3.095039700085067e-07,1.4136804138255626e-05
764|3.720652,-1.823823,-1.192462,3.366721053055244e-07,1.545034485864283e-05
765|3.724243,-1.810889,-1.19331,5.199529513610912e-07,2.397520041823953e-05
766|3.727869,-1.797884,-1.194112,1.0090120294847793e-07,4.675015408117429e-06
767|3.73153,-1.784808,-1.194866,1.6545681980062454e-07,7.703382747329394e-06
768|3.735227,-1.77166,-1.195572,5.544015690972515e-07,2.5939007841304835e-05
769|3.73896,-1.758439,-1.196229,1.8472701768246225e-07,8.685878063797926e-06
770|3.742731,-1.745145,-1.196836,3.5133948772525514e-07,1.6603037084364524e-05
771|3.74654,-1.731777,-1.197392,1.3865513759370174e-07,6.585624529452965e-06
772|3.750388,-1.718335,-1.197898,2.4411301691174003e-07,1.1654019835484538e-05
773|3.754276,-1.704818,-1.198351,2.8821899267228446e-07,1.3831053656781348e-05
774|3.758204,-1.691226,-1.198751,2.1832563357193635e-07,1.0531964982601106e-05
775|3.762174,-1.677558,-1.199097,3.4348931166050534e-07,1.6657689694721984e-05
776|3.766187,-1.663813,-1.199389,7.0682457664617e-08,3.446159133746135e-06
777|3.770243,-1.649991,-1.199625,8.016892172335588e-08,3.9298632151976944e-06
778|3.774343,-1.636092,-1.199805,9.132114575649553e-08,4.50107581531306e-06
779|3.778489,-1.622114,-1.199927,4.616325828266099e-07,2.2879251291058277e-05
780|3.782681,-1.608057,-1.19999,3.828928791804742e-07,1.9083147942182403e-05
781|3.78692,-1.593921,-1.199994,2.0222805563463453e-07,1.0136052023308054e-05
782|3.791208,-1.579704,-1.199938,4.1696626440490547e-07,2.101895925143312e-05
783|3.795545,-1.565406,-1.19982,6.65096415719546e-08,3.372144845007073e-06
784|3.799933,-1.551027,-1.19964,6.365511673322999e-09,3.2463494056169766e-07
785|3.804373,-1.536565,-1.199396,1.7166494936660115e-07,8.806708814461175e-06
786|3.808866,-1.52202,-1.199088,3.29160382728233e-07,1.6987900412446373e-05
787|3.813414,-1.507392,-1.198713,2.974416268841651e-10,1.544418268640605e-08
788|3.818017,-1.492679,-1.198271,5.515965051383631e-07,2.881688065516631e-05
789|3.822678,-1.477882,-1.197761,1.445786805831517e-07,7.600182174035262e-06
790|3.827397,-1.462998,-1.197181,1.0406760742043275e-07,5.505062354059893e-06
791|3.832176,-1.448028,-1.196531,4.658339158858382e-08,2.4799207780663544e-06
792|3.837017,-1.43297,-1.195808,2.931647242743196e-07,1.570770051873334e-05
793|3.84192,-1.417824,-1.195011,5.488998873204309e-07,2.9602107640194262e-05
794|3.846889,-1.402589,-1.19414,8.325304268197442e-08,4.519534707548428e-06
795|3.851924,-1.387264,-1.193192,1.327642966675313e-07,7.25562919714824e-06
796|3.857027,-1.371849,-1.192166,2.0933724753646743e-07,1.1518003035245089e-05
797|3.862199,-1.356343,-1.191061,3.6837913230947095e-07,2.040797381221995e-05
798|3.867444,-1.340744,-1.189875,3.172862395039999e-08,1.7699827692765762e-06
799|3.872762,-1.325052,-1.188606,4.814247838158536e-07,2.704570134958224e-05
800|3.878157,-1.309266,-1.187253,3.0451010579746196e-07,1.7229149874904758e-05
801|3.883629,-1.293385,-1.185814,2.206446367836179e-07,1.257443886690893e-05
802|3.889181,-1.277409,-1.184287,2.5365774081187453e-07,1.4561906843115537e-05
803|3.894815,-1.261335,-1.182671,2.4897964112646775e-07,1.4399640921872975e-05
804|3.900534,-1.245165,-1.180963,1.0631313229758632e-07,6.1949265972983305e-06
805|3.906341,-1.228895,-1.179161,2.435153290125669e-07,1.4298226653271017e-05
806|3.912237,-1.212526,-1.177264,2.1994305332562192e-07,1.301422446139984e-05
807|3.918225,-1.196057,-1.17527,1.649630609890096e-07,9.83770092502471e-06
808|3.924308,-1.179486,-1.173175,5.764765105276126e-07,3.465257782009664e-05
809|3.93049,-1.162813,-1.170979,1.1163709290329393e-08,6.764858455917533e-07
810|3.936773,-1.146036,-1.168679,4.6049260782332624e-07,2.813322236256579e-05
811|3.943159,-1.129155,-1.166272,1.7880608305098633e-07,1.1014809340307006e-05
812|3.949654,-1.112168,-1.163756,4.742273644886552e-07,2.9459979639359773e-05
813|3.956259,-1.095074,-1.161128,1.852241715560865e-08,1.1605093456600016e-06
814|3.962979,-1.077873,-1.158386,3.056293491621176e-07,1.9315535043257987e-05
815|3.969817,-1.060563,-1.155527,2.6615865178492015e-07,1.69695327389344e-05
816|3.976777,-1.043143,-1.152548,5.830107530080397e-08,3.750436977227286e-06
817|3.983864,-1.025612,-1.149447,5.093579671378023e-07,3.30646904092962e-05
818|3.991081,-1.007968,-1.14622,1.6756797527328615e-07,1.0978168845221459e-05
819|3.998433,-0.990211,-1.142863,5.855571574286955e-07,3.872299411746412e-05
820|4.005926,-0.97234,-1.139375,2.684067181846217e-07,1.7919206046915162e-05
821|4.013563,-0.954353,-1.135751,1.003189211701283e-07,6.762394286545646e-06
822|4.02135,-0.936249,-1.131988,1.2147731287548424e-07,8.269391320586742e-06
823|4.029293,-0.918027,-1.128082,9.4532150995974e-09,6.499638282274534e-07
824|4.037397,-0.899685,-1.124029,5.201600130622097e-07,3.612853267176862e-05
825|4.045669,-0.881223,-1.119826,1.0990091259266421e-07,7.712459523413561e-06
826|4.054115,-0.86264,-1.115468,6.233598983662603e-07,4.420642135393916e-05
827|4.062741,-0.843933,-1.11095,1.877886008916363e-07,1.3460139976489128e-05
828|4.071555,-0.825101,-1.106269,6.708908917296696e-08,4.861244132027322e-06
829|4.080564,-0.806145,-1.10142,4.0287624436530223e-07,2.9516567577001613e-05
830|4.089776,-0.787061,-1.096397,5.991748608380476e-08,4.439487619610934e-06
831|4.0992,-0.767849,-1.091196,9.184114380111907e-08,6.883203674989516e-06
832|4.108844,-0.748508,-1.085811,1.0328361743638936e-07,7.831598798724711e-06
833|4.118718,-0.729037,-1.080237,2.3116318303983974e-07,1.7737722946789747e-05
834|4.128831,-0.709433,-1.074468,3.273447330975898e-07,2.542390377712528e-05
835|4.139195,-0.689697,-1.068497,2.5415524951277746e-07,1.9984560538624022e-05
836|4.149821,-0.669827,-1.062318,2.0575993775473478e-07,1.638397189646641e-05
837|4.160719,-0.649821,-1.055925,4.625514942180331e-07,3.730683363247505e-05
838|4.171904,-0.629679,-1.04931,3.861478323763379e-07,3.155463901732382e-05
839|4.183388,-0.6094,-1.042466,5.890159322508026e-07,4.8778969493308496e-05
840|4.195187,-0.588982,-1.035386,4.1514430959566084e-07,3.4851355877282195e-05
841|4.207314,-0.568425,-1.02806,4.146905041579885e-08,3.53006177736598e-06
842|4.219787,-0.547727,-1.02048,3.7764454119404434e-07,3.260667095162522e-05
843|4.232623,-0.526889,-1.012638,1.3322552550043554e-07,1.1670977399261659e-05
844|4.245841,-0.505909,-1.004523,1.8435332416188999e-07,1.6390939915808725e-05
845|4.259461,-0.484786,-0.996126,9.747099460888364e-08,8.79838049338932e-06
846|4.273504,-0.463521,-0.987436,7.709327154437062e-08,7.067479801647672e-06
847|4.287994,-0.442114,-0.978441,1.8159473036405416e-07,1.691313635178862e-05
848|4.302955,-0.420563,-0.969131,6.173282978139127e-07,5.843421226859763e-05
849|4.318414,-0.39887,-0.959491,4.2998926574888685e-07,4.1381113171268705e-05
850|4.3344,-0.377034,-0.949509,1.6752957998633633e-07,1.6398312427673784e-05
851|4.350944,-0.355057,-0.939171,1.480355074079398e-07,1.4743904443132624e-05
852|4.368079,-0.33294,-0.928462,1.4263154568538994e-07,1.4460506113154248e-05
853|4.385843,-0.310684,-0.917365,4.093645975533633e-07,4.2265834099772645e-05
854|4.404274,-0.288291,-0.905865,3.9838638310474295e-07,4.190746760780502e-05
855|4.423416,-0.265764,-0.893943,1.5590887170180423e-07,1.6717450258412368e-05
856|4.443314,-0.243107,-0.88158,4.24299596679667e-07,4.639763521391268e-05
857|4.464019,-0.220322,-0.868755,1.9911283954954229e-07,2.2216032098725003e-05
858|4.485586,-0.197414,-0.855448,3.935375584296352e-07,4.482552687415073e-05
859|4.508076,-0.174391,-0.841635,2.0688729007733997e-07,2.4070312645109466e-05
860|4.531553,-0.151257,-0.827292,5.387523419608797e-07,6.406052081797758e-05
861|4.556088,-0.128022,-0.812392,1.0756037216452796e-07,1.3078560467973817e-05
862|4.581761,-0.104695,-0.796908,8.394055261984334e-08,1.044354022107016e-05
863|4.608657,-0.081287,-0.78081,4.394224205617192e-07,5.5975282757326923e-05
864|4.636869,-0.057812,-0.764066,2.5429443606395097e-07,3.3186886359755866e-05
865|4.6665,-0.034287,-0.746642,5.263847070446914e-07,7.042601334519837e-05
866|4.697664,-0.010728,-0.728504,6.003586811020867e-07,8.240093263913959e-05
867|4.730483,0.012841,-0.709611,6.813595865295952e-08,9.600303837405952e-06
868|4.765093,0.036395,-0.689924,3.316326464553043e-07,4.80012314064336e-05
869|4.801642,0.059905,-0.669401,2.8858843692525227e-07,4.293986250878954e-05
870|4.840292,0.083336,-0.647995,1.402038841691322e-07,2.1459833962964508e-05
871|4.88122,0.106646,-0.625659,2.8083620307040036e-07,4.424824105553524e-05
872|4.924617,0.129789,-0.602345,5.316437352576031e-07,8.628215327528328e-05
873|4.97069,0.152709,-0.578,2.990139864600394e-07,5.001634965108583e-05
874|5.019659,0.175343,-0.552573,1.0624803192804677e-07,1.8327284908255167e-05
875|5.07176,0.197615,-0.526012,4.104341921884469e-07,7.304293223160674e-05
876|5.127239,0.219441,-0.498265,5.53844329398423e-07,0.00010172595821267673
877|5.186347,0.240722,-0.469284,3.528886116654917e-08,6.690813336966858e-06
878|5.249336,0.261345,-0.439024,1.7296987020465338e-07,3.3854339598120686e-05
879|5.316446,0.281183,-0.407448,3.619020111367277e-08,7.310365381328684e-06
880|5.387894,0.300093,-0.37453,2.409845668016608e-07,5.021293196337752e-05
881|5.463855,0.317916,-0.340258,2.2956200279589112e-07,4.929744619740763e-05
882|5.54444,0.334478,-0.30464,5.622917708114628e-07,0.00012428604176671317
883|5.629668,0.349595,-0.267709,5.59117750931204e-07,0.00012697870047721844
884|5.719442,0.363074,-0.229527,1.4061693043299073e-07,3.273657546330104e-05
885|5.813517,0.374721,-0.190189,1.243491031255317e-07,2.9591200249569173e-05
886|5.911481,0.384349,-0.149829,6.14975388724126e-07,0.00014907743436979378
887|6.012741,0.39179,-0.108619,4.4419662670325266e-08,1.0925521410251141e-05
888|6.116532,0.396902,-0.066764,3.245977825971913e-07,8.064973286090028e-05
889|6.221944,0.399583,-0.024502,6.829732690505352e-08,1.706010438292139e-05
890|0.044777,0.399777,0.017913,2.75447688935504e-07,6.883122481314456e-05
