OneBody2_E-0.25_ecc0.8_RK4.txt
initial value : [x, y, v_x, v_y] = [0.40,0.00,0.00,2.12] , numerical interval dt = 0.02000 , [M, m] = [ 1, 1]

num|geodesic|
num|newtonian
num|degree, x, y, simple error, relative error
  1|0.000000,0.400000,0.000000,0.000000,0.000000
  2|0.106110,0.398747,0.042471,0.002255,0.562438
  3|0.212482,0.394952,0.085206,0.009087,2.248941
  4|0.319362,0.388505,0.128471,0.020691,5.056397
  5|0.426966,0.379221,0.172528,0.037402,8.977354
  6|0.535459,0.366833,0.217633,0.059700,13.996555
  7|0.644934,0.350989,0.264028,0.088220,20.086022
  8|0.755379,0.331247,0.311934,0.123755,27.198816
  9|0.866654,0.307077,0.361525,0.167261,35.261953
 10|0.978455,0.277871,0.412913,0.219833,44.169469
 11|1.090292,0.242961,0.466110,0.282671,53.777368
 12|1.201485,0.201664,0.521001,0.357004,63.902708
 13|1.311181,0.153339,0.577311,0.443989,74.329131
 14|1.418407,0.097461,0.634591,0.544571,84.819981
 15|1.522156,0.033696,0.692223,0.659346,95.137900
 16|1.621489,-0.038024,0.749455,0.712395,94.932937
 17|1.715628,-0.117479,0.805461,0.696504,85.567409
 18|1.804029,-0.204158,0.859410,0.679168,76.887603
 19|1.886404,-0.297311,0.910538,0.660538,68.960550
 20|1.962710,-0.396020,0.958204,0.640796,61.804248
 21|2.033103,-0.499277,1.001912,0.620145,55.398663
 22|2.097885,-0.606063,1.041322,0.598788,49.698095
 23|2.157449,-0.715397,1.076240,0.576921,44.642314
 24|2.212234,-0.826382,1.106592,0.554724,40.165192
 25|2.262686,-0.938216,1.132402,0.532357,36.200638
 26|2.309240,-1.050206,1.153768,0.509959,32.686211
 27|2.352303,-1.161761,1.170838,0.487648,29.565010
 28|2.392249,-1.272385,1.183791,0.465523,26.786401
 29|2.429414,-1.381668,1.192828,0.443666,24.306027
 30|2.464098,-1.489275,1.198160,0.422145,22.085423
 31|2.496569,-1.594930,1.199996,0.401014,20.091443
 32|2.527061,-1.698415,1.198546,0.380317,18.295625
 33|2.555782,-1.799553,1.194012,0.360089,16.673566
 34|2.582915,-1.898205,1.186586,0.340359,15.204349
 35|2.608619,-1.994261,1.176453,0.321148,13.870026
 36|2.633036,-2.087637,1.163785,0.302473,12.655173
 37|2.656292,-2.178270,1.148746,0.284346,11.546509
 38|2.678498,-2.266110,1.131489,0.266778,10.532567
 39|2.699751,-2.351124,1.112157,0.249775,9.603423
 40|2.720139,-2.433288,1.090884,0.233343,8.750464
 41|2.739740,-2.512587,1.067795,0.217483,7.966193
 42|2.758624,-2.589014,1.043008,0.202197,7.244065
 43|2.776852,-2.662567,1.016633,0.187487,6.578355
 44|2.794482,-2.733248,0.988772,0.173351,5.964035
 45|2.811564,-2.801062,0.959522,0.159788,5.396684
 46|2.828144,-2.866018,0.928973,0.146796,4.872403
 47|2.844264,-2.928127,0.897212,0.134375,4.387743
 48|2.859962,-2.987400,0.864317,0.122520,3.939652
 49|2.875272,-3.043851,0.830365,0.111230,3.525421
 50|2.890227,-3.097493,0.795428,0.100501,3.142641
 51|2.904855,-3.148340,0.759573,0.090332,2.789168
 52|2.919184,-3.196407,0.722866,0.080719,2.463093
 53|2.933239,-3.241707,0.685366,0.071659,2.162712
 54|2.947044,-3.284255,0.647134,0.063149,1.886506
 55|2.960618,-3.324064,0.608224,0.055187,1.633118
 56|2.973984,-3.361147,0.568691,0.047771,1.401342
 57|2.987160,-3.395516,0.528586,0.040897,1.190099
 58|3.000164,-3.427184,0.487958,0.034563,0.998433
 59|3.013013,-3.456161,0.446856,0.028768,0.825494
 60|3.025723,-3.482457,0.405325,0.023509,0.670534
 61|3.038310,-3.506081,0.363411,0.018784,0.532893
 62|3.050788,-3.527043,0.321157,0.014591,0.411995
 63|3.063170,-3.545350,0.278605,0.010930,0.307344
 64|3.075472,-3.561008,0.235799,0.007798,0.218515
 65|3.087706,-3.574024,0.192777,0.005195,0.145151
 66|3.099886,-3.584401,0.149582,0.003120,0.086962
 67|3.112022,-3.592145,0.106251,0.001571,0.043717
 68|3.124129,-3.597257,0.062826,0.000549,0.015248
 69|3.136219,-3.599740,0.019344,0.000052,0.001444
 70|3.148303,-3.599595,-0.024154,0.000081,0.002252
 71|3.160394,-3.596821,-0.067632,0.000636,0.017673
 72|3.172503,-3.591418,-0.111048,0.001716,0.047770
 73|3.184644,-3.583383,-0.154366,0.003323,0.092658
 74|3.196829,-3.572714,-0.197544,0.005457,0.152513
 75|3.209070,-3.559407,-0.240543,0.008119,0.227571
 76|3.221380,-3.543456,-0.283324,0.011309,0.318132
 77|3.233773,-3.524856,-0.325845,0.015029,0.424557
 78|3.246262,-3.503600,-0.368063,0.019280,0.547280
 79|3.258861,-3.479680,-0.409937,0.024064,0.686807
 80|3.271586,-3.453088,-0.451423,0.029382,0.843721
 81|3.284451,-3.423815,-0.492475,0.035237,1.018691
 82|3.297473,-3.391849,-0.533048,0.041630,1.212479
 83|3.310669,-3.357180,-0.573092,0.048564,1.425943
 84|3.324057,-3.319796,-0.612559,0.056041,1.660054
 85|3.337657,-3.279685,-0.651396,0.064063,1.915903
 86|3.351487,-3.236834,-0.689550,0.072633,2.194713
 87|3.365571,-3.191228,-0.726965,0.081754,2.497857
 88|3.379933,-3.142854,-0.763581,0.091429,2.826875
 89|3.394596,-3.091699,-0.799338,0.101660,3.183490
 90|3.409588,-3.037747,-0.834169,0.112451,3.569639
 91|3.424940,-2.980984,-0.868008,0.123803,3.987490
 92|3.440682,-2.921398,-0.900781,0.135720,4.439486
 93|3.456851,-2.858975,-0.932413,0.148205,4.928370
 94|3.473484,-2.793703,-0.962822,0.161259,5.457237
 95|3.490625,-2.725573,-0.991923,0.174885,6.029581
 96|3.508318,-2.654575,-1.019624,0.189085,6.649356
 97|3.526616,-2.580704,-1.045829,0.203859,7.321046
 98|3.545576,-2.503959,-1.070434,0.219208,8.049750
 99|3.565260,-2.424342,-1.093328,0.235132,8.841280
100|3.585740,-2.341862,-1.114392,0.251628,9.702276
101|3.607094,-2.256535,-1.133502,0.268693,10.640351
102|3.629411,-2.168384,-1.150521,0.286323,11.664254
103|3.652790,-2.077446,-1.165305,0.304511,12.784067
104|3.677343,-1.983769,-1.177701,0.323246,14.011442
105|3.703198,-1.887421,-1.187544,0.342516,15.359882
106|3.730498,-1.788489,-1.194659,0.362302,16.845068
107|3.759405,-1.687084,-1.198862,0.382583,18.485254
108|3.790106,-1.583350,-1.199958,0.403330,20.301718
109|3.822809,-1.477466,-1.197746,0.424507,22.319280
110|3.857754,-1.369660,-1.192015,0.446068,24.566889
111|3.895211,-1.260211,-1.182555,0.467958,27.078250
112|3.935484,-1.149462,-1.169156,0.490108,29.892452
113|3.978915,-1.037833,-1.151620,0.512433,33.054533
114|4.025879,-0.925829,-1.129769,0.534834,36.615831
115|4.076788,-0.814053,-1.103460,0.557189,40.633910
116|4.132080,-0.703210,-1.072602,0.579358,45.171735
117|4.192200,-0.594111,-1.037182,0.601178,50.295617
118|4.257585,-0.487666,-0.997285,0.622467,56.071369
119|4.328619,-0.384861,-0.953120,0.643028,62.558091
120|4.405591,-0.286719,-0.905044,0.662656,69.799227
121|4.488639,-0.194239,-0.853569,0.681152,77.811218
122|4.577693,-0.108325,-0.799354,0.698335,86.571126
123|4.672438,-0.029706,-0.743171,0.714059,96.006001
124|4.772301,0.041140,-0.685855,0.645948,94.012371
125|4.876483,0.104024,-0.628227,0.532757,83.664146
126|4.984032,0.159047,-0.571027,0.433716,73.168585
127|5.093939,0.206565,-0.514855,0.348182,62.764056
128|5.205243,0.247123,-0.460141,0.275179,52.685837
129|5.317106,0.281368,-0.407140,0.213537,43.147095
130|5.428869,0.309986,-0.355954,0.162025,34.326601
131|5.540064,0.333637,-0.306556,0.119453,26.364005
132|5.650406,0.352924,-0.258827,0.084737,19.361323
133|5.759770,0.368366,-0.212586,0.056941,13.388305
134|5.868159,0.380395,-0.167610,0.035289,8.489452
135|5.975673,0.389353,-0.123653,0.019164,4.691051
136|6.082486,0.395499,-0.080460,0.008101,2.007279
137|6.188816,0.399009,-0.037767,0.001783,0.444962
138|0.011727,0.399985,0.004691,0.000028,0.006885
  1|0.000000,0.400000,0.000000,0.000000,0.000000
  2|0.105890,0.398752,0.042382,0.002246,0.560108
  3|0.210736,0.395035,0.084503,0.008937,2.212280
  4|0.313562,0.388925,0.126113,0.019936,4.875916
  5|0.413514,0.380541,0.166987,0.035026,8.428543
  6|0.509897,0.370038,0.206934,0.053931,12.720513
  7|0.602196,0.357594,0.245798,0.076330,17.590623
  8|0.690071,0.343400,0.283462,0.101880,22.879927
  9|0.773343,0.327650,0.319844,0.130231,28.442055
 10|0.851967,0.310533,0.354895,0.161040,34.149575
 11|0.926004,0.292231,0.388595,0.193984,39.896772
 12|0.995596,0.272911,0.420944,0.228761,45.599721
 13|1.060937,0.252724,0.451961,0.265096,51.194594
 14|1.122257,0.231809,0.481676,0.302744,56.635030
 15|1.179802,0.210285,0.510130,0.341487,61.889189
 16|1.233824,0.188259,0.537370,0.381134,66.936866
 17|1.284573,0.165824,0.563446,0.421516,71.766909
 18|1.332292,0.143061,0.588409,0.462489,76.374999
 19|1.377208,0.120040,0.612312,0.503928,80.761851
 20|1.419538,0.096820,0.635207,0.545724,84.931760
 21|1.459481,0.073454,0.657145,0.587783,88.891484
 22|1.497224,0.049985,0.678172,0.630027,92.649389
 23|1.532935,0.026452,0.698337,0.672386,96.214802
 24|1.566772,0.002888,0.717683,0.714801,99.597545
 25|1.598876,-0.020679,0.736253,0.715864,97.192411
 26|1.629378,-0.044226,0.754085,0.711155,94.145181
 27|1.658397,-0.067732,0.771217,0.706454,91.251136
 28|1.686041,-0.091181,0.787685,0.701764,88.501012
 29|1.712409,-0.114556,0.803520,0.697089,85.885973
 30|1.737592,-0.137845,0.818754,0.692431,83.397654
 31|1.761672,-0.161039,0.833415,0.687792,81.028173
 32|1.784723,-0.184127,0.847531,0.683175,78.770135
 33|1.806815,-0.207102,0.861128,0.678580,76.616620
 34|1.828012,-0.229959,0.874228,0.674008,74.561167
 35|1.848369,-0.252690,0.886855,0.669462,72.597755
 36|1.867942,-0.275293,0.899030,0.664941,70.720777
 37|1.886778,-0.297764,0.910772,0.660447,68.925014
 38|1.904923,-0.320099,0.922099,0.655980,67.205615
 39|1.922417,-0.342297,0.933030,0.651541,65.558068
 40|1.939298,-0.364355,0.943581,0.647129,63.978177
 41|1.955603,-0.386272,0.953767,0.642746,62.462040
 42|1.971362,-0.408048,0.963603,0.638390,61.006026
 43|1.986608,-0.429681,0.973102,0.634064,59.606757
 44|2.001367,-0.451171,0.982278,0.629766,58.261086
 45|2.015665,-0.472519,0.991142,0.625496,56.966082
 46|2.029526,-0.493724,0.999707,0.621255,55.719013
 47|2.042974,-0.514786,1.007984,0.617043,54.517328
 48|2.056028,-0.535706,1.015982,0.612859,53.358647
 49|2.068709,-0.556485,1.023713,0.608703,52.240747
 50|2.081034,-0.577123,1.031184,0.604575,51.161550
 51|2.093020,-0.597622,1.038405,0.600476,50.119110
 52|2.104684,-0.617981,1.045385,0.596404,49.111606
 53|2.116040,-0.638202,1.052131,0.592360,48.137333
 54|2.127103,-0.658286,1.058652,0.588343,47.194688
 55|2.137884,-0.678235,1.064953,0.584353,46.282171
 56|2.148398,-0.698048,1.071043,0.580390,45.398372
 57|2.158655,-0.717728,1.076928,0.576454,44.541963
 58|2.168666,-0.737276,1.082615,0.572545,43.711699
 59|2.178442,-0.756692,1.088108,0.568662,42.906405
 60|2.187992,-0.775978,1.093415,0.564804,42.124975
 61|2.197325,-0.795136,1.098540,0.560973,41.366366
 62|2.206451,-0.814166,1.103489,0.557167,40.629594
 63|2.215376,-0.833069,1.108266,0.553386,39.913731
 64|2.224110,-0.851848,1.112878,0.549630,39.217900
 65|2.232659,-0.870503,1.117327,0.545899,38.541270
 66|2.241030,-0.889035,1.121620,0.542193,37.883057
 67|2.249231,-0.907446,1.125759,0.538511,37.242517
 68|2.257266,-0.925737,1.129749,0.534853,36.618948
 69|2.265143,-0.943909,1.133594,0.531218,36.011680
 70|2.272866,-0.961964,1.137298,0.527607,35.420082
 71|2.280441,-0.979902,1.140865,0.524020,34.843553
 72|2.287874,-0.997725,1.144297,0.520455,34.281521
 73|2.295169,-1.015433,1.147598,0.516913,33.733446
 74|2.302330,-1.033029,1.150772,0.513394,33.198810
 75|2.309363,-1.050513,1.153821,0.509897,32.677123
 76|2.316271,-1.067887,1.156749,0.506423,32.167919
 77|2.323059,-1.085151,1.159558,0.502970,31.670752
 78|2.329730,-1.102307,1.162251,0.499539,31.185199
 79|2.336288,-1.119355,1.164832,0.496129,30.710855
 80|2.342736,-1.136297,1.167301,0.492741,30.247335
 81|2.349079,-1.153134,1.169663,0.489373,29.794269
 82|2.355318,-1.169867,1.171919,0.486027,29.351308
 83|2.361458,-1.186497,1.174072,0.482701,28.918114
 84|2.367501,-1.203025,1.176124,0.479395,28.494366
 85|2.373450,-1.219452,1.178077,0.476110,28.079758
 86|2.379308,-1.235779,1.179934,0.472844,27.673994
 87|2.385077,-1.252006,1.181695,0.469599,27.276795
 88|2.390760,-1.268136,1.183365,0.466373,26.887890
 89|2.396359,-1.284168,1.184943,0.463166,26.507021
 90|2.401877,-1.300104,1.186433,0.459979,26.133940
 91|2.407316,-1.315945,1.187835,0.456811,25.768410
 92|2.412678,-1.331691,1.189153,0.453662,25.410203
 93|2.417965,-1.347344,1.190386,0.450531,25.059100
 94|2.423179,-1.362903,1.191538,0.447419,24.714892
 95|2.428323,-1.378371,1.192609,0.444326,24.377376
 96|2.433396,-1.393748,1.193602,0.441250,24.046359
 97|2.438403,-1.409035,1.194517,0.438193,23.721654
 98|2.443344,-1.424232,1.195357,0.435154,23.403083
 99|2.448221,-1.439341,1.196122,0.432132,23.090472
100|2.453035,-1.454361,1.196814,0.429128,22.783656
101|2.457789,-1.469295,1.197435,0.426141,22.482475
102|2.462483,-1.484143,1.197985,0.423171,22.186775
103|2.467119,-1.498904,1.198466,0.420219,21.896408
104|2.471699,-1.513581,1.198879,0.417284,21.611231
105|2.476223,-1.528174,1.199226,0.414365,21.331105
106|2.480694,-1.542684,1.199507,0.411463,21.055899
107|2.485112,-1.557111,1.199724,0.408578,20.785484
108|2.489479,-1.571455,1.199878,0.405709,20.519736
109|2.493795,-1.585719,1.199969,0.402856,20.258536
110|2.498062,-1.599902,1.200000,0.400020,20.001769
111|2.502281,-1.614005,1.199971,0.397199,19.749322
112|2.506453,-1.628028,1.199882,0.394394,19.501089
113|2.510580,-1.641973,1.199736,0.391605,19.256966
114|2.514661,-1.655839,1.199532,0.388832,19.016851
115|2.518699,-1.669628,1.199273,0.386074,18.780648
116|2.522693,-1.683341,1.198958,0.383332,18.548262
117|2.526646,-1.696977,1.198589,0.380605,18.319602
118|2.530557,-1.710537,1.198166,0.377893,18.094581
119|2.534428,-1.724022,1.197691,0.375196,17.873113
120|2.538259,-1.737433,1.197163,0.372513,17.655115
121|2.542052,-1.750769,1.196585,0.369846,17.440507
122|2.545807,-1.764033,1.195957,0.367193,17.229212
123|2.549525,-1.777223,1.195280,0.364555,17.021154
124|2.553206,-1.790341,1.194553,0.361932,16.816262
125|2.556852,-1.803387,1.193779,0.359323,16.614463
126|2.560463,-1.816362,1.192957,0.356728,16.415690
127|2.564040,-1.829266,1.192090,0.354147,16.219876
128|2.567583,-1.842100,1.191176,0.351580,16.026957
129|2.571093,-1.854863,1.190217,0.349027,15.836869
130|2.574571,-1.867558,1.189213,0.346488,15.649553
131|2.578017,-1.880184,1.188166,0.343963,15.464950
132|2.581432,-1.892741,1.187076,0.341452,15.283001
133|2.584817,-1.905231,1.185943,0.338954,15.103652
134|2.588172,-1.917653,1.184768,0.336469,14.926849
135|2.591497,-1.930008,1.183551,0.333998,14.752538
136|2.594794,-1.942297,1.182294,0.331541,14.580669
137|2.598062,-1.954519,1.180997,0.329096,14.411192
138|2.601302,-1.966676,1.179660,0.326665,14.244059
139|2.604516,-1.978768,1.178284,0.324246,14.079223
140|2.607702,-1.990794,1.176869,0.321841,13.916638
141|2.610862,-2.002757,1.175416,0.319449,13.756260
142|2.613996,-2.014655,1.173926,0.317069,13.598045
143|2.617105,-2.026490,1.172398,0.314702,13.441952
144|2.620188,-2.038262,1.170835,0.312348,13.287940
145|2.623248,-2.049971,1.169235,0.310006,13.135968
146|2.626283,-2.061618,1.167599,0.307676,12.985998
147|2.629294,-2.073202,1.165928,0.305360,12.837992
148|2.632282,-2.084725,1.164223,0.303055,12.691913
149|2.635247,-2.096187,1.162483,0.300763,12.547725
150|2.638190,-2.107588,1.160710,0.298482,12.405393
151|2.641110,-2.118928,1.158903,0.296214,12.264884
152|2.644009,-2.130208,1.157064,0.293958,12.126163
153|2.646886,-2.141428,1.155192,0.291714,11.989198
154|2.649742,-2.152589,1.153288,0.289482,11.853959
155|2.652577,-2.163691,1.151352,0.287262,11.720413
156|2.655392,-2.174734,1.149385,0.285053,11.588531
157|2.658187,-2.185718,1.147387,0.282856,11.458284
158|2.660962,-2.196645,1.145358,0.280671,11.329643
159|2.663718,-2.207513,1.143300,0.278497,11.202579
160|2.666454,-2.218324,1.141211,0.276335,11.077066
161|2.669172,-2.229078,1.139093,0.274184,10.953077
162|2.671871,-2.239776,1.136947,0.272045,10.830586
163|2.674551,-2.250416,1.134771,0.269917,10.709568
164|2.677214,-2.261000,1.132567,0.267800,10.589997
165|2.679859,-2.271529,1.130335,0.265694,10.471850
166|2.682486,-2.282002,1.128076,0.263600,10.355103
167|2.685097,-2.292419,1.125789,0.261516,10.239733
168|2.687690,-2.302782,1.123475,0.259444,10.125717
169|2.690267,-2.313089,1.121134,0.257382,10.013033
170|2.692827,-2.323342,1.118767,0.255331,9.901659
171|2.695371,-2.333541,1.116374,0.253292,9.791575
172|2.697899,-2.343686,1.113955,0.251263,9.682760
173|2.700412,-2.353778,1.111510,0.249244,9.575193
174|2.702909,-2.363816,1.109040,0.247237,9.468856
175|2.705390,-2.373801,1.106546,0.245240,9.363728
176|2.707857,-2.383733,1.104027,0.243253,9.259790
177|2.710309,-2.393612,1.101483,0.241278,9.157025
178|2.712746,-2.403439,1.098915,0.239312,9.055415
179|2.715168,-2.413214,1.096324,0.237357,8.954940
180|2.717577,-2.422938,1.093709,0.235412,8.855585
181|2.719971,-2.432609,1.091070,0.233478,8.757333
182|2.722352,-2.442229,1.088409,0.231554,8.660166
183|2.724719,-2.451799,1.085725,0.229640,8.564068
184|2.727073,-2.461317,1.083018,0.227737,8.469025
185|2.729413,-2.470785,1.080289,0.225843,8.375019
186|2.731740,-2.480202,1.077538,0.223960,8.282036
187|2.734055,-2.489569,1.074765,0.222086,8.190061
188|2.736356,-2.498886,1.071971,0.220223,8.099079
189|2.738645,-2.508153,1.069155,0.218369,8.009077
190|2.740922,-2.517371,1.066318,0.216526,7.920039
191|2.743186,-2.526540,1.063461,0.214692,7.831953
192|2.745439,-2.535660,1.060582,0.212868,7.744804
193|2.747679,-2.544730,1.057684,0.211054,7.658580
194|2.749908,-2.553752,1.054765,0.209250,7.573267
195|2.752125,-2.562726,1.051826,0.207455,7.488854
196|2.754331,-2.571651,1.048867,0.205670,7.405326
197|2.756526,-2.580529,1.045889,0.203894,7.322673
198|2.758709,-2.589358,1.042891,0.202128,7.240883
199|2.760881,-2.598140,1.039874,0.200372,7.159943
200|2.763043,-2.606875,1.036838,0.198625,7.079842
201|2.765194,-2.615562,1.033783,0.196888,7.000569
202|2.767334,-2.624203,1.030710,0.195159,6.922113
203|2.769464,-2.632796,1.027618,0.193441,6.844463
204|2.771583,-2.641343,1.024509,0.191731,6.767609
205|2.773692,-2.649843,1.021381,0.190031,6.691539
206|2.775792,-2.658297,1.018235,0.188340,6.616243
207|2.777881,-2.666705,1.015072,0.186659,6.541713
208|2.779961,-2.675067,1.011891,0.184986,6.467937
209|2.782030,-2.683384,1.008693,0.183323,6.394906
210|2.784091,-2.691655,1.005477,0.181669,6.322610
211|2.786142,-2.699880,1.002245,0.180024,6.251041
212|2.788183,-2.708060,0.998996,0.178388,6.180189
213|2.790215,-2.716195,0.995730,0.176761,6.110045
214|2.792239,-2.724286,0.992448,0.175143,6.040600
215|2.794253,-2.732331,0.989150,0.173534,5.971845
216|2.796258,-2.740332,0.985835,0.171934,5.903773
217|2.798255,-2.748289,0.982505,0.170342,5.836374
218|2.800243,-2.756201,0.979159,0.168760,5.769641
219|2.802222,-2.764069,0.975797,0.167186,5.703565
220|2.804193,-2.771894,0.972419,0.165621,5.638139
221|2.806155,-2.779675,0.969027,0.164065,5.573354
222|2.808110,-2.787412,0.965619,0.162518,5.509204
223|2.810056,-2.795105,0.962196,0.160979,5.445679
224|2.811994,-2.802756,0.958758,0.159449,5.382774
225|2.813924,-2.810363,0.955305,0.157927,5.320481
226|2.815846,-2.817927,0.951838,0.156414,5.258793
227|2.817760,-2.825449,0.948356,0.154910,5.197702
228|2.819667,-2.832928,0.944860,0.153414,5.137202
229|2.821566,-2.840364,0.941350,0.151927,5.077287
230|2.823458,-2.847758,0.937825,0.150448,5.017948
231|2.825342,-2.855109,0.934287,0.148978,4.959181
232|2.827219,-2.862419,0.930735,0.147516,4.900978
233|2.829088,-2.869686,0.927169,0.146063,4.843333
234|2.830951,-2.876912,0.923590,0.144618,4.786240
235|2.832806,-2.884096,0.919998,0.143181,4.729692
236|2.834654,-2.891238,0.916392,0.141752,4.673685
237|2.836496,-2.898339,0.912773,0.140332,4.618211
238|2.838330,-2.905398,0.909141,0.138920,4.563265
239|2.840158,-2.912416,0.905496,0.137517,4.508842
240|2.841979,-2.919394,0.901838,0.136121,4.454935
241|2.843794,-2.926330,0.898168,0.134734,4.401540
242|2.845601,-2.933226,0.894485,0.133355,4.348650
243|2.847403,-2.940080,0.890790,0.131984,4.296260
244|2.849198,-2.946895,0.887082,0.130621,4.244366
245|2.850987,-2.953669,0.883363,0.129266,4.192961
246|2.852769,-2.960402,0.879631,0.127920,4.142042
247|2.854545,-2.967095,0.875887,0.126581,4.091602
248|2.856315,-2.973749,0.872132,0.125250,4.041636
249|2.858079,-2.980362,0.868364,0.123928,3.992141
250|2.859837,-2.986935,0.864585,0.122613,3.943111
251|2.861590,-2.993469,0.860795,0.121306,3.894541
252|2.863336,-2.999963,0.856993,0.120007,3.846427
253|2.865076,-3.006417,0.853180,0.118716,3.798765
254|2.866811,-3.012833,0.849356,0.117433,3.751549
255|2.868540,-3.019208,0.845521,0.116158,3.704776
256|2.870264,-3.025545,0.841674,0.114891,3.658440
257|2.871982,-3.031843,0.837817,0.113631,3.612538
258|2.873694,-3.038101,0.833949,0.112380,3.567066
259|2.875401,-3.044321,0.830071,0.111136,3.522019
260|2.877103,-3.050502,0.826182,0.109900,3.477393
261|2.878799,-3.056644,0.822282,0.108671,3.433184
262|2.880491,-3.062748,0.818372,0.107450,3.389389
263|2.882177,-3.068813,0.814452,0.106237,3.346003
264|2.883858,-3.074840,0.810521,0.105032,3.303023
265|2.885533,-3.080829,0.806581,0.103834,3.260444
266|2.887204,-3.086780,0.802630,0.102644,3.218263
267|2.888870,-3.092692,0.798670,0.101462,3.176476
268|2.890531,-3.098567,0.794699,0.100287,3.135080
269|2.892187,-3.104403,0.790720,0.099119,3.094072
270|2.893838,-3.110202,0.786730,0.097960,3.053446
271|2.895485,-3.115964,0.782731,0.096807,3.013201
272|2.897126,-3.121687,0.778722,0.095663,2.973333
273|2.898764,-3.127373,0.774704,0.094525,2.933838
274|2.900396,-3.133022,0.770677,0.093396,2.894713
275|2.902024,-3.138634,0.766641,0.092273,2.855955
276|2.903648,-3.144208,0.762596,0.091158,2.817561
277|2.905267,-3.149745,0.758541,0.090051,2.779526
278|2.906881,-3.155245,0.754478,0.088951,2.741850
279|2.908491,-3.160708,0.750406,0.087858,2.704527
280|2.910097,-3.166134,0.746325,0.086773,2.667556
281|2.911699,-3.171524,0.742235,0.085695,2.630933
282|2.913297,-3.176876,0.738137,0.084625,2.594655
283|2.914890,-3.182192,0.734030,0.083561,2.558720
284|2.916479,-3.187472,0.729915,0.082506,2.523124
285|2.918064,-3.192715,0.725792,0.081457,2.487865
286|2.919645,-3.197922,0.721660,0.080416,2.452940
287|2.921222,-3.203092,0.717520,0.079382,2.418346
288|2.922795,-3.208226,0.713372,0.078355,2.384081
289|2.924364,-3.213324,0.709216,0.077335,2.350141
290|2.925930,-3.218386,0.705052,0.076323,2.316525
291|2.927491,-3.223412,0.700880,0.075318,2.283230
292|2.929049,-3.228402,0.696700,0.074320,2.250253
293|2.930603,-3.233356,0.692512,0.073329,2.217591
294|2.932153,-3.238274,0.688317,0.072345,2.185243
295|2.933700,-3.243157,0.684114,0.071369,2.153205
296|2.935242,-3.248004,0.679904,0.070399,2.121476
297|2.936782,-3.252816,0.675686,0.069437,2.090052
298|2.938318,-3.257592,0.671461,0.068482,2.058933
299|2.939850,-3.262332,0.667229,0.067533,2.028115
300|2.941379,-3.267038,0.662989,0.066592,1.997595
301|2.942904,-3.271708,0.658743,0.065658,1.967373
302|2.944426,-3.276342,0.654489,0.064731,1.937445
303|2.945945,-3.280942,0.650228,0.063812,1.907810
304|2.947460,-3.285507,0.645960,0.062899,1.878466
305|2.948972,-3.290036,0.641685,0.061993,1.849409
306|2.950481,-3.294531,0.637404,0.061094,1.820639
307|2.951986,-3.298991,0.633115,0.060202,1.792153
308|2.953488,-3.303416,0.628821,0.059317,1.763948
309|2.954988,-3.307806,0.624519,0.058439,1.736024
310|2.956484,-3.312161,0.620211,0.057568,1.708379
311|2.957977,-3.316482,0.615896,0.056704,1.681009
312|2.959467,-3.320768,0.611575,0.055846,1.653914
313|2.960954,-3.325020,0.607248,0.054996,1.627091
314|2.962438,-3.329238,0.602914,0.054152,1.600538
315|2.963919,-3.333421,0.598574,0.053316,1.574255
316|2.965397,-3.337569,0.594228,0.052486,1.548238
317|2.966872,-3.341684,0.589876,0.051663,1.522486
318|2.968344,-3.345764,0.585518,0.050847,1.496998
319|2.969814,-3.349810,0.581154,0.050038,1.471772
320|2.971281,-3.353822,0.576784,0.049236,1.446805
321|2.972745,-3.357800,0.572408,0.048440,1.422097
322|2.974206,-3.361744,0.568026,0.047651,1.397646
323|2.975665,-3.365654,0.563638,0.046869,1.373449
324|2.977121,-3.369530,0.559245,0.046094,1.349506
325|2.978574,-3.373372,0.554847,0.045326,1.325814
326|2.980025,-3.377180,0.550442,0.044564,1.302373
327|2.981473,-3.380955,0.546032,0.043809,1.279181
328|2.982918,-3.384696,0.541617,0.043061,1.256235
329|2.984362,-3.388404,0.537197,0.042319,1.233536
330|2.985802,-3.392078,0.532771,0.041584,1.211080
331|2.987240,-3.395718,0.528339,0.040856,1.188868
332|2.988676,-3.399325,0.523903,0.040135,1.166896
333|2.990109,-3.402899,0.519462,0.039420,1.145165
334|2.991540,-3.406439,0.515015,0.038712,1.123672
335|2.992969,-3.409946,0.510563,0.038011,1.102416
336|2.994395,-3.413419,0.506106,0.037316,1.081396
337|2.995819,-3.416860,0.501645,0.036628,1.060610
338|2.997241,-3.420267,0.497178,0.035947,1.040057
339|2.998661,-3.423641,0.492707,0.035272,1.019737
340|3.000078,-3.426982,0.488231,0.034604,0.999646
341|3.001493,-3.430290,0.483750,0.033942,0.979785
342|3.002906,-3.433565,0.479265,0.033287,0.960152
343|3.004317,-3.436806,0.474775,0.032639,0.940746
344|3.005726,-3.440015,0.470280,0.031997,0.921566
345|3.007133,-3.443192,0.465781,0.031362,0.902610
346|3.008538,-3.446335,0.461278,0.030733,0.883877
347|3.009940,-3.449445,0.456770,0.030111,0.865366
348|3.011341,-3.452523,0.452258,0.029495,0.847076
349|3.012740,-3.455568,0.447741,0.028886,0.829006
350|3.014136,-3.458581,0.443220,0.028284,0.811155
351|3.015531,-3.461560,0.438695,0.027688,0.793521
352|3.016924,-3.464507,0.434166,0.027098,0.776104
353|3.018315,-3.467422,0.429633,0.026516,0.758902
354|3.019705,-3.470304,0.425096,0.025939,0.741915
355|3.021092,-3.473154,0.420555,0.025369,0.725142
356|3.022478,-3.475971,0.416010,0.024806,0.708581
357|3.023861,-3.478755,0.411461,0.024249,0.692231
358|3.025244,-3.481508,0.406908,0.023698,0.676092
359|3.026624,-3.484228,0.402352,0.023154,0.660162
360|3.028003,-3.486916,0.397791,0.022617,0.644441
361|3.029380,-3.489571,0.393227,0.022086,0.628927
362|3.030755,-3.492194,0.388660,0.021561,0.613620
363|3.032129,-3.494785,0.384088,0.021043,0.598519
364|3.033501,-3.497344,0.379514,0.020531,0.583623
365|3.034871,-3.499871,0.374936,0.020026,0.568931
366|3.036240,-3.502366,0.370354,0.019527,0.554443
367|3.037608,-3.504828,0.365769,0.019034,0.540156
368|3.038974,-3.507259,0.361180,0.018548,0.526071
369|3.040338,-3.509657,0.356589,0.018069,0.512187
370|3.041701,-3.512024,0.351994,0.017595,0.498503
371|3.043062,-3.514358,0.347396,0.017128,0.485018
372|3.044422,-3.516661,0.342794,0.016668,0.471731
373|3.045781,-3.518932,0.338190,0.016214,0.458642
374|3.047138,-3.521171,0.333583,0.015766,0.445749
375|3.048494,-3.523378,0.328972,0.015324,0.433053
376|3.049849,-3.525553,0.324359,0.014889,0.420552
377|3.051202,-3.527696,0.319742,0.014461,0.408245
378|3.052554,-3.529808,0.315123,0.014038,0.396133
379|3.053904,-3.531888,0.310501,0.013622,0.384213
380|3.055254,-3.533937,0.305876,0.013213,0.372487
381|3.056602,-3.535953,0.301249,0.012809,0.360952
382|3.057949,-3.537938,0.296618,0.012412,0.349609
383|3.059295,-3.539892,0.291985,0.012022,0.338456
384|3.060639,-3.541813,0.287350,0.011637,0.327493
385|3.061983,-3.543704,0.282712,0.011259,0.316719
386|3.063325,-3.545562,0.278071,0.010888,0.306134
387|3.064666,-3.547389,0.273428,0.010522,0.295738
388|3.066006,-3.549185,0.268782,0.010163,0.285529
389|3.067345,-3.550949,0.264134,0.009810,0.275507
390|3.068683,-3.552682,0.259484,0.009464,0.265671
391|3.070020,-3.554383,0.254832,0.009123,0.256021
392|3.071356,-3.556053,0.250177,0.008789,0.246557
393|3.072691,-3.557691,0.245520,0.008462,0.237278
394|3.074025,-3.559298,0.240861,0.008140,0.228183
395|3.075358,-3.560874,0.236199,0.007825,0.219271
396|3.076690,-3.562419,0.231536,0.007516,0.210544
397|3.078021,-3.563932,0.226871,0.007214,0.201998
398|3.079351,-3.565413,0.222203,0.006917,0.193636
399|3.080681,-3.566864,0.217534,0.006627,0.185455
400|3.082009,-3.568283,0.212862,0.006343,0.177456
401|3.083337,-3.569671,0.208189,0.006066,0.169638
402|3.084664,-3.571028,0.203514,0.005794,0.162000
403|3.085990,-3.572353,0.198838,0.005529,0.154543
404|3.087315,-3.573647,0.194159,0.005270,0.147265
405|3.088640,-3.574911,0.189479,0.005018,0.140167
406|3.089964,-3.576142,0.184797,0.004771,0.133248
407|3.091287,-3.577343,0.180114,0.004531,0.126507
408|3.092609,-3.578513,0.175429,0.004297,0.119945
409|3.093931,-3.579651,0.170742,0.004070,0.113561
410|3.095252,-3.580759,0.166054,0.003848,0.107354
411|3.096572,-3.581835,0.161365,0.003633,0.101324
412|3.097892,-3.582880,0.156674,0.003424,0.095471
413|3.099211,-3.583895,0.151982,0.003221,0.089795
414|3.100530,-3.584878,0.147288,0.003024,0.084295
415|3.101848,-3.585830,0.142593,0.002834,0.078972
416|3.103165,-3.586751,0.137897,0.002650,0.073823
417|3.104482,-3.587641,0.133200,0.002472,0.068851
418|3.105799,-3.588500,0.128502,0.002300,0.064053
419|3.107115,-3.589328,0.123802,0.002134,0.059430
420|3.108430,-3.590125,0.119102,0.001975,0.054982
421|3.109745,-3.590891,0.114400,0.001822,0.050709
422|3.111060,-3.591626,0.109698,0.001675,0.046609
423|3.112374,-3.592330,0.104994,0.001534,0.042684
424|3.113687,-3.593003,0.100290,0.001399,0.038932
425|3.115001,-3.593645,0.095584,0.001271,0.035354
426|3.116314,-3.594256,0.090878,0.001149,0.031949
427|3.117626,-3.594837,0.086171,0.001033,0.028717
428|3.118939,-3.595386,0.081464,0.000923,0.025658
429|3.120251,-3.595905,0.076755,0.000819,0.022773
430|3.121562,-3.596392,0.072046,0.000722,0.020059
431|3.122874,-3.596849,0.067337,0.000630,0.017519
432|3.124185,-3.597274,0.062627,0.000545,0.015150
433|3.125496,-3.597669,0.057916,0.000466,0.012954
434|3.126807,-3.598033,0.053205,0.000393,0.010931
435|3.128117,-3.598366,0.048493,0.000327,0.009079
436|3.129427,-3.598668,0.043781,0.000266,0.007399
437|3.130738,-3.598940,0.039069,0.000212,0.005891
438|3.132048,-3.599180,0.034356,0.000164,0.004555
439|3.133357,-3.599390,0.029643,0.000122,0.003390
440|3.134667,-3.599568,0.024929,0.000086,0.002397
441|3.135977,-3.599716,0.020216,0.000057,0.001576
442|3.137286,-3.599833,0.015502,0.000033,0.000927
443|3.138596,-3.599919,0.010788,0.000016,0.000448
444|3.139905,-3.599974,0.006074,0.000005,0.000142
445|3.141215,-3.599999,0.001360,0.000000,0.000007
446|3.142524,-3.599992,-0.003354,0.000002,0.000043
447|3.143834,-3.599955,-0.008068,0.000009,0.000251
448|3.145143,-3.599887,-0.012782,0.000023,0.000630
449|3.146453,-3.599787,-0.017496,0.000042,0.001180
450|3.147762,-3.599657,-0.022209,0.000068,0.001903
451|3.149072,-3.599497,-0.026923,0.000101,0.002797
452|3.150382,-3.599305,-0.031636,0.000139,0.003862
453|3.151692,-3.599082,-0.036349,0.000184,0.005099
454|3.153002,-3.598829,-0.041062,0.000234,0.006508
455|3.154312,-3.598544,-0.045774,0.000291,0.008089
456|3.155623,-3.598229,-0.050486,0.000354,0.009841
457|3.156933,-3.597883,-0.055197,0.000423,0.011766
458|3.158244,-3.597506,-0.059908,0.000499,0.013862
459|3.159555,-3.597098,-0.064619,0.000580,0.016131
460|3.160866,-3.596659,-0.069329,0.000668,0.018572
461|3.162178,-3.596190,-0.074038,0.000762,0.021186
462|3.163490,-3.595689,-0.078747,0.000862,0.023972
463|3.164802,-3.595158,-0.083455,0.000968,0.026931
464|3.166114,-3.594595,-0.088162,0.001081,0.030063
465|3.167427,-3.594002,-0.092869,0.001200,0.033368
466|3.168740,-3.593377,-0.097575,0.001325,0.036846
467|3.170054,-3.592722,-0.102280,0.001456,0.040498
468|3.171367,-3.592036,-0.106984,0.001593,0.044323
469|3.172682,-3.591319,-0.111687,0.001736,0.048322
470|3.173996,-3.590571,-0.116389,0.001886,0.052495
471|3.175312,-3.589791,-0.121090,0.002042,0.056843
472|3.176627,-3.588981,-0.125790,0.002204,0.061365
473|3.177943,-3.588140,-0.130489,0.002372,0.066061
474|3.179260,-3.587268,-0.135187,0.002546,0.070933
475|3.180577,-3.586365,-0.139884,0.002727,0.075980
476|3.181895,-3.585431,-0.144579,0.002914,0.081202
477|3.183213,-3.584466,-0.149274,0.003107,0.086600
478|3.184532,-3.583469,-0.153967,0.003306,0.092175
479|3.185851,-3.582442,-0.158658,0.003512,0.097926
480|3.187171,-3.581384,-0.163348,0.003723,0.103853
481|3.188492,-3.580294,-0.168037,0.003941,0.109958
482|3.189813,-3.579174,-0.172725,0.004165,0.116239
483|3.191135,-3.578022,-0.177410,0.004396,0.122699
484|3.192458,-3.576839,-0.182095,0.004632,0.129337
485|3.193782,-3.575625,-0.186778,0.004875,0.136153
486|3.195106,-3.574380,-0.191459,0.005124,0.143148
487|3.196431,-3.573104,-0.196138,0.005379,0.150322
488|3.197756,-3.571796,-0.200816,0.005641,0.157675
489|3.199083,-3.570458,-0.205492,0.005908,0.165209
490|3.200410,-3.569088,-0.210166,0.006182,0.172923
491|3.201738,-3.567687,-0.214838,0.006463,0.180817
492|3.203067,-3.566254,-0.219509,0.006749,0.188893
493|3.204397,-3.564790,-0.224177,0.007042,0.197151
494|3.205727,-3.563295,-0.228844,0.007341,0.205591
495|3.207059,-3.561769,-0.233509,0.007646,0.214213
496|3.208391,-3.560212,-0.238171,0.007958,0.223018
497|3.209725,-3.558623,-0.242831,0.008275,0.232007
498|3.211059,-3.557002,-0.247490,0.008600,0.241180
499|3.212394,-3.555351,-0.252146,0.008930,0.250538
500|3.213731,-3.553667,-0.256800,0.009266,0.260081
501|3.215068,-3.551953,-0.261451,0.009609,0.269809
502|3.216406,-3.550207,-0.266101,0.009959,0.279723
503|3.217746,-3.548429,-0.270747,0.010314,0.289824
504|3.219086,-3.546620,-0.275392,0.010676,0.300112
505|3.220428,-3.544780,-0.280034,0.011044,0.310589
506|3.221771,-3.542908,-0.284674,0.011418,0.321253
507|3.223115,-3.541004,-0.289311,0.011799,0.332107
508|3.224460,-3.539069,-0.293945,0.012186,0.343150
509|3.225806,-3.537103,-0.298577,0.012579,0.354383
510|3.227153,-3.535104,-0.303206,0.012979,0.365808
511|3.228502,-3.533074,-0.307833,0.013385,0.377424
512|3.229852,-3.531012,-0.312456,0.013798,0.389232
513|3.231203,-3.528919,-0.317077,0.014216,0.401232
514|3.232556,-3.526794,-0.321695,0.014641,0.413427
515|3.233909,-3.524637,-0.326310,0.015073,0.425816
516|3.235264,-3.522448,-0.330922,0.015510,0.438399
517|3.236621,-3.520228,-0.335532,0.015954,0.451178
518|3.237979,-3.517975,-0.340138,0.016405,0.464154
519|3.239338,-3.515691,-0.344741,0.016862,0.477327
520|3.240699,-3.513375,-0.349341,0.017325,0.490697
521|3.242061,-3.511027,-0.353938,0.017795,0.504267
522|3.243424,-3.508647,-0.358531,0.018271,0.518035
523|3.244789,-3.506235,-0.363121,0.018753,0.532004
524|3.246156,-3.503790,-0.367708,0.019242,0.546174
525|3.247524,-3.501314,-0.372292,0.019737,0.560546
526|3.248893,-3.498806,-0.376872,0.020239,0.575121
527|3.250265,-3.496266,-0.381449,0.020747,0.589899
528|3.251637,-3.493693,-0.386022,0.021261,0.604882
529|3.253012,-3.491089,-0.390592,0.021782,0.620069
530|3.254388,-3.488452,-0.395158,0.022310,0.635464
531|3.255766,-3.485783,-0.399720,0.022843,0.651065
532|3.257145,-3.483081,-0.404279,0.023384,0.666874
533|3.258526,-3.480348,-0.408834,0.023930,0.682892
534|3.259909,-3.477582,-0.413385,0.024484,0.699120
535|3.261293,-3.474783,-0.417932,0.025043,0.715559
536|3.262680,-3.471952,-0.422476,0.025610,0.732210
537|3.264068,-3.469089,-0.427015,0.026182,0.749074
538|3.265458,-3.466193,-0.431551,0.026761,0.766152
539|3.266850,-3.463265,-0.436082,0.027347,0.783444
540|3.268244,-3.460304,-0.440610,0.027939,0.800953
541|3.269639,-3.457311,-0.445133,0.028538,0.818678
542|3.271037,-3.454284,-0.449652,0.029143,0.836622
543|3.272436,-3.451226,-0.454166,0.029755,0.854785
544|3.273838,-3.448134,-0.458677,0.030373,0.873168
545|3.275242,-3.445010,-0.463183,0.030998,0.891773
546|3.276647,-3.441852,-0.467684,0.031630,0.910600
547|3.278055,-3.438662,-0.472182,0.032268,0.929651
548|3.279464,-3.435439,-0.476674,0.032912,0.948926
549|3.280876,-3.432184,-0.481162,0.033563,0.968428
550|3.282290,-3.428895,-0.485646,0.034221,0.988158
551|3.283706,-3.425573,-0.490125,0.034885,1.008115
552|3.285125,-3.422218,-0.494599,0.035556,1.028303
553|3.286545,-3.418830,-0.499068,0.036234,1.048722
554|3.287968,-3.415409,-0.503532,0.036918,1.069373
555|3.289393,-3.411954,-0.507992,0.037609,1.090257
556|3.290820,-3.408467,-0.512446,0.038307,1.111377
557|3.292250,-3.404946,-0.516896,0.039011,1.132733
558|3.293682,-3.401392,-0.521340,0.039722,1.154326
559|3.295116,-3.397804,-0.525780,0.040439,1.176159
560|3.296553,-3.394183,-0.530214,0.041163,1.198232
561|3.297992,-3.390528,-0.534643,0.041894,1.220548
562|3.299434,-3.386840,-0.539067,0.042632,1.243106
563|3.300878,-3.383118,-0.543485,0.043376,1.265909
564|3.302325,-3.379363,-0.547898,0.044127,1.288959
565|3.303774,-3.375574,-0.552305,0.044885,1.312256
566|3.305226,-3.371751,-0.556707,0.045650,1.335803
567|3.306680,-3.367895,-0.561104,0.046421,1.359601
568|3.308137,-3.364004,-0.565495,0.047199,1.383651
569|3.309597,-3.360080,-0.569880,0.047984,1.407955
570|3.311059,-3.356122,-0.574259,0.048776,1.432515
571|3.312525,-3.352129,-0.578632,0.049574,1.457332
572|3.313993,-3.348103,-0.583000,0.050379,1.482409
573|3.315463,-3.344043,-0.587362,0.051191,1.507745
574|3.316937,-3.339948,-0.591717,0.052010,1.533345
575|3.318413,-3.335819,-0.596067,0.052836,1.559208
576|3.319893,-3.331656,-0.600410,0.053669,1.585337
577|3.321375,-3.327458,-0.604747,0.054508,1.611734
578|3.322860,-3.323226,-0.609078,0.055355,1.638401
579|3.324348,-3.318960,-0.613403,0.056208,1.665339
580|3.325840,-3.314659,-0.617721,0.057068,1.692550
581|3.327334,-3.310324,-0.622033,0.057935,1.720036
582|3.328831,-3.305954,-0.626339,0.058809,1.747799
583|3.330332,-3.301549,-0.630637,0.059690,1.775841
584|3.331835,-3.297109,-0.634930,0.060578,1.804165
585|3.333342,-3.292635,-0.639215,0.061473,1.832771
586|3.334852,-3.288125,-0.643494,0.062375,1.861662
587|3.336366,-3.283581,-0.647765,0.063284,1.890840
588|3.337882,-3.279001,-0.652030,0.064200,1.920307
589|3.339402,-3.274387,-0.656288,0.065123,1.950066
590|3.340926,-3.269737,-0.660539,0.066053,1.980117
591|3.342453,-3.265052,-0.664783,0.066990,2.010465
592|3.343983,-3.260332,-0.669019,0.067934,2.041110
593|3.345517,-3.255577,-0.673249,0.068885,2.072056
594|3.347054,-3.250786,-0.677471,0.069843,2.103303
595|3.348595,-3.245959,-0.681685,0.070808,2.134856
596|3.350139,-3.241097,-0.685892,0.071781,2.166715
597|3.351687,-3.236199,-0.690092,0.072760,2.198884
598|3.353239,-3.231266,-0.694284,0.073747,2.231364
599|3.354795,-3.226296,-0.698468,0.074741,2.264159
600|3.356354,-3.221291,-0.702645,0.075742,2.297270
601|3.357917,-3.216250,-0.706813,0.076750,2.330701
602|3.359484,-3.211173,-0.710974,0.077765,2.364453
603|3.361055,-3.206060,-0.715127,0.078788,2.398530
604|3.362629,-3.200910,-0.719271,0.079818,2.432934
605|3.364208,-3.195725,-0.723408,0.080855,2.467668
606|3.365791,-3.190503,-0.727536,0.081900,2.502733
607|3.367378,-3.185244,-0.731656,0.082951,2.538134
608|3.368969,-3.179949,-0.735768,0.084010,2.573873
609|3.370564,-3.174618,-0.739871,0.085076,2.609953
610|3.372163,-3.169249,-0.743965,0.086150,2.646376
611|3.373766,-3.163844,-0.748051,0.087231,2.683146
612|3.375374,-3.158403,-0.752128,0.088319,2.720266
613|3.376986,-3.152924,-0.756197,0.089415,2.757737
614|3.378603,-3.147408,-0.760256,0.090518,2.795565
615|3.380224,-3.141856,-0.764307,0.091629,2.833751
616|3.381849,-3.136266,-0.768349,0.092747,2.872299
617|3.383479,-3.130638,-0.772381,0.093872,2.911211
618|3.385113,-3.124974,-0.776404,0.095005,2.950492
619|3.386752,-3.119272,-0.780418,0.096146,2.990145
620|3.388396,-3.113532,-0.784423,0.097294,3.030172
621|3.390045,-3.107755,-0.788418,0.098449,3.070577
622|3.391698,-3.101940,-0.792403,0.099612,3.111364
623|3.393356,-3.096088,-0.796379,0.100782,3.152536
624|3.395019,-3.090197,-0.800345,0.101961,3.194096
625|3.396687,-3.084269,-0.804301,0.103146,3.236049
626|3.398360,-3.078302,-0.808248,0.104340,3.278398
627|3.400038,-3.072297,-0.812184,0.105541,3.321146
628|3.401721,-3.066254,-0.816110,0.106749,3.364297
629|3.403409,-3.060172,-0.820026,0.107966,3.407856
630|3.405102,-3.054052,-0.823932,0.109190,3.451825
631|3.406801,-3.047894,-0.827827,0.110421,3.496210
632|3.408505,-3.041696,-0.831712,0.111661,3.541013
633|3.410214,-3.035460,-0.835586,0.112908,3.586239
634|3.411929,-3.029185,-0.839449,0.114163,3.631892
635|3.413649,-3.022871,-0.843302,0.115426,3.677977
636|3.415375,-3.016518,-0.847143,0.116696,3.724497
637|3.417107,-3.010125,-0.850974,0.117975,3.771457
638|3.418844,-3.003694,-0.854794,0.119261,3.818861
639|3.420587,-2.997222,-0.858602,0.120556,3.866714
640|3.422336,-2.990712,-0.862399,0.121858,3.915020
641|3.424090,-2.984161,-0.866184,0.123168,3.963783
642|3.425851,-2.977571,-0.869958,0.124486,4.013009
643|3.427618,-2.970941,-0.873721,0.125812,4.062703
644|3.429390,-2.964271,-0.877471,0.127146,4.112868
645|3.431169,-2.957560,-0.881210,0.128488,4.163510
646|3.432954,-2.950810,-0.884936,0.129838,4.214634
647|3.434745,-2.944019,-0.888651,0.131196,4.266245
648|3.436543,-2.937188,-0.892353,0.132562,4.318348
649|3.438347,-2.930316,-0.896043,0.133937,4.370948
650|3.440158,-2.923403,-0.899721,0.135319,4.424051
651|3.441975,-2.916449,-0.903386,0.136710,4.477662
652|3.443799,-2.909455,-0.907038,0.138109,4.531786
653|3.445630,-2.902419,-0.910678,0.139516,4.586430
654|3.447467,-2.895342,-0.914304,0.140932,4.641598
655|3.449311,-2.888224,-0.917918,0.142355,4.697296
656|3.451163,-2.881064,-0.921518,0.143787,4.753531
657|3.453021,-2.873862,-0.925105,0.145228,4.810308
658|3.454886,-2.866619,-0.928678,0.146676,4.867634
659|3.456759,-2.859334,-0.932238,0.148133,4.925514
660|3.458639,-2.852007,-0.935784,0.149599,4.983954
661|3.460526,-2.844637,-0.939317,0.151073,5.042962
662|3.462421,-2.837226,-0.942835,0.152555,5.102544
663|3.464323,-2.829772,-0.946339,0.154046,5.162705
664|3.466233,-2.822275,-0.949829,0.155545,5.223454
665|3.468151,-2.814735,-0.953305,0.157053,5.284796
666|3.470076,-2.807153,-0.956766,0.158569,5.346739
667|3.472010,-2.799527,-0.960213,0.160095,5.409290
668|3.473951,-2.791859,-0.963644,0.161628,5.472456
669|3.475901,-2.784147,-0.967061,0.163171,5.536244
670|3.477858,-2.776391,-0.970462,0.164722,5.600661
671|3.479825,-2.768592,-0.973849,0.166282,5.665716
672|3.481799,-2.760749,-0.977220,0.167850,5.731416
673|3.483782,-2.752862,-0.980575,0.169428,5.797769
674|3.485773,-2.744931,-0.983915,0.171014,5.864782
675|3.487774,-2.736956,-0.987238,0.172609,5.932464
676|3.489783,-2.728936,-0.990546,0.174213,6.000824
677|3.491801,-2.720871,-0.993837,0.175826,6.069869
678|3.493828,-2.712762,-0.997113,0.177448,6.139608
679|3.495864,-2.704608,-1.000371,0.179078,6.210050
680|3.497909,-2.696409,-1.003613,0.180718,6.281204
681|3.499964,-2.688164,-1.006838,0.182367,6.353079
682|3.502029,-2.679874,-1.010046,0.184025,6.425684
683|3.504102,-2.671539,-1.013237,0.185692,6.499028
684|3.506186,-2.663157,-1.016411,0.187369,6.573122
685|3.508280,-2.654730,-1.019567,0.189054,6.647974
686|3.510383,-2.646256,-1.022705,0.190749,6.723596
687|3.512497,-2.637736,-1.025825,0.192453,6.799996
688|3.514621,-2.629170,-1.028927,0.194166,6.877185
689|3.516755,-2.620557,-1.032011,0.195889,6.955175
690|3.518899,-2.611896,-1.035077,0.197621,7.033974
691|3.521055,-2.603189,-1.038123,0.199362,7.113596
692|3.523221,-2.594435,-1.041151,0.201113,7.194049
693|3.525398,-2.585633,-1.044160,0.202873,7.275347
694|3.527586,-2.576783,-1.047150,0.204643,7.357501
695|3.529785,-2.567885,-1.050120,0.206423,7.440521
696|3.531996,-2.558939,-1.053070,0.208212,7.524421
697|3.534218,-2.549945,-1.056001,0.210011,7.609213
698|3.536451,-2.540903,-1.058911,0.211819,7.694909
699|3.538697,-2.531811,-1.061801,0.213638,7.781522
700|3.540954,-2.522671,-1.064671,0.215466,7.869066
701|3.543224,-2.513482,-1.067520,0.217304,7.957552
702|3.545506,-2.504243,-1.070348,0.219151,8.046996
703|3.547800,-2.494955,-1.073154,0.221009,8.137410
704|3.550107,-2.485616,-1.075940,0.222877,8.228810
705|3.552427,-2.476228,-1.078703,0.224754,8.321208
706|3.554760,-2.466790,-1.081445,0.226642,8.414621
707|3.557106,-2.457301,-1.084165,0.228540,8.509064
708|3.559465,-2.447761,-1.086862,0.230448,8.604551
709|3.561838,-2.438170,-1.089536,0.232366,8.701098
710|3.564224,-2.428528,-1.092188,0.234294,8.798721
711|3.566624,-2.418835,-1.094817,0.236233,8.897437
712|3.569039,-2.409090,-1.097422,0.238182,8.997263
713|3.571468,-2.399293,-1.100003,0.240141,9.098215
714|3.573911,-2.389444,-1.102561,0.242111,9.200311
715|3.576369,-2.379542,-1.105094,0.244092,9.303569
716|3.578842,-2.369588,-1.107603,0.246082,9.408007
717|3.581330,-2.359581,-1.110087,0.248084,9.513644
718|3.583833,-2.349520,-1.112546,0.250096,9.620498
719|3.586352,-2.339406,-1.114980,0.252119,9.728590
720|3.588887,-2.329238,-1.117388,0.254152,9.837938
721|3.591438,-2.319016,-1.119770,0.256197,9.948564
722|3.594005,-2.308740,-1.122126,0.258252,10.060489
723|3.596589,-2.298410,-1.124456,0.260318,10.173733
724|3.599189,-2.288024,-1.126758,0.262395,10.288318
725|3.601807,-2.277583,-1.129034,0.264483,10.404267
726|3.604442,-2.267087,-1.131282,0.266583,10.521602
727|3.607094,-2.256535,-1.133502,0.268693,10.640348
728|3.609764,-2.245927,-1.135694,0.270815,10.760527
729|3.612453,-2.235262,-1.137857,0.272948,10.882164
730|3.615160,-2.224541,-1.139992,0.275092,11.005284
731|3.617885,-2.213763,-1.142097,0.277247,11.129914
732|3.620630,-2.202928,-1.144173,0.279414,11.256078
733|3.623393,-2.192035,-1.146219,0.281593,11.383805
734|3.626177,-2.181084,-1.148235,0.283783,11.513121
735|3.628980,-2.170075,-1.150220,0.285985,11.644055
736|3.631803,-2.159007,-1.152174,0.288199,11.776636
737|3.634647,-2.147881,-1.154096,0.290424,11.910893
738|3.637512,-2.136695,-1.155987,0.292661,12.046858
739|3.640399,-2.125449,-1.157845,0.294910,12.184560
740|3.643306,-2.114144,-1.159671,0.297171,12.324032
741|3.646236,-2.102778,-1.161463,0.299444,12.465307
742|3.649188,-2.091352,-1.163222,0.301730,12.608418
743|3.652163,-2.079864,-1.164948,0.304027,12.753400
744|3.655161,-2.068315,-1.166638,0.306337,12.900289
745|3.658182,-2.056704,-1.168294,0.308659,13.049120
746|3.661227,-2.045032,-1.169915,0.310994,13.199931
747|3.664297,-2.033296,-1.171500,0.313341,13.352759
748|3.667391,-2.021498,-1.173048,0.315700,13.507646
749|3.670510,-2.009636,-1.174560,0.318073,13.664629
750|3.673655,-1.997711,-1.176035,0.320458,13.823752
751|3.676826,-1.985721,-1.177471,0.322856,13.985057
752|3.680024,-1.973667,-1.178870,0.325267,14.148587
753|3.683249,-1.961548,-1.180230,0.327690,14.314388
754|3.686501,-1.949363,-1.181550,0.330127,14.482505
755|3.689781,-1.937113,-1.182830,0.332577,14.652986
756|3.693089,-1.924796,-1.184070,0.335041,14.825880
757|3.696427,-1.912413,-1.185269,0.337517,15.001237
758|3.699794,-1.899963,-1.186427,0.340008,15.179109
759|3.703192,-1.887444,-1.187542,0.342511,15.359550
760|3.706620,-1.874858,-1.188614,0.345028,15.542612
761|3.710080,-1.862203,-1.189643,0.347559,15.728354
762|3.713571,-1.849480,-1.190627,0.350104,15.916833
763|3.717095,-1.836686,-1.191567,0.352663,16.108109
764|3.720652,-1.823823,-1.192462,0.355235,16.302243
765|3.724243,-1.810889,-1.193310,0.357822,16.499298
766|3.727869,-1.797884,-1.194112,0.360423,16.699341
767|3.731530,-1.784808,-1.194866,0.363038,16.902438
768|3.735227,-1.771660,-1.195572,0.365668,17.108658
769|3.738960,-1.758439,-1.196229,0.368312,17.318074
770|3.742731,-1.745145,-1.196836,0.370971,17.530758
771|3.746540,-1.731777,-1.197392,0.373645,17.746788
772|3.750388,-1.718335,-1.197898,0.376333,17.966242
773|3.754276,-1.704818,-1.198351,0.379036,18.189200
774|3.758204,-1.691226,-1.198751,0.381755,18.415747
775|3.762174,-1.677558,-1.199097,0.384488,18.645969
776|3.766187,-1.663813,-1.199389,0.387237,18.879956
777|3.770243,-1.649991,-1.199625,0.390002,19.117799
778|3.774343,-1.636092,-1.199805,0.392782,19.359595
779|3.778489,-1.622114,-1.199927,0.395577,19.605441
780|3.782681,-1.608057,-1.199990,0.398389,19.855441
781|3.786920,-1.593921,-1.199994,0.401216,20.109698
782|3.791208,-1.579704,-1.199938,0.404059,20.368324
783|3.795545,-1.565406,-1.199820,0.406919,20.631430
784|3.799933,-1.551027,-1.199640,0.409795,20.899134
785|3.804373,-1.536565,-1.199396,0.412687,21.171557
786|3.808866,-1.522020,-1.199088,0.415596,21.448824
787|3.813414,-1.507392,-1.198713,0.418522,21.731067
788|3.818017,-1.492679,-1.198271,0.421464,22.018418
789|3.822678,-1.477882,-1.197761,0.424424,22.311020
790|3.827397,-1.462998,-1.197181,0.427400,22.609016
791|3.832176,-1.448028,-1.196531,0.430395,22.912557
792|3.837017,-1.432970,-1.195808,0.433406,23.221800
793|3.841920,-1.417824,-1.195011,0.436435,23.536907
794|3.846889,-1.402589,-1.194140,0.439482,23.858047
795|3.851924,-1.387264,-1.193192,0.442547,24.185395
796|3.857027,-1.371849,-1.192166,0.445630,24.519133
797|3.862199,-1.356343,-1.191061,0.448732,24.859451
798|3.867444,-1.340744,-1.189875,0.451851,25.206545
799|3.872762,-1.325052,-1.188606,0.454990,25.560622
800|3.878157,-1.309266,-1.187253,0.458147,25.921894
801|3.883629,-1.293385,-1.185814,0.461323,26.290584
802|3.889181,-1.277409,-1.184287,0.464518,26.666924
803|3.894815,-1.261335,-1.182671,0.467733,27.051156
804|3.900534,-1.245165,-1.180963,0.470967,27.443531
805|3.906341,-1.228895,-1.179161,0.474221,27.844313
806|3.912237,-1.212526,-1.177264,0.477495,28.253776
807|3.918225,-1.196057,-1.175270,0.480789,28.672207
808|3.924308,-1.179486,-1.173175,0.484103,29.099905
809|3.930490,-1.162813,-1.170979,0.487437,29.537184
810|3.936773,-1.146036,-1.168679,0.490793,29.984370
811|3.943159,-1.129155,-1.166272,0.494169,30.441806
812|3.949654,-1.112168,-1.163756,0.497566,30.909851
813|3.956259,-1.095074,-1.161128,0.500985,31.388881
814|3.962979,-1.077873,-1.158386,0.504425,31.879287
815|3.969817,-1.060563,-1.155527,0.507887,32.381484
816|3.976777,-1.043143,-1.152548,0.511371,32.895903
817|3.983864,-1.025612,-1.149447,0.514878,33.423000
818|3.991081,-1.007968,-1.146220,0.518406,33.963249
819|3.998433,-0.990211,-1.142863,0.521958,34.517154
820|4.005926,-0.972340,-1.139375,0.525532,35.085239
821|4.013563,-0.954353,-1.135751,0.529129,35.668060
822|4.021350,-0.936249,-1.131988,0.532750,36.266200
823|4.029293,-0.918027,-1.128082,0.536395,36.880272
824|4.037397,-0.899685,-1.124029,0.540063,37.510924
825|4.045669,-0.881223,-1.119826,0.543755,38.158838
826|4.054115,-0.862640,-1.115468,0.547472,38.824735
827|4.062741,-0.843933,-1.110950,0.551213,39.509375
828|4.071555,-0.825101,-1.106269,0.554980,40.213561
829|4.080564,-0.806145,-1.101420,0.558771,40.938142
830|4.089776,-0.787061,-1.096397,0.562588,41.684019
831|4.099200,-0.767849,-1.091196,0.566430,42.452141
832|4.108844,-0.748508,-1.085811,0.570298,43.243517
833|4.118718,-0.729037,-1.080237,0.574193,44.059217
834|4.128831,-0.709433,-1.074468,0.578113,44.900374
835|4.139195,-0.689697,-1.068497,0.582061,45.768192
836|4.149821,-0.669827,-1.062318,0.586035,46.663951
837|4.160719,-0.649821,-1.055925,0.590036,47.589012
838|4.171904,-0.629679,-1.049310,0.594064,48.544824
839|4.183388,-0.609400,-1.042466,0.598120,49.532928
840|4.195187,-0.588982,-1.035386,0.602204,50.554970
841|4.207314,-0.568425,-1.028060,0.606315,51.612702
842|4.219787,-0.547727,-1.020480,0.610455,52.707997
843|4.232623,-0.526889,-1.012638,0.614622,53.842856
844|4.245841,-0.505909,-1.004523,0.618818,55.019416
845|4.259461,-0.484786,-0.996126,0.623043,56.239965
846|4.273504,-0.463521,-0.987436,0.627296,57.506955
847|4.287994,-0.442114,-0.978441,0.631577,58.823009
848|4.302955,-0.420563,-0.969131,0.635887,60.190943
849|4.318414,-0.398870,-0.959491,0.640226,61.613777
850|4.334400,-0.377034,-0.949509,0.644593,63.094752
851|4.350944,-0.355057,-0.939171,0.648989,64.637353
852|4.368079,-0.332940,-0.928462,0.653412,66.245320
853|4.385843,-0.310684,-0.917365,0.657863,67.922679
854|4.404274,-0.288291,-0.905865,0.662342,69.673754
855|4.423416,-0.265764,-0.893943,0.666847,71.503200
856|4.443314,-0.243107,-0.881580,0.671379,73.416018
857|4.464019,-0.220322,-0.868755,0.675936,75.417589
858|4.485586,-0.197414,-0.855448,0.680517,77.513691
859|4.508076,-0.174391,-0.841635,0.685122,79.710529
860|4.531553,-0.151257,-0.827292,0.689749,82.014755
861|4.556088,-0.128022,-0.812392,0.694396,84.433488
862|4.581761,-0.104695,-0.796908,0.699061,86.974328
863|4.608657,-0.081287,-0.780810,0.703743,89.645362
864|4.636869,-0.057812,-0.764066,0.708438,92.455157
865|4.666500,-0.034287,-0.746642,0.713143,95.412735
866|4.697664,-0.010728,-0.728504,0.717854,98.527526
867|4.730483,0.012841,-0.709611,0.696886,98.190718
868|4.765093,0.036395,-0.689924,0.654488,94.732052
869|4.801642,0.059905,-0.669401,0.612171,91.086532
870|4.840292,0.083336,-0.647995,0.569996,87.244497
871|4.881220,0.106646,-0.625659,0.528037,83.196960
872|4.924617,0.129789,-0.602345,0.486380,78.936144
873|4.970690,0.152709,-0.578000,0.445124,74.456212
874|5.019659,0.175343,-0.552573,0.404383,69.754228
875|5.071760,0.197615,-0.526012,0.364293,64.831404
876|5.127239,0.219441,-0.498265,0.325006,59.694703
877|5.186347,0.240722,-0.469284,0.286701,54.358806
878|5.249336,0.261345,-0.439024,0.249579,48.848496
879|5.316446,0.281183,-0.407448,0.213870,43.201383
880|5.387894,0.300093,-0.374530,0.179832,37.470852
881|5.463855,0.317916,-0.340258,0.147751,31.728933
882|5.544440,0.334478,-0.304640,0.117939,26.068630
883|5.629668,0.349595,-0.267709,0.090729,20.604970
884|5.719442,0.363074,-0.229527,0.066467,15.473913
885|5.813517,0.374721,-0.190189,0.045502,10.828143
886|5.911481,0.384349,-0.149829,0.028171,6.829045
887|6.012741,0.391790,-0.108619,0.014778,3.634782
888|6.116532,0.396902,-0.066764,0.005576,1.385450
889|6.221944,0.399583,-0.024502,0.000750,0.187467
890|0.044777,0.399777,0.017913,0.000401,0.100231
