OneBody2_E-0.25_ecc0.4_RK4.txt
initial value : [x, y, v_x, v_y] = [1.20,0.00,0.00,1.08] , numerical interval dt = 0.02000 , [M, m] = [ 1, 1]

num|geodesic|
num|newtonian
num|degree, x, y, simple error, relative error
  1|0.000000,1.200000,0.000000,0.000000,0.000000
  2|0.018002,1.199861,0.021602,0.000194,0.016203
  3|0.036002,1.199444,0.043200,0.000778,0.064798
  4|0.053997,1.198750,0.064792,0.001750,0.145751
  5|0.071987,1.197778,0.086374,0.003110,0.258998
  6|0.089970,1.196529,0.107943,0.004859,0.404455
  7|0.107942,1.195003,0.129495,0.006996,0.582013
  8|0.125903,1.193200,0.151027,0.009520,0.791537
  9|0.143851,1.191121,0.172535,0.012431,1.032870
 10|0.161783,1.188765,0.194017,0.015729,1.305832
 11|0.179697,1.186134,0.215470,0.019412,1.610219
 12|0.197593,1.183228,0.236888,0.023480,1.945803
 13|0.215467,1.180048,0.258271,0.027933,2.312336
 14|0.233318,1.176594,0.279613,0.032768,2.709546
 15|0.251145,1.172867,0.300913,0.037986,3.137141
 16|0.268944,1.168868,0.322166,0.043585,3.594807
 17|0.286716,1.164597,0.343369,0.049565,4.082210
 18|0.304456,1.160055,0.364519,0.055923,4.598996
 19|0.322165,1.155244,0.385614,0.062659,5.144790
 20|0.339840,1.150164,0.406648,0.069770,5.719201
 21|0.357479,1.144816,0.427621,0.077257,6.321817
 22|0.375081,1.139202,0.448527,0.085117,6.952212
 23|0.392644,1.133322,0.469364,0.093349,7.609940
 24|0.410166,1.127178,0.490129,0.101951,8.294540
 25|0.427646,1.120771,0.510819,0.110920,9.005536
 26|0.445081,1.114102,0.531430,0.120257,9.742438
 27|0.462471,1.107173,0.551960,0.129957,10.504742
 28|0.479814,1.099985,0.572404,0.140021,11.291928
 29|0.497108,1.092540,0.592761,0.150444,12.103468
 30|0.514352,1.084839,0.613027,0.161226,12.938820
 31|0.531544,1.076883,0.633199,0.172364,13.797432
 32|0.548682,1.068675,0.653274,0.183856,14.678743
 33|0.565766,1.060215,0.673249,0.195699,15.582181
 34|0.582794,1.051507,0.693120,0.207891,16.507166
 35|0.599764,1.042551,0.712886,0.220429,17.453113
 36|0.616675,1.033349,0.732543,0.233312,18.419429
 37|0.633526,1.023903,0.752088,0.246535,19.405513
 38|0.650316,1.014216,0.771518,0.260097,20.410762
 39|0.667043,1.004290,0.790831,0.273995,21.434568
 40|0.683706,0.994125,0.810023,0.288225,22.476318
 41|0.700304,0.983725,0.829092,0.302785,23.535398
 42|0.716836,0.973091,0.848035,0.317672,24.611193
 43|0.733301,0.962226,0.866850,0.332883,25.703083
 44|0.749697,0.951133,0.885533,0.348414,26.810451
 45|0.766023,0.939812,0.904083,0.364263,27.932680
 46|0.782280,0.928267,0.922495,0.380426,29.069152
 47|0.798464,0.916500,0.940769,0.396900,30.219253
 48|0.814577,0.904514,0.958901,0.413681,31.382369
 49|0.830616,0.892310,0.976889,0.430766,32.557890
 50|0.846581,0.879892,0.994730,0.448151,33.745210
 51|0.862471,0.867262,1.012422,0.465833,34.943727
 52|0.878286,0.854422,1.029963,0.483809,36.152842
 53|0.894024,0.841376,1.047350,0.502073,37.371965
 54|0.909684,0.828126,1.064582,0.520624,38.600507
 55|0.925267,0.814674,1.081655,0.539457,39.837889
 56|0.940772,0.801023,1.098567,0.558568,41.083538
 57|0.956197,0.787176,1.115317,0.577953,42.336886
 58|0.971543,0.773136,1.131902,0.597609,43.597376
 59|0.986808,0.758906,1.148321,0.617531,44.864456
 60|1.001993,0.744489,1.164571,0.637716,46.137584
 61|1.017097,0.729887,1.180650,0.658159,47.416226
 62|1.032119,0.715103,1.196557,0.678856,48.699858
 63|1.047059,0.700140,1.212290,0.699803,49.987965
 64|1.061916,0.685002,1.227846,0.720997,51.280040
 65|1.076691,0.669691,1.243224,0.742432,52.575589
 66|1.091383,0.654211,1.258423,0.764105,53.874125
 67|1.105992,0.638563,1.273440,0.786012,55.175174
 68|1.120517,0.622752,1.288275,0.808147,56.478269
 69|1.134958,0.606780,1.302925,0.830507,57.782958
 70|1.149316,0.590651,1.317389,0.853088,59.088796
 71|1.163589,0.574368,1.331666,0.875885,60.395350
 72|1.177778,0.557933,1.345755,0.898894,61.702200
 73|1.191883,0.541350,1.359653,0.922111,63.008934
 74|1.205904,0.524621,1.373360,0.945530,64.315153
 75|1.219841,0.507751,1.386875,0.969148,65.620468
 76|1.233693,0.490742,1.400195,0.992961,66.924502
 77|1.247461,0.473598,1.413321,1.016963,68.226888
 78|1.261144,0.456321,1.426252,1.041151,69.527272
 79|1.274744,0.438914,1.438985,1.065520,70.825309
 80|1.288259,0.421381,1.451520,1.090066,72.120667
 81|1.301690,0.403726,1.463857,1.114784,73.413023
 82|1.315038,0.385950,1.475994,1.139670,74.702065
 83|1.328302,0.368058,1.487931,1.164719,75.987494
 84|1.341482,0.350052,1.499666,1.189927,77.269020
 85|1.354579,0.331936,1.511200,1.215289,78.546364
 86|1.367593,0.313713,1.522531,1.240802,79.819256
 87|1.380525,0.295385,1.533659,1.266461,81.087439
 88|1.393374,0.276956,1.544584,1.292261,82.350664
 89|1.406140,0.258430,1.555304,1.318198,83.608694
 90|1.418825,0.239809,1.565819,1.344268,84.861299
 91|1.431428,0.221096,1.576130,1.370466,86.108262
 92|1.443950,0.202294,1.586235,1.396788,87.349373
 93|1.456391,0.183407,1.596134,1.423231,88.584432
 94|1.468752,0.164437,1.605828,1.449788,89.813250
 95|1.481032,0.145388,1.615315,1.476457,91.035644
 96|1.493233,0.126262,1.624596,1.503233,92.251442
 97|1.505354,0.107063,1.633670,1.530111,93.460480
 98|1.517397,0.087794,1.642538,1.557089,94.662603
 99|1.529361,0.068457,1.651199,1.584160,95.857663
100|1.541247,0.049056,1.659653,1.611322,97.045521
101|1.553056,0.029592,1.667901,1.638571,98.226046
102|1.564787,0.010071,1.675941,1.665901,99.399112
103|1.576442,-0.009507,1.683776,1.674296,99.435394
104|1.588021,-0.029137,1.691404,1.662518,98.277584
105|1.599525,-0.048818,1.698826,1.650709,97.127558
106|1.610953,-0.068546,1.706042,1.638873,95.985413
107|1.622307,-0.088318,1.713052,1.627009,94.851236
108|1.633586,-0.108132,1.719857,1.615121,93.725110
109|1.644793,-0.127985,1.726457,1.603209,92.607111
110|1.655926,-0.147875,1.732852,1.591275,91.497308
111|1.666987,-0.167797,1.739042,1.579322,90.395765
112|1.677976,-0.187751,1.745029,1.567349,89.302541
113|1.688894,-0.207733,1.750813,1.555360,88.217689
114|1.699741,-0.227741,1.756393,1.543356,87.141256
115|1.710518,-0.247771,1.761771,1.531337,86.073283
116|1.721225,-0.267823,1.766947,1.519306,85.013810
117|1.731863,-0.287892,1.771922,1.507265,83.962868
118|1.742433,-0.307976,1.776695,1.495214,82.920485
119|1.752935,-0.328074,1.781269,1.483156,81.886685
120|1.763369,-0.348182,1.785643,1.471091,80.861488
121|1.773737,-0.368298,1.789819,1.459021,79.844908
122|1.784039,-0.388420,1.793796,1.446948,78.836957
123|1.794275,-0.408545,1.797576,1.434873,77.837643
124|1.804447,-0.428671,1.801160,1.422797,76.846969
125|1.814554,-0.448796,1.804547,1.410722,75.864936
126|1.824597,-0.468917,1.807740,1.398650,74.891541
127|1.834577,-0.489033,1.810738,1.386580,73.926779
128|1.844494,-0.509140,1.813543,1.374516,72.970639
129|1.854350,-0.529237,1.816155,1.362458,72.023110
130|1.864144,-0.549322,1.818575,1.350407,71.084178
131|1.873877,-0.569393,1.820804,1.338364,70.153824
132|1.883550,-0.589446,1.822844,1.326332,69.232029
133|1.893163,-0.609481,1.824695,1.314311,68.318770
134|1.902717,-0.629495,1.826357,1.302303,67.414024
135|1.912213,-0.649487,1.827832,1.290308,66.517762
136|1.921651,-0.669453,1.829121,1.278328,65.629956
137|1.931031,-0.689393,1.830225,1.266364,64.750575
138|1.940355,-0.709304,1.831145,1.254417,63.879587
139|1.949623,-0.729185,1.831881,1.242489,63.016957
140|1.958835,-0.749033,1.832435,1.230580,62.162648
141|1.967992,-0.768847,1.832808,1.218692,61.316624
142|1.977094,-0.788625,1.833001,1.206825,60.478844
143|1.986143,-0.808365,1.833014,1.194981,59.649269
144|1.995139,-0.828065,1.832850,1.183161,58.827856
145|2.004081,-0.847724,1.832508,1.171366,58.014563
146|2.012972,-0.867339,1.831991,1.159597,57.209345
147|2.021810,-0.886910,1.831299,1.147854,56.412157
148|2.030598,-0.906434,1.830433,1.136140,55.622952
149|2.039335,-0.925910,1.829394,1.124454,54.841683
150|2.048022,-0.945336,1.828184,1.112798,54.068303
151|2.056660,-0.964711,1.826804,1.101173,53.302762
152|2.065249,-0.984033,1.825254,1.089580,52.545011
153|2.073789,-1.003300,1.823536,1.078020,51.794999
154|2.082282,-1.022512,1.821650,1.066493,51.052676
155|2.090727,-1.041666,1.819599,1.055000,50.317990
156|2.099126,-1.060761,1.817384,1.043543,49.590890
157|2.107478,-1.079796,1.815004,1.032122,48.871322
158|2.115784,-1.098769,1.812462,1.020739,48.159234
159|2.124045,-1.117679,1.809759,1.009393,47.454574
160|2.132262,-1.136524,1.806895,0.998086,46.757287
161|2.140434,-1.155303,1.803873,0.986818,46.067319
162|2.148562,-1.174016,1.800693,0.975591,45.384618
163|2.156647,-1.192659,1.797356,0.964404,44.709128
164|2.164690,-1.211233,1.793863,0.953260,44.040796
165|2.172690,-1.229736,1.790216,0.942158,43.379567
166|2.180648,-1.248167,1.786416,0.931100,42.725386
167|2.188565,-1.266524,1.782464,0.920086,42.078200
168|2.196442,-1.284806,1.778361,0.909117,41.437954
169|2.204278,-1.303012,1.774109,0.898193,40.804592
170|2.212074,-1.321142,1.769708,0.887315,40.178062
171|2.219830,-1.339193,1.765159,0.876484,39.558308
172|2.227548,-1.357165,1.760465,0.865701,38.945276
173|2.235227,-1.375056,1.755625,0.854966,38.338912
174|2.242868,-1.392866,1.750642,0.844280,37.739161
175|2.250471,-1.410594,1.745516,0.833644,37.145972
176|2.258038,-1.428238,1.740249,0.823057,36.559288
177|2.265567,-1.445797,1.734841,0.812522,35.979058
178|2.273060,-1.463271,1.729295,0.802038,35.405227
179|2.280518,-1.480658,1.723610,0.791605,34.837744
180|2.287940,-1.497958,1.717789,0.781225,34.276555
181|2.295327,-1.515169,1.711832,0.770899,33.721607
182|2.302679,-1.532291,1.705740,0.760626,33.172850
183|2.309997,-1.549322,1.699516,0.750407,32.630230
184|2.317282,-1.566262,1.693159,0.740243,32.093697
185|2.324533,-1.583110,1.686671,0.730134,31.563199
186|2.331751,-1.599865,1.680054,0.720081,31.038686
187|2.338937,-1.616527,1.673308,0.710084,30.520106
188|2.346090,-1.633093,1.666434,0.700144,30.007411
189|2.353212,-1.649564,1.659434,0.690261,29.500550
190|2.360302,-1.665939,1.652309,0.680437,28.999474
191|2.367361,-1.682217,1.645060,0.670670,28.504133
192|2.374390,-1.698397,1.637688,0.660962,28.014481
193|2.381388,-1.714478,1.630194,0.651313,27.530467
194|2.388357,-1.730460,1.622580,0.641724,27.052046
195|2.395296,-1.746341,1.614846,0.632195,26.579168
196|2.402206,-1.762122,1.606994,0.622727,26.111789
197|2.409087,-1.777802,1.599025,0.613319,25.649860
198|2.415940,-1.793379,1.590939,0.603973,25.193336
199|2.422765,-1.808853,1.582739,0.594688,24.742172
200|2.429562,-1.824223,1.574424,0.585466,24.296323
201|2.436332,-1.839490,1.565997,0.576306,23.855743
202|2.443075,-1.854651,1.557458,0.567209,23.420389
203|2.449791,-1.869707,1.548809,0.558176,22.990217
204|2.456481,-1.884657,1.540051,0.549206,22.565183
205|2.463144,-1.899500,1.531184,0.540300,22.145245
206|2.469783,-1.914236,1.522209,0.531458,21.730360
207|2.476396,-1.928864,1.513129,0.522681,21.320486
208|2.482983,-1.943384,1.503943,0.513970,20.915583
209|2.489547,-1.957794,1.494654,0.505324,20.515608
210|2.496086,-1.972095,1.485262,0.496743,20.120522
211|2.502600,-1.986286,1.475768,0.488229,19.730285
212|2.509092,-2.000366,1.466173,0.479781,19.344855
213|2.515559,-2.014334,1.456478,0.471399,18.964196
214|2.522004,-2.028191,1.446685,0.463085,18.588267
215|2.528426,-2.041936,1.436795,0.454838,18.217031
216|2.534825,-2.055569,1.426808,0.446659,17.850450
217|2.541202,-2.069088,1.416725,0.438547,17.488487
218|2.547558,-2.082493,1.406548,0.430504,17.131105
219|2.553891,-2.095784,1.396278,0.422529,16.778266
220|2.560204,-2.108961,1.385915,0.414623,16.429937
221|2.566495,-2.122023,1.375462,0.406786,16.086080
222|2.572766,-2.134969,1.364918,0.399018,15.746662
223|2.579016,-2.147800,1.354284,0.391320,15.411646
224|2.585246,-2.160514,1.343563,0.383692,15.081001
225|2.591456,-2.173111,1.332755,0.376133,14.754691
226|2.597647,-2.185592,1.321860,0.368645,14.432683
227|2.603818,-2.197955,1.310880,0.361227,14.114946
228|2.609970,-2.210200,1.299816,0.353880,13.801445
229|2.616103,-2.222327,1.288669,0.346604,13.492151
230|2.622218,-2.234335,1.277440,0.339399,13.187030
231|2.628314,-2.246224,1.266130,0.332266,12.886053
232|2.634393,-2.257994,1.254740,0.325204,12.589188
233|2.640454,-2.269644,1.243271,0.318213,12.296406
234|2.646497,-2.281174,1.231724,0.311295,12.007676
235|2.652523,-2.292584,1.220099,0.304449,11.722970
236|2.658532,-2.303873,1.208398,0.297676,11.442259
237|2.664524,-2.315041,1.196623,0.290975,11.165514
238|2.670500,-2.326088,1.184773,0.284347,10.892707
239|2.676460,-2.337013,1.172849,0.277792,10.623810
240|2.682403,-2.347817,1.160854,0.271310,10.358797
241|2.688331,-2.358498,1.148787,0.264901,10.097641
242|2.694243,-2.369056,1.136650,0.258566,9.840315
243|2.700140,-2.379492,1.124443,0.252305,9.586793
244|2.706022,-2.389804,1.112168,0.246117,9.337050
245|2.711889,-2.399994,1.099826,0.240004,9.091061
246|2.717742,-2.410059,1.087417,0.233964,8.848801
247|2.723580,-2.420001,1.074942,0.227999,8.610245
248|2.729404,-2.429819,1.062403,0.222109,8.375370
249|2.735214,-2.439512,1.049800,0.216293,8.144152
250|2.741011,-2.449081,1.037134,0.210552,7.916568
251|2.746794,-2.458524,1.024407,0.204885,7.692595
252|2.752564,-2.467843,1.011618,0.199294,7.472210
253|2.758321,-2.477037,0.998770,0.193778,7.255392
254|2.764065,-2.486104,0.985862,0.188337,7.042119
255|2.769796,-2.495046,0.972896,0.182972,6.832369
256|2.775516,-2.503863,0.959873,0.177682,6.626123
257|2.781223,-2.512552,0.946793,0.172469,6.423358
258|2.786918,-2.521116,0.933658,0.167330,6.224055
259|2.792601,-2.529553,0.920469,0.162268,6.028194
260|2.798273,-2.537863,0.907226,0.157282,5.835756
261|2.803934,-2.546046,0.893930,0.152372,5.646722
262|2.809583,-2.554102,0.880582,0.147539,5.461072
263|2.815222,-2.562031,0.867183,0.142781,5.278789
264|2.820850,-2.569832,0.853735,0.138101,5.099854
265|2.826467,-2.577506,0.840237,0.133497,4.924250
266|2.832074,-2.585051,0.826690,0.128969,4.751959
267|2.837671,-2.592469,0.813096,0.124519,4.582964
268|2.843259,-2.599759,0.799456,0.120145,4.417249
269|2.848836,-2.606920,0.785770,0.115848,4.254796
270|2.854404,-2.613952,0.772039,0.111629,4.095592
271|2.859963,-2.620856,0.758265,0.107486,3.939618
272|2.865513,-2.627631,0.744447,0.103421,3.786861
273|2.871053,-2.634278,0.730587,0.099433,3.637306
274|2.876586,-2.640795,0.716686,0.095523,3.490936
275|2.882109,-2.647183,0.702744,0.091690,3.347739
276|2.887624,-2.653441,0.688763,0.087935,3.207700
277|2.893131,-2.659571,0.674743,0.084258,3.070806
278|2.898630,-2.665570,0.660685,0.080658,2.937043
279|2.904122,-2.671440,0.646590,0.077136,2.806397
280|2.909605,-2.677180,0.632458,0.073692,2.678857
281|2.915082,-2.682790,0.618292,0.070326,2.554409
282|2.920551,-2.688270,0.604091,0.067038,2.433043
283|2.926013,-2.693620,0.589856,0.063828,2.314745
284|2.931468,-2.698840,0.575588,0.060696,2.199504
285|2.936917,-2.703929,0.561289,0.057643,2.087309
286|2.942359,-2.708888,0.546958,0.054667,1.978150
287|2.947795,-2.713716,0.532597,0.051770,1.872015
288|2.953224,-2.718414,0.518207,0.048952,1.768894
289|2.958648,-2.722981,0.503788,0.046212,1.668777
290|2.964066,-2.727417,0.489341,0.043550,1.571655
291|2.969478,-2.731722,0.474867,0.040967,1.477519
292|2.974885,-2.735896,0.460368,0.038463,1.386358
293|2.980287,-2.739939,0.445842,0.036037,1.298164
294|2.985683,-2.743851,0.431293,0.033690,1.212929
295|2.991075,-2.747631,0.416719,0.031421,1.130645
296|2.996462,-2.751281,0.402123,0.029232,1.051303
297|3.001844,-2.754799,0.387505,0.027121,0.974895
298|3.007222,-2.758185,0.372866,0.025089,0.901416
299|3.012596,-2.761440,0.358206,0.023136,0.830856
300|3.017966,-2.764564,0.343527,0.021262,0.763210
301|3.023331,-2.767556,0.328829,0.019467,0.698471
302|3.028694,-2.770416,0.314113,0.017750,0.636633
303|3.034052,-2.773145,0.299380,0.016113,0.577690
304|3.039408,-2.775741,0.284631,0.014555,0.521636
305|3.044760,-2.778206,0.269866,0.013076,0.468465
306|3.050109,-2.780539,0.255087,0.011676,0.418174
307|3.055455,-2.782741,0.240293,0.010356,0.370756
308|3.060799,-2.784810,0.225487,0.009114,0.326207
309|3.066140,-2.786747,0.210669,0.007952,0.284524
310|3.071478,-2.788553,0.195839,0.006868,0.245701
311|3.076815,-2.790226,0.180998,0.005864,0.209736
312|3.082149,-2.791767,0.166148,0.004940,0.176624
313|3.087482,-2.793176,0.151289,0.004094,0.146363
314|3.092813,-2.794453,0.136421,0.003328,0.118950
315|3.098142,-2.795598,0.121546,0.002641,0.094382
316|3.103470,-2.796611,0.106665,0.002033,0.072657
317|3.108797,-2.797492,0.091778,0.001505,0.053772
318|3.114123,-2.798240,0.076886,0.001056,0.037726
319|3.119448,-2.798856,0.061989,0.000686,0.024518
320|3.124772,-2.799340,0.047090,0.000396,0.014146
321|3.130096,-2.799692,0.032188,0.000185,0.006608
322|3.135420,-2.799911,0.017284,0.000053,0.001905
323|3.140743,-2.799998,0.002379,0.000001,0.000036
324|3.146066,-2.799953,-0.012526,0.000028,0.001001
325|3.151390,-2.799776,-0.027430,0.000134,0.004799
326|3.156713,-2.799467,-0.042333,0.000320,0.011432
327|3.162038,-2.799025,-0.057234,0.000585,0.020899
328|3.167362,-2.798451,-0.072131,0.000929,0.033202
329|3.172688,-2.797745,-0.087025,0.001353,0.048342
330|3.178015,-2.796906,-0.101914,0.001856,0.066320
331|3.183342,-2.795936,-0.116797,0.002438,0.087139
332|3.188671,-2.794833,-0.131674,0.003100,0.110799
333|3.194002,-2.793598,-0.146544,0.003841,0.137304
334|3.199334,-2.792231,-0.161406,0.004661,0.166655
335|3.204668,-2.790732,-0.176259,0.005561,0.198857
336|3.210003,-2.789101,-0.191103,0.006539,0.233911
337|3.215341,-2.787338,-0.205936,0.007597,0.271821
338|3.220682,-2.785443,-0.220758,0.008734,0.312591
339|3.226024,-2.783416,-0.235569,0.009951,0.356224
340|3.231370,-2.781256,-0.250366,0.011246,0.402726
341|3.236718,-2.778965,-0.265150,0.012621,0.452100
342|3.242069,-2.776543,-0.279920,0.014074,0.504351
343|3.247423,-2.773988,-0.294674,0.015607,0.559484
344|3.252781,-2.771301,-0.309412,0.017219,0.617504
345|3.258142,-2.768483,-0.324133,0.018910,0.678417
346|3.263507,-2.765533,-0.338837,0.020680,0.742230
347|3.268875,-2.762452,-0.353523,0.022529,0.808947
348|3.274247,-2.759239,-0.368189,0.024457,0.878576
349|3.279624,-2.755894,-0.382835,0.026464,0.951123
350|3.285005,-2.752418,-0.397460,0.028549,1.026595
351|3.290391,-2.748810,-0.412063,0.030714,1.104999
352|3.295781,-2.745072,-0.426643,0.032957,1.186344
353|3.301176,-2.741202,-0.441201,0.035279,1.270636
354|3.306576,-2.737201,-0.455734,0.037680,1.357884
355|3.311981,-2.733068,-0.470242,0.040159,1.448097
356|3.317391,-2.728805,-0.484724,0.042717,1.541283
357|3.322807,-2.724411,-0.499180,0.045354,1.637451
358|3.328229,-2.719886,-0.513608,0.048069,1.736611
359|3.333657,-2.715230,-0.528007,0.050862,1.838771
360|3.339091,-2.710443,-0.542378,0.053734,1.943943
361|3.344531,-2.705526,-0.556718,0.056684,2.052136
362|3.349977,-2.700479,-0.571027,0.059713,2.163361
363|3.355430,-2.695300,-0.585305,0.062820,2.277628
364|3.360890,-2.689992,-0.599551,0.066005,2.394949
365|3.366357,-2.684554,-0.613763,0.069268,2.515335
366|3.371831,-2.678985,-0.627940,0.072609,2.638798
367|3.377312,-2.673286,-0.642083,0.076028,2.765349
368|3.382801,-2.667458,-0.656189,0.079525,2.895002
369|3.388298,-2.661500,-0.670259,0.083100,3.027769
370|3.393802,-2.655412,-0.684292,0.086753,3.163663
371|3.399315,-2.649195,-0.698285,0.090483,3.302696
372|3.404836,-2.642848,-0.712240,0.094291,3.444884
373|3.410365,-2.636372,-0.726154,0.098177,3.590239
374|3.415903,-2.629767,-0.740027,0.102140,3.738776
375|3.421450,-2.623033,-0.753859,0.106180,3.890509
376|3.427006,-2.616170,-0.767647,0.110298,4.045454
377|3.432571,-2.609178,-0.781392,0.114493,4.203626
378|3.438145,-2.602058,-0.795093,0.118765,4.365040
379|3.443729,-2.594810,-0.808748,0.123114,4.529712
380|3.449323,-2.587433,-0.822356,0.127540,4.697658
381|3.454927,-2.579928,-0.835918,0.132043,4.868895
382|3.460541,-2.572296,-0.849431,0.136623,5.043440
383|3.466166,-2.564535,-0.862896,0.141279,5.221310
384|3.471801,-2.556647,-0.876311,0.146012,5.402522
385|3.477447,-2.548632,-0.889675,0.150821,5.587095
386|3.483104,-2.540489,-0.902987,0.155707,5.775047
387|3.488772,-2.532219,-0.916247,0.160668,5.966397
388|3.494452,-2.523823,-0.929454,0.165706,6.161163
389|3.500143,-2.515300,-0.942607,0.170820,6.359365
390|3.505847,-2.506650,-0.955704,0.176010,6.561022
391|3.511562,-2.497874,-0.968745,0.181275,6.766156
392|3.517290,-2.488972,-0.981729,0.186617,6.974785
393|3.523030,-2.479945,-0.994656,0.192033,7.186931
394|3.528782,-2.470791,-1.007523,0.197525,7.402615
395|3.534548,-2.461513,-1.020331,0.203092,7.621859
396|3.540327,-2.452109,-1.033078,0.208735,7.844684
397|3.546119,-2.442580,-1.045764,0.214452,8.071113
398|3.551925,-2.432926,-1.058387,0.220244,8.301169
399|3.557745,-2.423148,-1.070947,0.226111,8.534874
400|3.563578,-2.413246,-1.083442,0.232052,8.772252
401|3.569426,-2.403220,-1.095872,0.238068,9.013327
402|3.575289,-2.393070,-1.108236,0.244158,9.258124
403|3.581166,-2.382797,-1.120532,0.250322,9.506666
404|3.587058,-2.372401,-1.132761,0.256560,9.758978
405|3.592965,-2.361881,-1.144920,0.262871,10.015087
406|3.598888,-2.351239,-1.157010,0.269256,10.275018
407|3.604827,-2.340475,-1.169028,0.275715,10.538797
408|3.610781,-2.329589,-1.180975,0.282247,10.806451
409|3.616752,-2.318581,-1.192848,0.288852,11.078007
410|3.622739,-2.307451,-1.204648,0.295529,11.353492
411|3.628742,-2.296201,-1.216372,0.302280,11.632934
412|3.634763,-2.284829,-1.228021,0.309102,11.916362
413|3.640801,-2.273338,-1.239593,0.315997,12.203804
414|3.646856,-2.261726,-1.251088,0.322965,12.495289
415|3.652929,-2.249994,-1.262503,0.330004,12.790848
416|3.659019,-2.238143,-1.273839,0.337114,13.090509
417|3.665128,-2.226173,-1.285094,0.344296,13.394304
418|3.671256,-2.214084,-1.296267,0.351550,13.702263
419|3.677402,-2.201876,-1.307358,0.358874,14.014417
420|3.683567,-2.189551,-1.318364,0.366269,14.330799
421|3.689751,-2.177108,-1.329286,0.373735,14.651440
422|3.695955,-2.164548,-1.340122,0.381271,14.976373
423|3.702179,-2.151871,-1.350872,0.388878,15.305631
424|3.708422,-2.139077,-1.361533,0.396554,15.639247
425|3.714686,-2.126168,-1.372106,0.404299,15.977257
426|3.720971,-2.113143,-1.382588,0.412114,16.319693
427|3.727277,-2.100003,-1.392980,0.419998,16.666591
428|3.733604,-2.086748,-1.403280,0.427951,17.017986
429|3.739952,-2.073379,-1.413487,0.435973,17.373914
430|3.746322,-2.059896,-1.423600,0.444062,17.734411
431|3.752714,-2.046300,-1.433617,0.452220,18.099514
432|3.759129,-2.032591,-1.443539,0.460445,18.469260
433|3.765566,-2.018770,-1.453363,0.468738,18.843687
434|3.772027,-2.004836,-1.463089,0.477098,19.222832
435|3.778510,-1.990792,-1.472716,0.485525,19.606734
436|3.785018,-1.976637,-1.482242,0.494018,19.995433
437|3.791549,-1.962371,-1.491667,0.502578,20.388967
438|3.798104,-1.947995,-1.500990,0.511203,20.787377
439|3.804684,-1.933511,-1.510208,0.519894,21.190703
440|3.811289,-1.918917,-1.519322,0.528650,21.598985
441|3.817919,-1.904216,-1.528331,0.537470,22.012266
442|3.824575,-1.889407,-1.537232,0.546356,22.430586
443|3.831256,-1.874491,-1.546025,0.555305,22.853989
444|3.837964,-1.859469,-1.554710,0.564319,23.282516
445|3.844698,-1.844341,-1.563284,0.573395,23.716212
446|3.851459,-1.829108,-1.571746,0.582535,24.155119
447|3.858248,-1.813770,-1.580097,0.591738,24.599281
448|3.865064,-1.798329,-1.588334,0.601002,25.048744
449|3.871907,-1.782785,-1.596456,0.610329,25.503552
450|3.878780,-1.767138,-1.604463,0.619717,25.963750
451|3.885680,-1.751390,-1.612353,0.629166,26.429385
452|3.892610,-1.735540,-1.620124,0.638676,26.900502
453|3.899569,-1.719590,-1.627777,0.648246,27.377149
454|3.906558,-1.703540,-1.635309,0.657876,27.859373
455|3.913577,-1.687392,-1.642720,0.667565,28.347220
456|3.920627,-1.671145,-1.650009,0.677313,28.840739
457|3.927707,-1.654802,-1.657173,0.687119,29.339979
458|3.934819,-1.638361,-1.664213,0.696983,29.844989
459|3.941962,-1.621825,-1.671127,0.706905,30.355816
460|3.949137,-1.605194,-1.677914,0.716884,30.872512
461|3.956345,-1.588469,-1.684573,0.726919,31.395126
462|3.963585,-1.571650,-1.691102,0.737010,31.923708
463|3.970859,-1.554739,-1.697501,0.747156,32.458309
464|3.978166,-1.537737,-1.703768,0.757358,32.998980
465|3.985508,-1.520644,-1.709902,0.767614,33.545773
466|3.992884,-1.503461,-1.715902,0.777923,34.098739
467|4.000295,-1.486190,-1.721767,0.788286,34.657930
468|4.007741,-1.468830,-1.727495,0.798702,35.223399
469|4.015222,-1.451384,-1.733086,0.809170,35.795197
470|4.022740,-1.433852,-1.738538,0.819689,36.373379
471|4.030295,-1.416235,-1.743850,0.830259,36.957997
472|4.037886,-1.398534,-1.749021,0.840880,37.549104
473|4.045515,-1.380750,-1.754050,0.851550,38.146754
474|4.053182,-1.362884,-1.758936,0.862269,38.751001
475|4.060888,-1.344938,-1.763677,0.873037,39.361899
476|4.068632,-1.326912,-1.768272,0.883853,39.979502
477|4.076415,-1.308808,-1.772720,0.894715,40.603863
478|4.084238,-1.290626,-1.777020,0.905625,41.235038
479|4.092101,-1.272367,-1.781171,0.916580,41.873081
480|4.100005,-1.254034,-1.785171,0.927580,42.518046
481|4.107951,-1.235627,-1.789020,0.938624,43.169988
482|4.115937,-1.217147,-1.792716,0.949712,43.828961
483|4.123966,-1.198596,-1.796258,0.960843,44.495020
484|4.132038,-1.179974,-1.799645,0.972015,45.168219
485|4.140152,-1.161284,-1.802875,0.983230,45.848613
486|4.148310,-1.142526,-1.805948,0.994485,46.536255
487|4.156513,-1.123701,-1.808862,1.005779,47.231200
488|4.164759,-1.104812,-1.811617,1.017113,47.933501
489|4.173051,-1.085859,-1.814210,1.028485,48.643212
490|4.181389,-1.066844,-1.816642,1.039894,49.360387
491|4.189772,-1.047768,-1.818910,1.051339,50.085077
492|4.198203,-1.028632,-1.821014,1.062821,50.817336
493|4.206680,-1.009439,-1.822952,1.074337,51.557216
494|4.215205,-0.990189,-1.824723,1.085887,52.304768
495|4.223778,-0.970884,-1.826327,1.097469,53.060043
496|4.232400,-0.951526,-1.827762,1.109084,53.823092
497|4.241072,-0.932116,-1.829027,1.120730,54.593964
498|4.249793,-0.912656,-1.830120,1.132406,55.372710
499|4.258564,-0.893147,-1.831041,1.144112,56.159376
500|4.267387,-0.873591,-1.831789,1.155845,56.954011
501|4.276261,-0.853990,-1.832362,1.167606,57.756661
502|4.285187,-0.834344,-1.832760,1.179393,58.567372
503|4.294165,-0.814657,-1.832981,1.191206,59.386188
504|4.303197,-0.794930,-1.833024,1.203042,60.213153
505|4.312282,-0.775164,-1.832889,1.214901,61.048309
506|4.321422,-0.755362,-1.832574,1.226783,61.891698
507|4.330616,-0.735524,-1.832078,1.238685,62.743358
508|4.339866,-0.715654,-1.831399,1.250608,63.603328
509|4.349172,-0.695752,-1.830538,1.262549,64.471644
510|4.358534,-0.675821,-1.829494,1.274507,65.348342
511|4.367953,-0.655863,-1.828264,1.286482,66.233456
512|4.377431,-0.635879,-1.826848,1.298473,67.127015
513|4.386966,-0.615872,-1.825246,1.310477,68.029050
514|4.396560,-0.595843,-1.823455,1.322494,68.939589
515|4.406214,-0.575796,-1.821476,1.334523,69.858657
516|4.415928,-0.555730,-1.819307,1.346562,70.786276
517|4.425703,-0.535650,-1.816948,1.358610,71.722468
518|4.435538,-0.515556,-1.814397,1.370666,72.667251
519|4.445436,-0.495452,-1.811654,1.382729,73.620641
520|4.455396,-0.475339,-1.808718,1.394797,74.582650
521|4.465419,-0.455219,-1.805587,1.406868,75.553289
522|4.475505,-0.435095,-1.802262,1.418943,76.532564
523|4.485656,-0.414969,-1.798742,1.431018,77.520479
524|4.495872,-0.394843,-1.795024,1.443094,78.517036
525|4.506152,-0.374720,-1.791110,1.455168,79.522230
526|4.516499,-0.354602,-1.786998,1.467239,80.536057
527|4.526912,-0.334491,-1.782687,1.479305,81.558505
528|4.537393,-0.314390,-1.778177,1.491366,82.589561
529|4.547941,-0.294301,-1.773467,1.503419,83.629206
530|4.558557,-0.274227,-1.768557,1.515464,84.677419
531|4.569242,-0.254170,-1.763445,1.527498,85.734173
532|4.579997,-0.234132,-1.758132,1.539521,86.799436
533|4.590821,-0.214117,-1.752616,1.551530,87.873173
534|4.601717,-0.194126,-1.746897,1.563524,88.955343
535|4.612683,-0.174163,-1.740976,1.575502,90.045900
536|4.623721,-0.154230,-1.734850,1.587462,91.144793
537|4.634831,-0.134330,-1.728520,1.599402,92.251966
538|4.646014,-0.114465,-1.721986,1.611321,93.367356
539|4.657270,-0.094638,-1.715247,1.623217,94.490896
540|4.668600,-0.074852,-1.708302,1.635089,95.622512
541|4.680005,-0.055110,-1.701152,1.646934,96.762123
542|4.691484,-0.035414,-1.693795,1.658752,97.909643
543|4.703039,-0.015767,-1.686233,1.670540,99.064980
544|4.714669,0.003827,-1.678465,1.674642,99.771968
545|4.726376,0.023367,-1.670490,1.647286,98.601306
546|4.738160,0.042849,-1.662308,1.620011,97.423149
547|4.750022,0.062271,-1.653920,1.592821,96.237618
548|4.761961,0.081629,-1.645325,1.565720,95.044843
549|4.773978,0.100920,-1.636523,1.538712,93.844959
550|4.786075,0.120142,-1.627515,1.511801,92.638111
551|4.798250,0.139291,-1.618300,1.484992,91.424453
552|4.810505,0.158365,-1.608879,1.458289,90.204146
553|4.822840,0.177360,-1.599251,1.431695,88.977359
554|4.835255,0.196274,-1.589417,1.405216,87.744272
555|4.847751,0.215104,-1.579378,1.378855,86.505072
556|4.860328,0.233845,-1.569133,1.352617,85.259955
557|4.872987,0.252496,-1.558683,1.326505,84.009127
558|4.885728,0.271053,-1.548028,1.300525,82.752805
559|4.898550,0.289513,-1.537168,1.274681,81.491213
560|4.911455,0.307874,-1.526105,1.248977,80.224586
561|4.924443,0.326131,-1.514839,1.223417,78.953169
562|4.937514,0.344281,-1.503370,1.198006,77.677218
563|4.950667,0.362323,-1.491699,1.172748,76.396997
564|4.963905,0.380252,-1.479826,1.147648,75.112783
565|4.977225,0.398065,-1.467753,1.122709,73.824861
566|4.990630,0.415759,-1.455480,1.097937,72.533530
567|5.004118,0.433331,-1.443008,1.073336,71.239096
568|5.017691,0.450778,-1.430337,1.048910,69.941879
569|5.031348,0.468097,-1.417470,1.024664,68.642207
570|5.045089,0.485284,-1.404406,1.000602,67.340422
571|5.058914,0.502337,-1.391148,0.976728,66.036875
572|5.072823,0.519252,-1.377695,0.953048,64.731928
573|5.086817,0.536025,-1.364049,0.929564,63.425956
574|5.100895,0.552655,-1.350212,0.906283,62.119344
575|5.115058,0.569138,-1.336184,0.883207,60.812487
576|5.129304,0.585470,-1.321967,0.860342,59.505792
577|5.143635,0.601649,-1.307562,0.837692,58.199679
578|5.158050,0.617671,-1.292971,0.815260,56.894576
579|5.172548,0.633534,-1.278195,0.793053,55.590923
580|5.187130,0.649234,-1.263236,0.771073,54.289171
581|5.201796,0.664768,-1.248095,0.749325,52.989782
582|5.216544,0.680134,-1.232774,0.727813,51.693227
583|5.231375,0.695327,-1.217274,0.706542,50.399990
584|5.246289,0.710346,-1.201598,0.685515,49.110562
585|5.261285,0.725187,-1.185747,0.664738,47.825446
586|5.276362,0.739848,-1.169722,0.644213,46.545154
587|5.291521,0.754324,-1.153527,0.623946,45.270209
588|5.306761,0.768615,-1.137162,0.603939,44.001140
589|5.322081,0.782716,-1.120629,0.584198,42.738487
590|5.337481,0.796624,-1.103932,0.564726,41.482799
591|5.352960,0.810338,-1.087071,0.545527,40.234631
592|5.368518,0.823853,-1.070049,0.526605,38.994549
593|5.384154,0.837169,-1.052868,0.507964,37.763122
594|5.399868,0.850280,-1.035530,0.489607,36.540929
595|5.415658,0.863186,-1.018038,0.471539,35.328555
596|5.431524,0.875884,-1.000394,0.453763,34.126590
597|5.447465,0.888370,-0.982600,0.436283,32.935631
598|5.463481,0.900642,-0.964659,0.419101,31.756278
599|5.479570,0.912698,-0.946572,0.402223,30.589136
600|5.495732,0.924535,-0.928344,0.385651,29.434815
601|5.511965,0.936151,-0.909975,0.369388,28.293926
602|5.528269,0.947544,-0.891469,0.353439,27.167083
603|5.544643,0.958710,-0.872828,0.337806,26.054904
604|5.561086,0.969648,-0.854055,0.322493,24.958006
605|5.577597,0.980356,-0.835153,0.307502,23.877007
606|5.594174,0.990831,-0.816123,0.292837,22.812524
607|5.610816,1.001071,-0.796970,0.278501,21.765175
608|5.627523,1.011074,-0.777695,0.264497,20.735575
609|5.644293,1.020838,-0.758302,0.250827,19.724337
610|5.661124,1.030360,-0.738794,0.237496,18.732069
611|5.678017,1.039640,-0.719172,0.224504,17.759378
612|5.694968,1.048675,-0.699441,0.211856,16.806865
613|5.711978,1.057462,-0.679603,0.199553,15.875124
614|5.729044,1.066001,-0.659661,0.187598,14.964745
615|5.746165,1.074290,-0.639618,0.175994,14.076309
616|5.763340,1.082327,-0.619476,0.164743,13.210390
617|5.780567,1.090109,-0.599240,0.153847,12.367553
618|5.797845,1.097637,-0.578912,0.143309,11.548352
619|5.815173,1.104907,-0.558495,0.133130,10.753334
620|5.832548,1.111919,-0.537992,0.123314,9.983031
621|5.849969,1.118671,-0.517407,0.113861,9.237966
622|5.867435,1.125162,-0.496742,0.104774,8.518646
623|5.884944,1.131390,-0.476001,0.096054,7.825568
624|5.902494,1.137354,-0.455186,0.087705,7.159211
625|5.920083,1.143053,-0.434301,0.079726,6.520043
626|5.937711,1.148486,-0.413350,0.072120,5.908512
627|5.955375,1.153652,-0.392335,0.064888,5.325053
628|5.973073,1.158549,-0.371259,0.058032,4.770080
629|5.990803,1.163176,-0.350126,0.051553,4.243994
630|6.008565,1.167534,-0.328939,0.045453,3.747173
631|6.026356,1.171620,-0.307702,0.039732,3.279977
632|6.044174,1.175434,-0.286417,0.034392,2.842748
633|6.062018,1.178975,-0.265088,0.029435,2.435806
634|6.079885,1.182243,-0.243718,0.024860,2.059450
635|6.097773,1.185237,-0.222310,0.020669,1.713959
636|6.115682,1.187955,-0.200868,0.016862,1.399589
637|6.133609,1.190399,-0.179396,0.013442,1.116573
638|6.151551,1.192566,-0.157895,0.010407,0.865123
639|6.169508,1.194458,-0.136370,0.007759,0.645427
640|6.187477,1.196072,-0.114824,0.005499,0.457650
641|6.205457,1.197410,-0.093261,0.003626,0.301933
642|6.223445,1.198470,-0.071683,0.002142,0.178394
643|6.241439,1.199253,-0.050094,0.001046,0.087125
644|6.259438,1.199758,-0.028497,0.000338,0.028196
645|6.277439,1.199986,-0.006896,0.000020,0.001651
646|0.012256,1.199936,0.014707,0.000090,0.007510
  1|0.000000,1.200000,0.000000,0.000000,0.000000
  2|0.018002,1.199861,0.021602,0.000194,0.016202
  3|0.036000,1.199445,0.043198,0.000778,0.064792
  4|0.053991,1.198750,0.064785,0.001749,0.145717
  5|0.071973,1.197779,0.086357,0.003109,0.258892
  6|0.089941,1.196531,0.107908,0.004856,0.404196
  7|0.107893,1.195008,0.129435,0.006989,0.581476
  8|0.125824,1.193209,0.150932,0.009508,0.790546
  9|0.143733,1.191135,0.172394,0.012411,1.031184
 10|0.161616,1.188788,0.193817,0.015696,1.303141
 11|0.179469,1.186170,0.215196,0.019362,1.606132
 12|0.197289,1.183280,0.236525,0.023408,1.939844
 13|0.215074,1.180121,0.257800,0.027830,2.303934
 14|0.232820,1.176694,0.279017,0.032628,2.698031
 15|0.250524,1.173001,0.300171,0.037798,3.121733
 16|0.268183,1.169044,0.321257,0.043338,3.574617
 17|0.285795,1.164825,0.342271,0.049245,4.056229
 18|0.303357,1.160345,0.363209,0.055517,4.566094
 19|0.320865,1.155607,0.384066,0.062151,5.103714
 20|0.338318,1.150612,0.404838,0.069143,5.668568
 21|0.355712,1.145365,0.425520,0.076489,6.260116
 22|0.373045,1.139866,0.446109,0.084188,6.877797
 23|0.390314,1.134118,0.466601,0.092234,7.521035
 24|0.407517,1.128125,0.486992,0.100625,8.189235
 25|0.424652,1.121888,0.507278,0.109357,8.881791
 26|0.441716,1.115411,0.527455,0.118425,9.598078
 27|0.458708,1.108696,0.547519,0.127825,10.337465
 28|0.475625,1.101747,0.567468,0.137554,11.099306
 29|0.492464,1.094567,0.587298,0.147607,11.882947
 30|0.509225,1.087157,0.607005,0.157980,12.687727
 31|0.525905,1.079523,0.626586,0.168668,13.512978
 32|0.542502,1.071667,0.646039,0.179667,14.358025
 33|0.559015,1.063591,0.665359,0.190972,15.222192
 34|0.575442,1.055301,0.684545,0.202579,16.104798
 35|0.591781,1.046798,0.703593,0.214483,17.005162
 36|0.608032,1.038087,0.722501,0.226679,17.922600
 37|0.624192,1.029170,0.741266,0.239162,18.856433
 38|0.640260,1.020051,0.759886,0.251928,19.805979
 39|0.656236,1.010735,0.778358,0.264971,20.770564
 40|0.672118,1.001223,0.796680,0.278287,21.749514
 41|0.687904,0.991521,0.814850,0.291871,22.742161
 42|0.703595,0.981630,0.832866,0.305717,23.747843
 43|0.719188,0.971556,0.850726,0.319821,24.765905
 44|0.734683,0.961301,0.868428,0.334178,25.795697
 45|0.750080,0.950870,0.885969,0.348782,26.836581
 46|0.765378,0.940265,0.903350,0.363629,27.887924
 47|0.780575,0.929491,0.920568,0.378713,28.949104
 48|0.795672,0.918550,0.937621,0.394030,30.019510
 49|0.810668,0.907447,0.954508,0.409574,31.098539
 50|0.825562,0.896185,0.971228,0.425341,32.185601
 51|0.840354,0.884768,0.987780,0.441325,33.280116
 52|0.855045,0.873199,1.004162,0.457522,34.381517
 53|0.869632,0.861481,1.020374,0.473926,35.489249
 54|0.884117,0.849619,1.036414,0.490533,36.602768
 55|0.898500,0.837616,1.052283,0.507337,37.721544
 56|0.912779,0.825475,1.067978,0.524334,38.845061
 57|0.926955,0.813200,1.083500,0.541520,39.972812
 58|0.941029,0.800794,1.098847,0.558888,41.104308
 59|0.954999,0.788261,1.114019,0.576435,42.239070
 60|0.968867,0.775603,1.129016,0.594155,43.376635
 61|0.982632,0.762825,1.143838,0.612045,44.516550
 62|0.996295,0.749930,1.158483,0.630098,45.658379
 63|1.009856,0.736920,1.172952,0.648312,46.801697
 64|1.023314,0.723799,1.187245,0.666681,47.946093
 65|1.036671,0.710571,1.201361,0.685201,49.091170
 66|1.049927,0.697238,1.215300,0.703867,50.236544
 67|1.063082,0.683804,1.229062,0.722675,51.381844
 68|1.076136,0.670271,1.242648,0.741620,52.526711
 69|1.089090,0.656643,1.256057,0.760699,53.670799
 70|1.101945,0.642923,1.269290,0.779907,54.813777
 71|1.114700,0.629114,1.282346,0.799240,55.955324
 72|1.127357,0.615218,1.295227,0.818694,57.095132
 73|1.139916,0.601239,1.307931,0.838265,58.232905
 74|1.152377,0.587179,1.320461,0.857949,59.368360
 75|1.164742,0.573042,1.332815,0.877742,60.501223
 76|1.177010,0.558829,1.344995,0.897639,61.631234
 77|1.189183,0.544544,1.357000,0.917639,62.758144
 78|1.201260,0.530189,1.368832,0.937735,63.881712
 79|1.213244,0.515767,1.380491,0.957926,65.001713
 80|1.225133,0.501281,1.391977,0.978207,66.117926
 81|1.236930,0.486733,1.403292,0.998574,67.230146
 82|1.248634,0.472125,1.414435,1.019025,68.338174
 83|1.260247,0.457461,1.425407,1.039555,69.441823
 84|1.271769,0.442742,1.436210,1.060162,70.540913
 85|1.283201,0.427970,1.446843,1.080842,71.635276
 86|1.294543,0.413149,1.457308,1.101591,72.724751
 87|1.305797,0.398281,1.467605,1.122407,73.809186
 88|1.316964,0.383367,1.477735,1.143287,74.888437
 89|1.328043,0.368409,1.487699,1.164227,75.962369
 90|1.339036,0.353411,1.497498,1.185224,77.030855
 91|1.349943,0.338375,1.507132,1.206276,78.093773
 92|1.360766,0.323301,1.516603,1.227379,79.151012
 93|1.371504,0.308193,1.525911,1.248530,80.202465
 94|1.382160,0.293052,1.535057,1.269727,81.248035
 95|1.392733,0.277880,1.544042,1.290968,82.287628
 96|1.403225,0.262680,1.552868,1.312248,83.321160
 97|1.413636,0.247452,1.561534,1.333567,84.348550
 98|1.423967,0.232200,1.570042,1.354920,85.369725
 99|1.434218,0.216924,1.578394,1.376306,86.384617
100|1.444392,0.201627,1.586589,1.397722,87.393164
101|1.454487,0.186311,1.594629,1.419165,88.395308
102|1.464506,0.170976,1.602515,1.440634,89.390998
103|1.474449,0.155625,1.610247,1.462126,90.380186
104|1.484317,0.140259,1.617828,1.483638,91.362830
105|1.494110,0.124880,1.625257,1.505168,92.338892
106|1.503830,0.109489,1.632537,1.526715,93.308339
107|1.513476,0.094089,1.639667,1.548276,94.271140
108|1.523051,0.078680,1.646649,1.569848,95.227272
109|1.532554,0.063264,1.653485,1.591431,96.176712
110|1.541987,0.047842,1.660174,1.613021,97.119442
111|1.551350,0.032416,1.666718,1.634617,98.055448
112|1.560643,0.016988,1.673119,1.656217,98.984718
113|1.569869,0.001558,1.679376,1.677819,99.907245
114|1.579027,-0.013872,1.685492,1.671677,99.176976
115|1.588118,-0.029301,1.691467,1.662419,98.267947
116|1.597143,-0.044728,1.697302,1.653163,97.365668
117|1.606102,-0.060151,1.702998,1.643909,96.470134
118|1.614997,-0.075569,1.708557,1.634659,95.581340
119|1.623828,-0.090981,1.713979,1.625411,94.699278
120|1.632596,-0.106386,1.719266,1.616168,93.823937
121|1.641302,-0.121783,1.724418,1.606930,92.955304
122|1.649945,-0.137170,1.729437,1.597698,92.093365
123|1.658528,-0.152546,1.734323,1.588472,91.238102
124|1.667050,-0.167911,1.739077,1.579253,90.389496
125|1.675512,-0.183264,1.743701,1.570042,89.547529
126|1.683916,-0.198603,1.748196,1.560838,88.712176
127|1.692261,-0.213927,1.752563,1.551644,87.883416
128|1.700548,-0.229236,1.756801,1.542459,87.061222
129|1.708778,-0.244528,1.760914,1.533283,86.245569
130|1.716952,-0.259803,1.764901,1.524118,85.436427
131|1.725070,-0.275059,1.768764,1.514965,84.633770
132|1.733133,-0.290296,1.772504,1.505822,83.837565
133|1.741141,-0.305514,1.776121,1.496692,83.047782
134|1.749096,-0.320710,1.779617,1.487574,82.264389
135|1.756997,-0.335885,1.782992,1.478469,81.487352
136|1.764845,-0.351037,1.786248,1.469378,80.716638
137|1.772642,-0.366166,1.789386,1.460300,79.952210
138|1.780387,-0.381271,1.792406,1.451237,79.194034
139|1.788081,-0.396351,1.795310,1.442189,78.442072
140|1.795725,-0.411406,1.798098,1.433156,77.696288
141|1.803320,-0.426434,1.800771,1.424139,76.956644
142|1.810865,-0.441436,1.803331,1.415139,76.223101
143|1.818361,-0.456410,1.805778,1.406154,75.495621
144|1.825810,-0.471355,1.808113,1.397187,74.774165
145|1.833211,-0.486272,1.810338,1.388237,74.058691
146|1.840565,-0.501159,1.812452,1.379304,73.349161
147|1.847873,-0.516016,1.814458,1.370390,72.645534
148|1.855135,-0.530843,1.816355,1.361494,71.947769
149|1.862351,-0.545638,1.818145,1.352617,71.255824
150|1.869523,-0.560401,1.819829,1.343759,70.569659
151|1.876650,-0.575132,1.821407,1.334921,69.889232
152|1.883734,-0.589829,1.822881,1.326103,69.214500
153|1.890774,-0.604493,1.824251,1.317304,68.545423
154|1.897772,-0.619123,1.825519,1.308526,67.881957
155|1.904727,-0.633719,1.826684,1.299769,67.224062
156|1.911641,-0.648279,1.827748,1.291033,66.571694
157|1.918513,-0.662804,1.828712,1.282318,65.924811
158|1.925344,-0.677293,1.829577,1.273624,65.283371
159|1.932135,-0.691745,1.830343,1.264953,64.647332
160|1.938886,-0.706160,1.831011,1.256304,64.016652
161|1.945597,-0.720538,1.831583,1.247677,63.391287
162|1.952269,-0.734879,1.832058,1.239073,62.771196
163|1.958903,-0.749180,1.832438,1.230492,62.156336
164|1.965499,-0.763444,1.832724,1.221934,61.546667
165|1.972056,-0.777668,1.832916,1.213399,60.942144
166|1.978577,-0.791853,1.833015,1.204888,60.342728
167|1.985060,-0.805998,1.833022,1.196401,59.748375
168|1.991507,-0.820103,1.832938,1.187938,59.159045
169|1.997918,-0.834168,1.832763,1.179499,58.574696
170|2.004294,-0.848191,1.832498,1.171085,57.995286
171|2.010634,-0.862174,1.832144,1.162696,57.420775
172|2.016939,-0.876115,1.831702,1.154331,56.851122
173|2.023209,-0.890014,1.831173,1.145992,56.286286
174|2.029446,-0.903870,1.830557,1.137678,55.726226
175|2.035649,-0.917685,1.829854,1.129389,55.170902
176|2.041818,-0.931456,1.829066,1.121126,54.620275
177|2.047955,-0.945185,1.828194,1.112889,54.074304
178|2.054059,-0.958870,1.827238,1.104678,53.532950
179|2.060130,-0.972511,1.826199,1.096493,52.996174
180|2.066170,-0.986109,1.825077,1.088335,52.463936
181|2.072178,-0.999662,1.823873,1.080203,51.936197
182|2.078156,-1.013171,1.822588,1.072097,51.412920
183|2.084102,-1.026635,1.821223,1.064019,50.894066
184|2.090017,-1.040054,1.819779,1.055967,50.379596
185|2.095903,-1.053429,1.818255,1.047943,49.869473
186|2.101759,-1.066757,1.816652,1.039946,49.363660
187|2.107585,-1.080040,1.814972,1.031976,48.862120
188|2.113382,-1.093277,1.813215,1.024034,48.364815
189|2.119150,-1.106469,1.811382,1.016119,47.871709
190|2.124889,-1.119613,1.809473,1.008232,47.382766
191|2.130601,-1.132712,1.807488,1.000373,46.897949
192|2.136284,-1.145763,1.805430,0.992542,46.417223
193|2.141940,-1.158768,1.803297,0.984739,45.940554
194|2.147568,-1.171726,1.801091,0.976964,45.467904
195|2.153170,-1.184636,1.798812,0.969218,44.999240
196|2.158744,-1.197499,1.796462,0.961500,44.534528
197|2.164292,-1.210315,1.794040,0.953811,44.073732
198|2.169814,-1.223083,1.791547,0.946150,43.616820
199|2.175311,-1.235802,1.788984,0.938519,43.163757
200|2.180781,-1.248474,1.786352,0.930916,42.714511
201|2.186226,-1.261097,1.783650,0.923342,42.269047
202|2.191646,-1.273672,1.780880,0.915797,41.827335
203|2.197041,-1.286199,1.778042,0.908281,41.389340
204|2.202412,-1.298677,1.775137,0.900794,40.955032
205|2.207759,-1.311106,1.772165,0.893337,40.524378
206|2.213081,-1.323486,1.769127,0.885909,40.097347
207|2.218380,-1.335817,1.766023,0.878510,39.673908
208|2.223655,-1.348099,1.762854,0.871141,39.254029
209|2.228907,-1.360331,1.759621,0.863801,38.837682
210|2.234136,-1.372514,1.756323,0.856492,38.424834
211|2.239342,-1.384647,1.752963,0.849212,38.015456
212|2.244526,-1.396731,1.749539,0.841961,37.609519
213|2.249687,-1.408765,1.746053,0.834741,37.206993
214|2.254826,-1.420749,1.742505,0.827551,36.807849
215|2.259944,-1.432683,1.738896,0.820390,36.412059
216|2.265040,-1.444567,1.735226,0.813260,36.019593
217|2.270114,-1.456400,1.731495,0.806160,35.630424
218|2.275167,-1.468184,1.727705,0.799090,35.244523
219|2.280200,-1.479917,1.723856,0.792050,34.861864
220|2.285212,-1.491599,1.719948,0.785040,34.482418
221|2.290203,-1.503231,1.715981,0.778061,34.106159
222|2.295174,-1.514813,1.711957,0.771112,33.733060
223|2.300125,-1.526343,1.707875,0.764194,33.363094
224|2.305056,-1.537823,1.703737,0.757306,32.996236
225|2.309967,-1.549252,1.699542,0.750449,32.632459
226|2.314859,-1.560630,1.695291,0.743622,32.271737
227|2.319732,-1.571957,1.690985,0.736826,31.914046
228|2.324586,-1.583233,1.686624,0.730060,31.559360
229|2.329420,-1.594457,1.682208,0.723326,31.207654
230|2.334237,-1.605631,1.677738,0.716622,30.858903
231|2.339034,-1.616753,1.673215,0.709948,30.513084
232|2.343814,-1.627824,1.668639,0.703306,30.170172
233|2.348575,-1.638843,1.664009,0.696694,29.830144
234|2.353319,-1.649811,1.659328,0.690113,29.492975
235|2.358044,-1.660728,1.654595,0.683563,29.158643
236|2.362752,-1.671592,1.649810,0.677045,28.827125
237|2.367443,-1.682406,1.644975,0.670557,28.498397
238|2.372117,-1.693167,1.640089,0.664100,28.172437
239|2.376774,-1.703877,1.635153,0.657674,27.849224
240|2.381414,-1.714536,1.630167,0.651279,27.528734
241|2.386037,-1.725142,1.625132,0.644915,27.210946
242|2.390644,-1.735696,1.620048,0.638582,26.895838
243|2.395234,-1.746199,1.614916,0.632281,26.583390
244|2.399808,-1.756650,1.609736,0.626010,26.273579
245|2.404367,-1.767049,1.604508,0.619771,25.966386
246|2.408909,-1.777396,1.599233,0.613563,25.661789
247|2.413436,-1.787690,1.593911,0.607386,25.359768
248|2.417947,-1.797933,1.588543,0.601240,25.060303
249|2.422443,-1.808124,1.583129,0.595126,24.763374
250|2.426924,-1.818262,1.577669,0.589043,24.468960
251|2.431390,-1.828349,1.572164,0.582991,24.177044
252|2.435841,-1.838383,1.566614,0.576970,23.887605
253|2.440277,-1.848365,1.561019,0.570981,23.600623
254|2.444698,-1.858295,1.555381,0.565023,23.316082
255|2.449105,-1.868173,1.549699,0.559096,23.033960
256|2.453498,-1.877998,1.543973,0.553201,22.754241
257|2.457877,-1.887772,1.538204,0.547337,22.476906
258|2.462242,-1.897492,1.532393,0.541505,22.201937
259|2.466592,-1.907161,1.526540,0.535703,21.929316
260|2.470930,-1.916777,1.520644,0.529934,21.659025
261|2.475253,-1.926341,1.514708,0.524195,21.391048
262|2.479563,-1.935852,1.508730,0.518489,21.125365
263|2.483860,-1.945312,1.502711,0.512813,20.861962
264|2.488144,-1.954718,1.496651,0.507169,20.600820
265|2.492414,-1.964073,1.490552,0.501556,20.341924
266|2.496672,-1.973375,1.484413,0.495975,20.085256
267|2.500917,-1.982624,1.478234,0.490426,19.830800
268|2.505149,-1.991821,1.472016,0.484907,19.578540
269|2.509369,-2.000966,1.465760,0.479421,19.328461
270|2.513576,-2.010058,1.459465,0.473965,19.080546
271|2.517771,-2.019098,1.453132,0.468541,18.834781
272|2.521954,-2.028085,1.446761,0.463149,18.591149
273|2.526125,-2.037020,1.440353,0.457788,18.349635
274|2.530284,-2.045902,1.433908,0.452459,18.110224
275|2.534431,-2.054732,1.427426,0.447161,17.872902
276|2.538567,-2.063509,1.420907,0.441894,17.637654
277|2.542691,-2.072234,1.414353,0.436660,17.404465
278|2.546804,-2.080907,1.407762,0.431456,17.173320
279|2.550905,-2.089526,1.401136,0.426284,16.944207
280|2.554995,-2.098094,1.394475,0.421144,16.717110
281|2.559074,-2.106609,1.387779,0.416035,16.492015
282|2.563142,-2.115071,1.381048,0.410957,16.268910
283|2.567200,-2.123481,1.374283,0.405911,16.047780
284|2.571246,-2.131839,1.367484,0.400897,15.828612
285|2.575282,-2.140144,1.360652,0.395914,15.611393
286|2.579307,-2.148396,1.353786,0.390962,15.396109
287|2.583322,-2.156596,1.346887,0.386042,15.182749
288|2.587327,-2.164744,1.339955,0.381154,14.971298
289|2.591321,-2.172839,1.332991,0.376297,14.761744
290|2.595305,-2.180881,1.325994,0.371471,14.554076
291|2.599280,-2.188871,1.318966,0.366677,14.348280
292|2.603244,-2.196809,1.311906,0.361915,14.144344
293|2.607199,-2.204694,1.304815,0.357184,13.942256
294|2.611144,-2.212527,1.297692,0.352484,13.742004
295|2.615079,-2.220307,1.290539,0.347816,13.543577
296|2.619005,-2.228035,1.283356,0.343179,13.346963
297|2.622921,-2.235710,1.276142,0.338574,13.152150
298|2.626828,-2.243334,1.268898,0.334000,12.959127
299|2.630726,-2.250904,1.261625,0.329458,12.767882
300|2.634615,-2.258422,1.254322,0.324947,12.578405
301|2.638495,-2.265888,1.246990,0.320467,12.390685
302|2.642366,-2.273302,1.239630,0.316019,12.204710
303|2.646228,-2.280663,1.232240,0.311602,12.020471
304|2.650081,-2.287971,1.224823,0.307217,11.837955
305|2.653926,-2.295228,1.217377,0.302863,11.657154
306|2.657762,-2.302432,1.209904,0.298541,11.478056
307|2.661590,-2.309583,1.202403,0.294250,11.300652
308|2.665409,-2.316682,1.194875,0.289991,11.124930
309|2.669220,-2.323729,1.187320,0.285762,10.950882
310|2.673023,-2.330724,1.179738,0.281566,10.778498
311|2.676817,-2.337666,1.172130,0.277400,10.607767
312|2.680604,-2.344556,1.164496,0.273266,10.438680
313|2.684383,-2.351394,1.156835,0.269163,10.271227
314|2.688154,-2.358180,1.149149,0.265092,10.105400
315|2.691917,-2.364913,1.141437,0.261052,9.941188
316|2.695672,-2.371594,1.133701,0.257044,9.778584
317|2.699420,-2.378223,1.125939,0.253066,9.617576
318|2.703161,-2.384800,1.118152,0.249120,9.458158
319|2.706894,-2.391324,1.110341,0.245206,9.300319
320|2.710619,-2.397796,1.102506,0.241322,9.144051
321|2.714337,-2.404216,1.094647,0.237470,8.989345
322|2.718049,-2.410584,1.086764,0.233650,8.836194
323|2.721753,-2.416900,1.078858,0.229860,8.684588
324|2.725449,-2.423163,1.070928,0.226102,8.534519
325|2.729139,-2.429375,1.062975,0.222375,8.385979
326|2.732823,-2.435534,1.055000,0.218680,8.238960
327|2.736499,-2.441641,1.047001,0.215015,8.093454
328|2.740169,-2.447696,1.038981,0.211382,7.949453
329|2.743831,-2.453699,1.030938,0.207780,7.806949
330|2.747488,-2.459650,1.022874,0.204210,7.665934
331|2.751138,-2.465549,1.014788,0.200670,7.526401
332|2.754781,-2.471396,1.006680,0.197162,7.388343
333|2.758418,-2.477191,0.998551,0.193685,7.251751
334|2.762049,-2.482934,0.990402,0.190240,7.116619
335|2.765674,-2.488625,0.982231,0.186825,6.982939
336|2.769292,-2.494264,0.974040,0.183442,6.850705
337|2.772904,-2.499851,0.965829,0.180090,6.719908
338|2.776511,-2.505386,0.957598,0.176769,6.590543
339|2.780111,-2.510869,0.949347,0.173479,6.462602
340|2.783706,-2.516300,0.941076,0.170220,6.336078
341|2.787295,-2.521679,0.932786,0.166992,6.210966
342|2.790878,-2.527007,0.924476,0.163796,6.087257
343|2.794456,-2.532282,0.916148,0.160631,5.964947
344|2.798027,-2.537506,0.907801,0.157497,5.844027
345|2.801594,-2.542677,0.899435,0.154394,5.724493
346|2.805155,-2.547797,0.891051,0.151322,5.606337
347|2.808710,-2.552865,0.882649,0.148281,5.489554
348|2.812261,-2.557881,0.874229,0.145271,5.374137
349|2.815806,-2.562846,0.865791,0.142292,5.260081
350|2.819346,-2.567759,0.857336,0.139345,5.147379
351|2.822880,-2.572619,0.848863,0.136428,5.036026
352|2.826410,-2.577429,0.840374,0.133543,4.926015
353|2.829935,-2.582186,0.831867,0.130688,4.817342
354|2.833455,-2.586892,0.823344,0.127865,4.710001
355|2.836970,-2.591546,0.814804,0.125073,4.603985
356|2.840480,-2.596148,0.806249,0.122311,4.499290
357|2.843986,-2.600698,0.797677,0.119581,4.395911
358|2.847486,-2.605197,0.789089,0.116882,4.293841
359|2.850983,-2.609644,0.780485,0.114213,4.193076
360|2.854474,-2.614040,0.771867,0.111576,4.093611
361|2.857961,-2.618384,0.763232,0.108970,3.995440
362|2.861444,-2.622676,0.754583,0.106394,3.898558
363|2.864923,-2.626917,0.745919,0.103850,3.802962
364|2.868397,-2.631106,0.737241,0.101337,3.708645
365|2.871867,-2.635243,0.728547,0.098854,3.615603
366|2.875333,-2.639329,0.719840,0.096403,3.523831
367|2.878794,-2.643363,0.711119,0.093982,3.433325
368|2.882252,-2.647346,0.702383,0.091592,3.344080
369|2.885705,-2.651277,0.693634,0.089234,3.256091
370|2.889155,-2.655157,0.684872,0.086906,3.169355
371|2.892601,-2.658985,0.676096,0.084609,3.083867
372|2.896043,-2.662762,0.667307,0.082343,2.999622
373|2.899481,-2.666487,0.658505,0.080108,2.916616
374|2.902915,-2.670161,0.649691,0.077903,2.834846
375|2.906346,-2.673783,0.640864,0.075730,2.754307
376|2.909773,-2.677354,0.632024,0.073588,2.674995
377|2.913197,-2.680873,0.623173,0.071476,2.596906
378|2.916617,-2.684341,0.614310,0.069395,2.520036
379|2.920034,-2.687758,0.605434,0.067345,2.444382
380|2.923448,-2.691123,0.596548,0.065326,2.369939
381|2.926858,-2.694437,0.587649,0.063338,2.296704
382|2.930265,-2.697699,0.578740,0.061381,2.224674
383|2.933669,-2.700910,0.569820,0.059454,2.153845
384|2.937069,-2.704070,0.560888,0.057558,2.084213
385|2.940467,-2.707178,0.551946,0.055693,2.015775
386|2.943861,-2.710235,0.542994,0.053859,1.948528
387|2.947253,-2.713240,0.534031,0.052056,1.882467
388|2.950641,-2.716195,0.525059,0.050283,1.817591
389|2.954027,-2.719097,0.516076,0.048542,1.753896
390|2.957410,-2.721949,0.507084,0.046831,1.691378
391|2.960790,-2.724749,0.498082,0.045150,1.630036
392|2.964167,-2.727498,0.489070,0.043501,1.569864
393|2.967542,-2.730196,0.480050,0.041882,1.510862
394|2.970914,-2.732843,0.471020,0.040294,1.453025
395|2.974284,-2.735438,0.461982,0.038737,1.396352
396|2.977651,-2.737982,0.452935,0.037211,1.340839
397|2.981016,-2.740475,0.443879,0.035715,1.286483
398|2.984378,-2.742916,0.434816,0.034250,1.233282
399|2.987738,-2.745306,0.425744,0.032816,1.181234
400|2.991095,-2.747646,0.416664,0.031413,1.130336
401|2.994451,-2.749933,0.407576,0.030040,1.080585
402|2.997804,-2.752170,0.398481,0.028698,1.031979
403|3.001155,-2.754356,0.389378,0.027387,0.984516
404|3.004504,-2.756490,0.380268,0.026106,0.938193
405|3.007851,-2.758573,0.371151,0.024856,0.893008
406|3.011196,-2.760605,0.362028,0.023637,0.848959
407|3.014539,-2.762586,0.352897,0.022449,0.806044
408|3.017880,-2.764515,0.343760,0.021291,0.764261
409|3.021220,-2.766394,0.334617,0.020164,0.723607
410|3.024557,-2.768221,0.325467,0.019067,0.684082
411|3.027893,-2.769997,0.316311,0.018002,0.645682
412|3.031227,-2.771722,0.307150,0.016967,0.608406
413|3.034560,-2.773396,0.297983,0.015962,0.572253
414|3.037891,-2.775019,0.288810,0.014988,0.537220
415|3.041220,-2.776591,0.279632,0.014045,0.503306
416|3.044548,-2.778112,0.270449,0.013133,0.470509
417|3.047875,-2.779581,0.261261,0.012251,0.438828
418|3.051200,-2.781000,0.252068,0.011400,0.408261
419|3.054524,-2.782367,0.242871,0.010580,0.378807
420|3.057847,-2.783683,0.233669,0.009790,0.350464
421|3.061168,-2.784948,0.224462,0.009031,0.323231
422|3.064488,-2.786162,0.215252,0.008303,0.297107
423|3.067807,-2.787325,0.206038,0.007605,0.272090
424|3.071125,-2.788437,0.196820,0.006938,0.248180
425|3.074442,-2.789498,0.187598,0.006301,0.225374
426|3.077758,-2.790508,0.178373,0.005695,0.203673
427|3.081073,-2.791467,0.169145,0.005120,0.183074
428|3.084387,-2.792375,0.159913,0.004575,0.163578
429|3.087701,-2.793231,0.150679,0.004061,0.145182
430|3.091013,-2.794037,0.141442,0.003578,0.127887
431|3.094325,-2.794792,0.132202,0.003125,0.111691
432|3.097636,-2.795495,0.122960,0.002703,0.096594
433|3.100946,-2.796148,0.113715,0.002311,0.082594
434|3.104256,-2.796749,0.104469,0.001950,0.069692
435|3.107566,-2.797300,0.095220,0.001620,0.057886
436|3.110874,-2.797799,0.085970,0.001321,0.047177
437|3.114183,-2.798248,0.076719,0.001051,0.037563
438|3.117491,-2.798645,0.067466,0.000813,0.029044
439|3.120798,-2.798991,0.058211,0.000605,0.021619
440|3.124106,-2.799287,0.048956,0.000428,0.015289
441|3.127413,-2.799531,0.039700,0.000281,0.010053
442|3.130720,-2.799724,0.030443,0.000166,0.005911
443|3.134026,-2.799866,0.021185,0.000080,0.002862
444|3.137333,-2.799958,0.011927,0.000025,0.000907
445|3.140639,-2.799998,0.002669,0.000001,0.000045
446|3.143946,-2.799987,-0.006589,0.000008,0.000277
447|3.147252,-2.799925,-0.015847,0.000045,0.001602
448|3.150559,-2.799812,-0.025105,0.000113,0.004020
449|3.153866,-2.799649,-0.034362,0.000211,0.007531
450|3.157173,-2.799434,-0.043619,0.000340,0.012137
451|3.160480,-2.799168,-0.052875,0.000499,0.017836
452|3.163787,-2.798851,-0.062130,0.000690,0.024629
453|3.167095,-2.798483,-0.071384,0.000910,0.032517
454|3.170403,-2.798064,-0.080636,0.001162,0.041500
455|3.173712,-2.797594,-0.089887,0.001444,0.051577
456|3.177021,-2.797073,-0.099137,0.001756,0.062751
457|3.180330,-2.796501,-0.108384,0.002100,0.075021
458|3.183640,-2.795878,-0.117630,0.002473,0.088388
459|3.186951,-2.795204,-0.126873,0.002878,0.102852
460|3.190263,-2.794478,-0.136114,0.003313,0.118414
461|3.193575,-2.793702,-0.145353,0.003779,0.135076
462|3.196887,-2.792875,-0.154589,0.004275,0.152837
463|3.200201,-2.791997,-0.163822,0.004802,0.171698
464|3.203516,-2.791067,-0.173052,0.005360,0.191661
465|3.206831,-2.790087,-0.182279,0.005948,0.212727
466|3.210147,-2.789055,-0.191503,0.006567,0.234896
467|3.213465,-2.787973,-0.200723,0.007216,0.258169
468|3.216783,-2.786839,-0.209940,0.007896,0.282548
469|3.220103,-2.785655,-0.219152,0.008607,0.308033
470|3.223423,-2.784419,-0.228361,0.009349,0.334627
471|3.226745,-2.783132,-0.237565,0.010121,0.362329
472|3.230068,-2.781794,-0.246766,0.010924,0.391143
473|3.233393,-2.780405,-0.255961,0.011757,0.421068
474|3.236719,-2.778965,-0.265152,0.012621,0.452106
475|3.240046,-2.777474,-0.274338,0.013516,0.484259
476|3.243374,-2.775932,-0.283519,0.014441,0.517529
477|3.246705,-2.774338,-0.292695,0.015397,0.551917
478|3.250036,-2.772694,-0.301865,0.016384,0.587424
479|3.253369,-2.770998,-0.311030,0.017401,0.624052
480|3.256704,-2.769252,-0.320189,0.018449,0.661803
481|3.260041,-2.767454,-0.329342,0.019528,0.700680
482|3.263379,-2.765605,-0.338489,0.020637,0.740683
483|3.266719,-2.763705,-0.347629,0.021777,0.781814
484|3.270061,-2.761753,-0.356764,0.022948,0.824077
485|3.273405,-2.759751,-0.365892,0.024150,0.867471
486|3.276751,-2.757697,-0.375012,0.025382,0.912001
487|3.280099,-2.755592,-0.384126,0.026645,0.957667
488|3.283449,-2.753436,-0.393233,0.027938,1.004473
489|3.286801,-2.751229,-0.402333,0.029262,1.052420
490|3.290155,-2.748971,-0.411425,0.030617,1.101510
491|3.293511,-2.746661,-0.420509,0.032003,1.151747
492|3.296870,-2.744301,-0.429586,0.033420,1.203132
493|3.300231,-2.741889,-0.438654,0.034867,1.255667
494|3.303594,-2.739425,-0.447715,0.036345,1.309357
495|3.306960,-2.736911,-0.456767,0.037853,1.364202
496|3.310328,-2.734345,-0.465810,0.039393,1.420206
497|3.313699,-2.731728,-0.474845,0.040963,1.477372
498|3.317072,-2.729060,-0.483870,0.042564,1.535702
499|3.320448,-2.726341,-0.492887,0.044196,1.595199
500|3.323826,-2.723570,-0.501894,0.045858,1.655866
501|3.327208,-2.720748,-0.510892,0.047551,1.717706
502|3.330592,-2.717875,-0.519881,0.049275,1.780721
503|3.333979,-2.714950,-0.528859,0.051030,1.844916
504|3.337368,-2.711974,-0.537828,0.052816,1.910293
505|3.340761,-2.708947,-0.546786,0.054632,1.976856
506|3.344157,-2.705868,-0.555734,0.056479,2.044607
507|3.347556,-2.702738,-0.564671,0.058357,2.113550
508|3.350958,-2.699557,-0.573598,0.060266,2.183689
509|3.354363,-2.696324,-0.582514,0.062206,2.255026
510|3.357771,-2.693040,-0.591418,0.064176,2.327566
511|3.361182,-2.689705,-0.600312,0.066177,2.401311
512|3.364597,-2.686318,-0.609194,0.068209,2.476266
513|3.368016,-2.682879,-0.618064,0.070272,2.552435
514|3.371437,-2.679390,-0.626922,0.072366,2.629820
515|3.374863,-2.675848,-0.635769,0.074491,2.708427
516|3.378291,-2.672256,-0.644603,0.076646,2.788258
517|3.381724,-2.668612,-0.653425,0.078833,2.869318
518|3.385160,-2.664916,-0.662234,0.081050,2.951611
519|3.388600,-2.661169,-0.671030,0.083298,3.035141
520|3.392043,-2.657371,-0.679813,0.085578,3.119912
521|3.395490,-2.653521,-0.688583,0.087888,3.205928
522|3.398942,-2.649619,-0.697340,0.090228,3.293194
523|3.402397,-2.645666,-0.706084,0.092600,3.381714
524|3.405856,-2.641662,-0.714813,0.095003,3.471492
525|3.409320,-2.637605,-0.723529,0.097437,3.562533
526|3.412787,-2.633498,-0.732230,0.099901,3.654842
527|3.416259,-2.629338,-0.740917,0.102397,3.748424
528|3.419735,-2.625127,-0.749589,0.104924,3.843282
529|3.423215,-2.620865,-0.758247,0.107481,3.939422
530|3.426700,-2.616551,-0.766890,0.110070,4.036849
531|3.430189,-2.612185,-0.775518,0.112689,4.135567
532|3.433683,-2.607768,-0.784130,0.115339,4.235582
533|3.437181,-2.603299,-0.792727,0.118021,4.336899
534|3.440683,-2.598778,-0.801308,0.120733,4.439523
535|3.444191,-2.594205,-0.809873,0.123477,4.543458
536|3.447703,-2.589581,-0.818422,0.126251,4.648712
537|3.451220,-2.584905,-0.826955,0.129057,4.755288
538|3.454742,-2.580178,-0.835471,0.131893,4.863193
539|3.458269,-2.575399,-0.843970,0.134761,4.972432
540|3.461801,-2.570568,-0.852453,0.137659,5.083010
541|3.465338,-2.565685,-0.860918,0.140589,5.194933
542|3.468880,-2.560750,-0.869366,0.143550,5.308208
543|3.472427,-2.555764,-0.877796,0.146542,5.422840
544|3.475980,-2.550726,-0.886209,0.149565,5.538834
545|3.479538,-2.545636,-0.894603,0.152619,5.656198
546|3.483101,-2.540494,-0.902980,0.155704,5.774937
547|3.486670,-2.535300,-0.911337,0.158820,5.895057
548|3.490244,-2.530055,-0.919677,0.161967,6.016564
549|3.493824,-2.524757,-0.927997,0.165146,6.139466
550|3.497409,-2.519408,-0.936298,0.168355,6.263768
551|3.501001,-2.514007,-0.944580,0.171596,6.389477
552|3.504598,-2.508554,-0.952843,0.174868,6.516600
553|3.508201,-2.503049,-0.961086,0.178171,6.645144
554|3.511810,-2.497492,-0.969308,0.181505,6.775114
555|3.515425,-2.491883,-0.977511,0.184870,6.906519
556|3.519046,-2.486222,-0.985693,0.188267,7.039364
557|3.522673,-2.480509,-0.993855,0.191695,7.173658
558|3.526306,-2.474744,-1.001996,0.195154,7.309407
559|3.529946,-2.468927,-1.010116,0.198644,7.446619
560|3.533592,-2.463058,-1.018214,0.202165,7.585301
561|3.537245,-2.457137,-1.026291,0.205718,7.725460
562|3.540904,-2.451164,-1.034346,0.209302,7.867105
563|3.544570,-2.445139,-1.042380,0.212917,8.010242
564|3.548242,-2.439062,-1.050391,0.216563,8.154879
565|3.551921,-2.432932,-1.058379,0.220241,8.301025
566|3.555607,-2.426751,-1.066345,0.223949,8.448687
567|3.559300,-2.420518,-1.074288,0.227689,8.597873
568|3.563000,-2.414232,-1.082208,0.231461,8.748592
569|3.566707,-2.407894,-1.090105,0.235264,8.900851
570|3.570421,-2.401504,-1.097978,0.239097,9.054659
571|3.574143,-2.395062,-1.105827,0.242963,9.210025
572|3.577871,-2.388568,-1.113652,0.246859,9.366957
573|3.581607,-2.382021,-1.121452,0.250787,9.525464
574|3.585351,-2.375423,-1.129228,0.254746,9.685554
575|3.589102,-2.368772,-1.136980,0.258737,9.847237
576|3.592861,-2.362069,-1.144706,0.262759,10.010521
577|3.596627,-2.355313,-1.152407,0.266812,10.175416
578|3.600401,-2.348505,-1.160082,0.270897,10.341930
579|3.604184,-2.341646,-1.167731,0.275013,10.510073
580|3.607974,-2.334733,-1.175355,0.279160,10.679855
581|3.611772,-2.327769,-1.182952,0.283339,10.851285
582|3.615578,-2.320752,-1.190522,0.287549,11.024373
583|3.619393,-2.313683,-1.198066,0.291790,11.199128
584|3.623215,-2.306561,-1.205582,0.296063,11.375561
585|3.627047,-2.299388,-1.213072,0.300367,11.553681
586|3.630886,-2.292162,-1.220533,0.304703,11.733499
587|3.634735,-2.284883,-1.227967,0.309070,11.915025
588|3.638592,-2.277552,-1.235372,0.313469,12.098269
589|3.642458,-2.270169,-1.242750,0.317899,12.283242
590|3.646332,-2.262733,-1.250098,0.322360,12.469954
591|3.650216,-2.255245,-1.257418,0.326853,12.658417
592|3.654108,-2.247705,-1.264708,0.331377,12.848641
593|3.658010,-2.240112,-1.271969,0.335933,13.040637
594|3.661921,-2.232467,-1.279200,0.340520,13.234417
595|3.665842,-2.224769,-1.286401,0.345138,13.429991
596|3.669772,-2.217019,-1.293572,0.349788,13.627372
597|3.673711,-2.209217,-1.300712,0.354470,13.826570
598|3.677660,-2.201362,-1.307821,0.359183,14.027597
599|3.681619,-2.193454,-1.314899,0.363927,14.230466
600|3.685587,-2.185495,-1.321946,0.368703,14.435188
601|3.689566,-2.177482,-1.328960,0.373511,14.641776
602|3.693554,-2.169417,-1.335943,0.378350,14.850241
603|3.697553,-2.161300,-1.342894,0.383220,15.060596
604|3.701562,-2.153130,-1.349812,0.388122,15.272854
605|3.705581,-2.144908,-1.356697,0.393055,15.487028
606|3.709611,-2.136634,-1.363549,0.398020,15.703129
607|3.713651,-2.128306,-1.370367,0.403016,15.921172
608|3.717702,-2.119927,-1.377152,0.408044,16.141169
609|3.721764,-2.111494,-1.383902,0.413103,16.363133
610|3.725837,-2.103010,-1.390618,0.418194,16.587079
611|3.729921,-2.094473,-1.397300,0.423316,16.813020
612|3.734015,-2.085883,-1.403946,0.428470,17.040969
613|3.738122,-2.077241,-1.410557,0.433655,17.270941
614|3.742239,-2.068546,-1.417132,0.438872,17.502949
615|3.746368,-2.059799,-1.423672,0.444120,17.737009
616|3.750508,-2.051000,-1.430175,0.449400,17.973133
617|3.754661,-2.042148,-1.436641,0.454711,18.211338
618|3.758825,-2.033243,-1.443071,0.460054,18.451637
619|3.763001,-2.024286,-1.449463,0.465428,18.694046
620|3.767189,-2.015277,-1.455818,0.470834,18.938580
621|3.771389,-2.006215,-1.462135,0.476271,19.185253
622|3.775602,-1.997100,-1.468414,0.481740,19.434083
623|3.779827,-1.987933,-1.474654,0.487240,19.685083
624|3.784064,-1.978714,-1.480855,0.492771,19.938271
625|3.788315,-1.969442,-1.487017,0.498335,20.193661
626|3.792578,-1.960118,-1.493139,0.503929,20.451271
627|3.796854,-1.950742,-1.499222,0.509555,20.711116
628|3.801143,-1.941313,-1.505264,0.515212,20.973213
629|3.805445,-1.931832,-1.511266,0.520901,21.237579
630|3.809761,-1.922298,-1.517226,0.526621,21.504231
631|3.814090,-1.912712,-1.523146,0.532373,21.773187
632|3.818433,-1.903074,-1.529023,0.538156,22.044462
633|3.822790,-1.893383,-1.534859,0.543970,22.318075
634|3.827161,-1.883640,-1.540652,0.549816,22.594044
635|3.831545,-1.873845,-1.546402,0.555693,22.872386
636|3.835944,-1.863997,-1.552110,0.561602,23.153120
637|3.840357,-1.854097,-1.557774,0.567542,23.436264
638|3.844785,-1.844145,-1.563393,0.573513,23.721836
639|3.849227,-1.834141,-1.568969,0.579515,24.009856
640|3.853685,-1.824085,-1.574500,0.585549,24.300341
641|3.858157,-1.813976,-1.579986,0.591614,24.593313
642|3.862644,-1.803815,-1.585427,0.597711,24.888789
643|3.867146,-1.793603,-1.590822,0.603838,25.186789
644|3.871664,-1.783338,-1.596170,0.609997,25.487334
645|3.876198,-1.773021,-1.601472,0.616187,25.790443
646|3.880747,-1.762652,-1.606727,0.622409,26.096137
647|3.885312,-1.752231,-1.611935,0.628661,26.404436
648|3.889893,-1.741759,-1.617095,0.634945,26.715361
649|3.894490,-1.731234,-1.622207,0.641260,27.028933
650|3.899104,-1.720657,-1.627270,0.647606,27.345173
651|3.903734,-1.710029,-1.632284,0.653983,27.664102
652|3.908381,-1.699349,-1.637249,0.660391,27.985743
653|3.913045,-1.688617,-1.642164,0.666830,28.310116
654|3.917726,-1.677834,-1.647028,0.673300,28.637245
655|3.922424,-1.666998,-1.651842,0.679801,28.967152
656|3.927140,-1.656112,-1.656605,0.686333,29.299859
657|3.931873,-1.645173,-1.661317,0.692896,29.635389
658|3.936624,-1.634184,-1.665976,0.699490,29.973766
659|3.941393,-1.623142,-1.670583,0.706115,30.315012
660|3.946180,-1.612050,-1.675137,0.712770,30.659152
661|3.950986,-1.600906,-1.679637,0.719456,31.006209
662|3.955810,-1.589711,-1.684084,0.726174,31.356208
663|3.960653,-1.578464,-1.688477,0.732921,31.709173
664|3.965514,-1.567167,-1.692815,0.739700,32.065129
665|3.970395,-1.555818,-1.697098,0.746509,32.424100
666|3.975295,-1.544419,-1.701325,0.753349,32.786112
667|3.980215,-1.532968,-1.705496,0.760219,33.151191
668|3.985154,-1.521467,-1.709610,0.767120,33.519361
669|3.990114,-1.509915,-1.713668,0.774051,33.890651
670|3.995093,-1.498312,-1.717668,0.781013,34.265084
671|4.000093,-1.486659,-1.721610,0.788005,34.642689
672|4.005114,-1.474955,-1.725493,0.795027,35.023492
673|4.010155,-1.463201,-1.729317,0.802080,35.407521
674|4.015217,-1.451396,-1.733082,0.809162,35.794802
675|4.020301,-1.439541,-1.736787,0.816275,36.185364
676|4.025406,-1.427636,-1.740431,0.823418,36.579234
677|4.030532,-1.415681,-1.744015,0.830592,36.976441
678|4.035681,-1.403676,-1.747536,0.837795,37.377013
679|4.040852,-1.391621,-1.750996,0.845028,37.780980
680|4.046045,-1.379516,-1.754393,0.852290,38.188370
681|4.051261,-1.367362,-1.757727,0.859583,38.599213
682|4.056499,-1.355158,-1.760997,0.866905,39.013539
683|4.061761,-1.342904,-1.764204,0.874257,39.431378
684|4.067046,-1.330602,-1.767345,0.881639,39.852761
685|4.072355,-1.318250,-1.770421,0.889050,40.277717
686|4.077687,-1.305849,-1.773431,0.896491,40.706278
687|4.083044,-1.293399,-1.776375,0.903960,41.138475
688|4.088425,-1.280901,-1.779252,0.911459,41.574341
689|4.093831,-1.268354,-1.782061,0.918988,42.013906
690|4.099262,-1.255758,-1.784802,0.926545,42.457202
691|4.104717,-1.243115,-1.787475,0.934131,42.904264
692|4.110199,-1.230422,-1.790078,0.941747,43.355122
693|4.115706,-1.217682,-1.792611,0.949391,43.809811
694|4.121239,-1.204894,-1.795074,0.957063,44.268363
695|4.126798,-1.192059,-1.797466,0.964765,44.730813
696|4.132384,-1.179176,-1.799786,0.972495,45.197194
697|4.137997,-1.166245,-1.802034,0.980253,45.667541
698|4.143637,-1.153268,-1.804209,0.988039,46.141889
699|4.149304,-1.140243,-1.806310,0.995854,46.620271
700|4.154999,-1.127171,-1.808338,1.003697,47.102725
701|4.160723,-1.114053,-1.810290,1.011568,47.589284
702|4.166474,-1.100889,-1.812168,1.019467,48.079986
703|4.172254,-1.087678,-1.813969,1.027393,48.574865
704|4.178064,-1.074422,-1.815693,1.035347,49.073959
705|4.183902,-1.061119,-1.817340,1.043328,49.577304
706|4.189771,-1.047771,-1.818910,1.051337,50.084937
707|4.195669,-1.034378,-1.820400,1.059373,50.596896
708|4.201598,-1.020940,-1.821811,1.067436,51.113218
709|4.207557,-1.007457,-1.823142,1.075526,51.633940
710|4.213547,-0.993929,-1.824393,1.083643,52.159102
711|4.219569,-0.980357,-1.825562,1.091786,52.688740
712|4.225622,-0.966741,-1.826649,1.099956,53.222895
713|4.231707,-0.953081,-1.827653,1.108152,53.761605
714|4.237825,-0.939377,-1.828574,1.116374,54.304909
715|4.243975,-0.925631,-1.829410,1.124622,54.852847
716|4.250159,-0.911841,-1.830162,1.132896,55.405458
717|4.256376,-0.898008,-1.830828,1.141195,55.962782
718|4.262627,-0.884134,-1.831408,1.149520,56.524859
719|4.268912,-0.870217,-1.831900,1.157870,57.091730
720|4.275232,-0.856258,-1.832305,1.166245,57.663435
721|4.281587,-0.842259,-1.832621,1.174645,58.240015
722|4.287977,-0.828218,-1.832848,1.183069,58.821511
723|4.294403,-0.814136,-1.832984,1.191518,59.407964
724|4.300866,-0.800014,-1.833030,1.199992,59.999416
725|4.307365,-0.785852,-1.832984,1.208489,60.595908
726|4.313901,-0.771650,-1.832846,1.217010,61.197481
727|4.320475,-0.757409,-1.832615,1.225554,61.804178
728|4.327086,-0.743130,-1.832289,1.234122,62.416040
729|4.333736,-0.728811,-1.831869,1.242713,63.033109
730|4.340425,-0.714455,-1.831353,1.251327,63.655428
731|4.347153,-0.700061,-1.830740,1.259963,64.283038
732|4.353921,-0.685630,-1.830031,1.268622,64.915983
733|4.360729,-0.671162,-1.829223,1.277303,65.554303
734|4.367577,-0.656658,-1.828316,1.286005,66.198042
735|4.374467,-0.642118,-1.827310,1.294729,66.847242
736|4.381398,-0.627543,-1.826203,1.303474,67.501946
737|4.388371,-0.612933,-1.824995,1.312240,68.162194
738|4.395387,-0.598288,-1.823684,1.321027,68.828031
739|4.402445,-0.583610,-1.822270,1.329834,69.499497
740|4.409547,-0.568898,-1.820752,1.338661,70.176635
741|4.416694,-0.554154,-1.819129,1.347508,70.859487
742|4.423884,-0.539377,-1.817400,1.356374,71.548094
743|4.431120,-0.524569,-1.815565,1.365259,72.242498
744|4.438401,-0.509729,-1.813622,1.374162,72.942741
745|4.445729,-0.494860,-1.811570,1.383084,73.648862
746|4.453102,-0.479960,-1.809409,1.392024,74.360904
747|4.460524,-0.465031,-1.807138,1.400982,75.078905
748|4.467992,-0.450073,-1.804756,1.409956,75.802908
749|4.475509,-0.435087,-1.802261,1.418948,76.532950
750|4.483075,-0.420074,-1.799653,1.427955,77.269071
751|4.490690,-0.405035,-1.796931,1.436979,78.011310
752|4.498356,-0.389969,-1.794094,1.446018,78.759705
753|4.506071,-0.374878,-1.791142,1.455073,79.514294
754|4.513838,-0.359763,-1.788072,1.464142,80.275113
755|4.521657,-0.344624,-1.784884,1.473225,81.042198
756|4.529527,-0.329462,-1.781578,1.482323,81.815586
757|4.537451,-0.314278,-1.778151,1.491433,82.595310
758|4.545428,-0.299073,-1.774604,1.500556,83.381404
759|4.553460,-0.283847,-1.770935,1.509692,84.173902
760|4.561546,-0.268602,-1.767144,1.518839,84.972835
761|4.569687,-0.253337,-1.763228,1.527998,85.778235
762|4.577885,-0.238055,-1.759188,1.537167,86.590130
763|4.586139,-0.222756,-1.755022,1.546347,87.408549
764|4.594451,-0.207440,-1.750729,1.555536,88.233520
765|4.602821,-0.192110,-1.746309,1.564734,89.065069
766|4.611249,-0.176765,-1.741759,1.573941,89.903219
767|4.619736,-0.161407,-1.737080,1.583156,90.747995
768|4.628284,-0.146037,-1.732270,1.592378,91.599417
769|4.636892,-0.130656,-1.727328,1.601607,92.457504
770|4.645562,-0.115265,-1.722253,1.610841,93.322276
771|4.654294,-0.099864,-1.717044,1.620081,94.193748
772|4.663088,-0.084456,-1.711700,1.629326,95.071933
773|4.671946,-0.069042,-1.706220,1.638575,95.956844
774|4.680869,-0.053621,-1.700603,1.647827,96.848491
775|4.689856,-0.038197,-1.694848,1.657082,97.746880
776|4.698909,-0.022769,-1.688954,1.666339,98.652017
777|4.708028,-0.007339,-1.682920,1.675596,99.563904
778|4.717214,0.008091,-1.676744,1.668673,99.517459
779|4.726469,0.023521,-1.670426,1.647071,98.592076
780|4.735792,0.038948,-1.663965,1.625472,97.659953
781|4.745184,0.054372,-1.657359,1.603879,96.721099
782|4.754646,0.069792,-1.650608,1.582291,95.775526
783|4.764180,0.085205,-1.643711,1.560713,94.823250
784|4.773785,0.100611,-1.636666,1.539145,93.864291
785|4.783462,0.116007,-1.629473,1.517590,92.898673
786|4.793213,0.131393,-1.622130,1.496050,91.926421
787|4.803037,0.146766,-1.614637,1.474527,90.947568
788|4.812937,0.162126,-1.606992,1.453023,89.962148
789|4.822912,0.177471,-1.599194,1.431541,88.970202
790|4.832963,0.192798,-1.591243,1.410083,87.971773
791|4.843092,0.208107,-1.583138,1.388650,86.966911
792|4.853298,0.223395,-1.574877,1.367247,85.955671
793|4.863583,0.238661,-1.566459,1.345875,84.938110
794|4.873948,0.253903,-1.557884,1.324536,83.914295
795|4.884393,0.269119,-1.549150,1.303233,82.884295
796|4.894919,0.284308,-1.540257,1.281969,81.848187
797|4.905527,0.299467,-1.531204,1.260747,80.806052
798|4.916218,0.314594,-1.521989,1.239569,79.757980
799|4.926992,0.329688,-1.512613,1.218437,78.704064
800|4.937850,0.344746,-1.503073,1.197356,77.644407
801|4.948794,0.359767,-1.493369,1.176327,76.579118
802|4.959823,0.374748,-1.483500,1.155353,75.508311
803|4.970939,0.389687,-1.473466,1.134439,74.432111
804|4.982142,0.404582,-1.463265,1.113586,73.350648
805|4.993434,0.419431,-1.452897,1.092797,72.264061
806|5.004814,0.434231,-1.442361,1.072077,71.172497
807|5.016284,0.448980,-1.431657,1.051427,70.076112
808|5.027844,0.463677,-1.420782,1.030853,68.975071
809|5.039496,0.478317,-1.409738,1.010356,67.869545
810|5.051239,0.492900,-1.398522,0.989940,66.759719
811|5.063075,0.507422,-1.387135,0.969609,65.645784
812|5.075004,0.521882,-1.375576,0.949366,64.527941
813|5.087027,0.536275,-1.363843,0.929214,63.406402
814|5.099145,0.550601,-1.351938,0.909159,62.281391
815|5.111358,0.564856,-1.339859,0.889202,61.153138
816|5.123667,0.579037,-1.327605,0.869348,60.021888
817|5.136072,0.593142,-1.315177,0.849601,58.887895
818|5.148575,0.607168,-1.302573,0.829965,57.751425
819|5.161175,0.621112,-1.289794,0.810443,56.612755
820|5.173874,0.634972,-1.276839,0.791039,55.472174
821|5.186671,0.648744,-1.263708,0.771759,54.329983
822|5.199568,0.662425,-1.250401,0.752605,53.186495
823|5.212565,0.676013,-1.236917,0.733582,52.042035
824|5.225661,0.689504,-1.223257,0.714694,50.896942
825|5.238859,0.702896,-1.209419,0.695946,49.751567
826|5.252157,0.716185,-1.195405,0.677341,48.606273
827|5.265557,0.729368,-1.181215,0.658885,47.461436
828|5.279059,0.742442,-1.166847,0.640581,46.317447
829|5.292663,0.755404,-1.152304,0.622434,45.174709
830|5.306369,0.768250,-1.137584,0.604450,44.033637
831|5.320177,0.780978,-1.122688,0.586631,42.894663
832|5.334089,0.793583,-1.107616,0.568984,41.758230
833|5.348103,0.806063,-1.092370,0.551512,40.624793
834|5.362220,0.818414,-1.076949,0.534221,39.494823
835|5.376440,0.830633,-1.061354,0.517114,38.368804
836|5.390763,0.842716,-1.045585,0.500198,37.247233
837|5.405189,0.854659,-1.029644,0.483477,36.130618
838|5.419717,0.866460,-1.013530,0.466955,35.019484
839|5.434348,0.878115,-0.997246,0.450638,33.914366
840|5.449082,0.889621,-0.980792,0.434531,32.815812
841|5.463917,0.900973,-0.964169,0.418638,31.724382
842|5.478855,0.912168,-0.947378,0.402965,30.640650
843|5.493893,0.923202,-0.930420,0.387517,29.565200
844|5.509033,0.934073,-0.913297,0.372298,28.498626
845|5.524273,0.944776,-0.896011,0.357313,27.441536
846|5.539612,0.955308,-0.878562,0.342569,26.394545
847|5.555051,0.965665,-0.860952,0.328069,25.358280
848|5.570588,0.975844,-0.843183,0.313818,24.333376
849|5.586222,0.985841,-0.825257,0.299823,23.320476
850|5.601954,0.995652,-0.807176,0.286087,22.320233
851|5.617781,1.005274,-0.788941,0.272616,21.333304
852|5.633702,1.014704,-0.770555,0.259415,20.360355
853|5.649717,1.023937,-0.752020,0.246489,19.402055
854|5.665825,1.032970,-0.733338,0.233842,18.459079
855|5.682023,1.041800,-0.714513,0.221480,17.532105
856|5.698312,1.050424,-0.695545,0.209407,16.621813
857|5.714688,1.058837,-0.676438,0.197628,15.728885
858|5.731152,1.067037,-0.657195,0.186148,14.854003
859|5.747701,1.075020,-0.637818,0.174972,13.997849
860|5.764333,1.082783,-0.618311,0.164104,13.161101
861|5.781048,1.090322,-0.598676,0.153549,12.344436
862|5.797842,1.097635,-0.578916,0.143311,11.548525
863|5.814714,1.104718,-0.559036,0.133395,10.774034
864|5.831663,1.111568,-0.539038,0.123804,10.021621
865|5.848685,1.118183,-0.518925,0.114544,9.291937
866|5.865780,1.124558,-0.498701,0.105618,8.585621
867|5.882944,1.130692,-0.478371,0.097031,7.903303
868|5.900175,1.136582,-0.457937,0.088785,7.245598
869|5.917472,1.142225,-0.437403,0.080886,6.613110
870|5.934831,1.147617,-0.416774,0.073336,6.006424
871|5.952250,1.152758,-0.396053,0.066139,5.426112
872|5.969727,1.157644,-0.375245,0.059298,4.872724
873|5.987258,1.162273,-0.354353,0.052817,4.346794
874|6.004841,1.166643,-0.333383,0.046700,3.848831
875|6.022473,1.170752,-0.312338,0.040947,3.379327
876|6.040152,1.174597,-0.291222,0.035564,2.938745
877|6.057875,1.178178,-0.270041,0.030551,2.527528
878|6.075637,1.181491,-0.248799,0.025912,2.146089
879|6.093437,1.184537,-0.227500,0.021649,1.794818
880|6.111272,1.187312,-0.206150,0.017764,1.474073
881|6.129138,1.189815,-0.184752,0.014258,1.184186
882|6.147032,1.192046,-0.163312,0.011135,0.925457
883|6.164951,1.194004,-0.141834,0.008395,0.698156
884|6.182891,1.195686,-0.120324,0.006039,0.502522
885|6.200850,1.197094,-0.098786,0.004069,0.338760
886|6.218825,1.198224,-0.077225,0.002486,0.207042
887|6.236811,1.199078,-0.055646,0.001291,0.107510
888|6.254806,1.199655,-0.034055,0.000483,0.040268
889|6.272806,1.199954,-0.012456,0.000065,0.005387
890|0.007622,1.199975,0.009147,0.000035,0.002905
