OneBody2_E-0.20_ecc0.8_RK4.txt
initial value : [x, y, v_x, v_y] = [0.50,0.00,0.00,1.90] , numerical interval dt = 0.02000 , [M, m] = [ 1, 1]

num|geodesic|
num|newtonian
num|degree, x, y, simple error, relative error
  1|0.000000,0.500000,0.000000,0.000000,0.000000
  2|0.075895,0.499199,0.037959,0.001441,0.287861
  3|0.151789,0.496790,0.075992,0.005778,1.149778
  4|0.227678,0.492748,0.114167,0.013053,2.580686
  5|0.303553,0.487037,0.152556,0.023334,4.571960
  6|0.379396,0.479602,0.191223,0.036716,7.111144
  7|0.455176,0.470377,0.230228,0.053321,10.181610
  8|0.530847,0.459281,0.269624,0.073294,13.762166
  9|0.606350,0.446221,0.309454,0.096803,17.826667
 10|0.681604,0.431091,0.349752,0.124036,22.343670
 11|0.756507,0.413781,0.390537,0.155195,27.276214
 12|0.830939,0.394170,0.431812,0.190494,32.581776
 13|0.904759,0.372139,0.473565,0.230149,38.212478
 14|0.977805,0.347570,0.515762,0.274375,44.115615
 15|1.049903,0.320350,0.558347,0.323369,50.234508
 16|1.120866,0.290382,0.601244,0.377312,56.509707
 17|1.190501,0.257584,0.644354,0.436348,62.880489
 18|1.258616,0.221899,0.687561,0.500582,69.286559
 19|1.325028,0.183295,0.730726,0.570069,75.669828
 20|1.389567,0.141773,0.773700,0.644809,81.976123
 21|1.452085,0.097365,0.816322,0.724743,88.156683
 22|1.512456,0.050138,0.858427,0.809752,94.169307
 23|1.570587,0.000188,0.899849,0.899661,99.979092
 24|1.626412,-0.052357,0.940429,0.889529,94.441271
 25|1.679896,-0.107346,0.980015,0.878531,89.111618
 26|1.731033,-0.164608,1.018470,0.867078,84.044785
 27|1.779842,-0.223955,1.055670,0.855209,79.247330
 28|1.826365,-0.285193,1.091511,0.842961,74.720418
 29|1.870662,-0.348118,1.125906,0.830376,70.460768
 30|1.912809,-0.412531,1.158783,0.817494,66.461595
 31|1.952891,-0.478231,1.190092,0.804354,62.713485
 32|1.991002,-0.545028,1.219795,0.790994,59.205166
 33|2.027240,-0.612738,1.247871,0.777452,55.924175
 34|2.061703,-0.681187,1.274309,0.763763,52.857391
 35|2.094494,-0.750213,1.299112,0.749957,49.991470
 36|2.125708,-0.819667,1.322291,0.736067,47.313165
 37|2.155442,-0.889409,1.343864,0.722118,44.809572
 38|2.183788,-0.959312,1.363858,0.708138,42.468291
 39|2.210833,-1.029263,1.382303,0.694147,40.277542
 40|2.236659,-1.099156,1.399233,0.680169,38.226228
 41|2.261345,-1.168897,1.414686,0.666221,36.303964
 42|2.284965,-1.238402,1.428702,0.652320,34.501085
 43|2.307586,-1.307595,1.441321,0.638481,32.808634
 44|2.329273,-1.376408,1.452587,0.624718,31.218333
 45|2.350086,-1.444781,1.462540,0.611044,29.722554
 46|2.370081,-1.512661,1.471224,0.597468,28.314281
 47|2.389308,-1.580000,1.478680,0.584000,26.987065
 48|2.407815,-1.646756,1.484951,0.570649,25.734988
 49|2.425648,-1.712892,1.490075,0.557422,24.552622
 50|2.442848,-1.778377,1.494094,0.544325,23.434985
 51|2.459452,-1.843180,1.497046,0.531364,22.377512
 52|2.475496,-1.907279,1.498968,0.518544,21.376011
 53|2.491014,-1.970651,1.499897,0.505870,20.426639
 54|2.506036,-2.033277,1.499867,0.493345,19.525866
 55|2.520590,-2.095141,1.498913,0.480972,18.670449
 56|2.534703,-2.156230,1.497068,0.468754,17.857408
 57|2.548400,-2.216531,1.494363,0.456694,17.084002
 58|2.561703,-2.276035,1.490829,0.444793,16.347706
 59|2.574634,-2.334734,1.486494,0.433053,15.646193
 60|2.587212,-2.392619,1.481387,0.421476,14.977320
 61|2.599457,-2.449687,1.475534,0.410063,14.339106
 62|2.611386,-2.505932,1.468963,0.398814,13.729721
 63|2.623015,-2.561352,1.461697,0.387730,13.147473
 64|2.634360,-2.615942,1.453761,0.376812,12.590796
 65|2.645434,-2.669703,1.445178,0.366059,12.058240
 66|2.656251,-2.722632,1.435970,0.355474,11.548457
 67|2.666823,-2.774729,1.426158,0.345054,11.060199
 68|2.677163,-2.825995,1.415763,0.334801,10.592303
 69|2.687280,-2.876429,1.404804,0.324714,10.143692
 70|2.697187,-2.926034,1.393300,0.314793,9.713358
 71|2.706892,-2.974811,1.381270,0.305038,9.300366
 72|2.716406,-3.022760,1.368732,0.295448,8.903841
 73|2.725735,-3.069885,1.355701,0.286023,8.522970
 74|2.734890,-3.116187,1.342194,0.276763,8.156989
 75|2.743877,-3.161670,1.328228,0.267666,7.805186
 76|2.752704,-3.206335,1.313816,0.258733,7.466897
 77|2.761378,-3.250185,1.298974,0.249963,7.141495
 78|2.769906,-3.293224,1.283715,0.241355,6.828396
 79|2.778293,-3.335455,1.268054,0.232909,6.527053
 80|2.786547,-3.376880,1.252003,0.224624,6.236949
 81|2.794671,-3.417503,1.235575,0.216499,5.957602
 82|2.802673,-3.457327,1.218783,0.208535,5.688556
 83|2.810557,-3.496355,1.201637,0.200729,5.429385
 84|2.818327,-3.534591,1.184150,0.193082,5.179686
 85|2.825989,-3.572038,1.166332,0.185592,4.939080
 86|2.833547,-3.608699,1.148195,0.178260,4.707210
 87|2.841005,-3.644578,1.129748,0.171084,4.483739
 88|2.848367,-3.679678,1.111002,0.164064,4.268351
 89|2.855637,-3.714002,1.091967,0.157200,4.060745
 90|2.862819,-3.747553,1.072651,0.150489,3.860638
 91|2.869916,-3.780336,1.053065,0.143933,3.667764
 92|2.876932,-3.812352,1.033217,0.137530,3.481869
 93|2.883870,-3.843605,1.013116,0.131279,3.302715
 94|2.890732,-3.874098,0.992770,0.125180,3.130076
 95|2.897523,-3.903834,0.972188,0.119233,2.963738
 96|2.904245,-3.932817,0.951378,0.113437,2.803500
 97|2.910900,-3.961048,0.930346,0.107790,2.649168
 98|2.917492,-3.988532,0.909102,0.102294,2.500563
 99|2.924023,-4.015270,0.887653,0.096946,2.357513
100|2.930495,-4.041266,0.866005,0.091747,2.219854
101|2.936911,-4.066522,0.844166,0.086696,2.087433
102|2.943273,-4.091041,0.822142,0.081792,1.960104
103|2.949583,-4.114825,0.799941,0.077035,1.837729
104|2.955844,-4.137877,0.777569,0.072425,1.720176
105|2.962057,-4.160199,0.755033,0.067960,1.607322
106|2.968225,-4.181794,0.732338,0.063641,1.499049
107|2.974350,-4.202664,0.709491,0.059467,1.395246
108|2.980433,-4.222811,0.686499,0.055438,1.295807
109|2.986477,-4.242237,0.663366,0.051553,1.200633
110|2.992483,-4.260944,0.640100,0.047811,1.109629
111|2.998453,-4.278934,0.616705,0.044213,1.022707
112|3.004388,-4.296210,0.593187,0.040758,0.939782
113|3.010291,-4.312772,0.569553,0.037446,0.860774
114|3.016162,-4.328623,0.545807,0.034275,0.785609
115|3.022004,-4.343765,0.521954,0.031247,0.714216
116|3.027819,-4.358198,0.498001,0.028360,0.646529
117|3.033606,-4.371925,0.473951,0.025615,0.582485
118|3.039369,-4.384947,0.449812,0.023011,0.522025
119|3.045109,-4.397265,0.425586,0.020547,0.465095
120|3.050826,-4.408880,0.401281,0.018224,0.411644
121|3.056523,-4.419795,0.376899,0.016041,0.361623
122|3.062201,-4.430010,0.352448,0.013998,0.314988
123|3.067861,-4.439525,0.327930,0.012095,0.271698
124|3.073504,-4.448343,0.303352,0.010331,0.231716
125|3.079132,-4.456464,0.278717,0.008707,0.195005
126|3.084746,-4.463888,0.254031,0.007222,0.161534
127|3.090347,-4.470617,0.229299,0.005877,0.131275
128|3.095938,-4.476652,0.204524,0.004670,0.104202
129|3.101518,-4.481993,0.179712,0.003601,0.080290
130|3.107089,-4.486640,0.154868,0.002672,0.059520
131|3.112653,-4.490594,0.129995,0.001881,0.041874
132|3.118210,-4.493856,0.105098,0.001229,0.027337
133|3.123762,-4.496426,0.080183,0.000715,0.015896
134|3.129310,-4.498303,0.055252,0.000339,0.007543
135|3.134856,-4.499489,0.030312,0.000102,0.002269
136|3.140400,-4.499984,0.005367,0.000003,0.000071
137|3.145944,-4.499787,-0.019580,0.000043,0.000947
138|3.151489,-4.498898,-0.044523,0.000220,0.004897
139|3.157036,-4.497318,-0.069458,0.000536,0.011924
140|3.162586,-4.495046,-0.094380,0.000991,0.022035
141|3.168141,-4.492082,-0.119286,0.001584,0.035239
142|3.173702,-4.488426,-0.144169,0.002315,0.051546
143|3.179270,-4.484077,-0.169027,0.003185,0.070970
144|3.184846,-4.479035,-0.193853,0.004193,0.093527
145|3.190432,-4.473299,-0.218645,0.005340,0.119238
146|3.196028,-4.466868,-0.243396,0.006626,0.148124
147|3.201637,-4.459743,-0.268102,0.008051,0.180209
148|3.207258,-4.451922,-0.292760,0.009616,0.215522
149|3.212895,-4.443404,-0.317363,0.011319,0.254093
150|3.218547,-4.434189,-0.341907,0.013162,0.295955
151|3.224217,-4.424275,-0.366388,0.015145,0.341146
152|3.229906,-4.413662,-0.390800,0.017268,0.389705
153|3.235614,-4.402348,-0.415139,0.019530,0.441675
154|3.241344,-4.390333,-0.439399,0.021933,0.497102
155|3.247096,-4.377614,-0.463576,0.024477,0.556037
156|3.252873,-4.364191,-0.487665,0.027162,0.618531
157|3.258676,-4.350061,-0.511660,0.029988,0.684644
158|3.264506,-4.335225,-0.535557,0.032955,0.754434
159|3.270365,-4.319679,-0.559349,0.036064,0.827968
160|3.276254,-4.303423,-0.583033,0.039315,0.905313
161|3.282175,-4.286455,-0.606601,0.042709,0.986544
162|3.288130,-4.268772,-0.630050,0.046246,1.071736
163|3.294120,-4.250373,-0.653372,0.049925,1.160973
164|3.300147,-4.231257,-0.676563,0.053749,1.254342
165|3.306213,-4.211420,-0.699616,0.057716,1.351934
166|3.312320,-4.190862,-0.722527,0.061828,1.453847
167|3.318469,-4.169579,-0.745287,0.066084,1.560184
168|3.324662,-4.147570,-0.767893,0.070486,1.671053
169|3.330903,-4.124832,-0.790336,0.075034,1.786569
170|3.337191,-4.101364,-0.812612,0.079727,1.906854
171|3.343531,-4.077161,-0.834712,0.084568,2.032035
172|3.349923,-4.052222,-0.856632,0.089556,2.162248
173|3.356371,-4.026545,-0.878363,0.094691,2.297634
174|3.362876,-4.000127,-0.899899,0.099975,2.438346
175|3.369441,-3.972964,-0.921232,0.105407,2.584541
176|3.376069,-3.945055,-0.942356,0.110989,2.736386
177|3.382762,-3.916396,-0.963262,0.116721,2.894061
178|3.389523,-3.886984,-0.983943,0.122603,3.057750
179|3.396354,-3.856817,-1.004392,0.128637,3.227653
180|3.403259,-3.825891,-1.024599,0.134822,3.403977
181|3.410241,-3.794204,-1.044557,0.141159,3.586943
182|3.417303,-3.761752,-1.064257,0.147650,3.776784
183|3.424448,-3.728532,-1.083690,0.154294,3.973747
184|3.431679,-3.694541,-1.102847,0.161092,4.178093
185|3.439001,-3.659775,-1.121719,0.168045,4.390097
186|3.446418,-3.624232,-1.140295,0.175154,4.610053
187|3.453932,-3.587908,-1.158567,0.182419,4.838269
188|3.461549,-3.550799,-1.176524,0.189840,5.075074
189|3.469272,-3.512903,-1.194154,0.197419,5.320816
190|3.477106,-3.474216,-1.211448,0.205157,5.575864
191|3.485056,-3.434735,-1.228395,0.213053,5.840610
192|3.493128,-3.394456,-1.244981,0.221109,6.115471
193|3.501325,-3.353376,-1.261195,0.229325,6.400889
194|3.509654,-3.311493,-1.277026,0.237701,6.697336
195|3.518121,-3.268802,-1.292459,0.246240,7.005311
196|3.526731,-3.225301,-1.307482,0.254940,7.325350
197|3.535491,-3.180987,-1.322081,0.263803,7.658021
198|3.544409,-3.135856,-1.336241,0.272829,8.003931
199|3.553490,-3.089907,-1.349947,0.282019,8.363727
200|3.562744,-3.043136,-1.363185,0.291373,8.738102
201|3.572177,-2.995542,-1.375937,0.300892,9.127795
202|3.581798,-2.947121,-1.388188,0.310576,9.533598
203|3.591617,-2.897873,-1.399920,0.320425,9.956360
204|3.601643,-2.847796,-1.411116,0.330441,10.396989
205|3.611886,-2.796888,-1.421756,0.340623,10.856459
206|3.622357,-2.745148,-1.431821,0.350970,11.335819
207|3.633067,-2.692577,-1.441292,0.361485,11.836194
208|3.644029,-2.639174,-1.450146,0.372165,12.358793
209|3.655255,-2.584941,-1.458363,0.383012,12.904920
210|3.666760,-2.529878,-1.465920,0.394024,13.475981
211|3.678558,-2.473987,-1.472794,0.405203,14.073491
212|3.690665,-2.417273,-1.478958,0.416545,14.699086
213|3.703098,-2.359738,-1.484389,0.428052,15.354535
214|3.715875,-2.301389,-1.489060,0.439722,16.041752
215|3.729015,-2.242230,-1.492942,0.451554,16.762808
216|3.742540,-2.182271,-1.496008,0.463546,17.519951
217|3.756471,-2.121520,-1.498227,0.475696,18.315617
218|3.770832,-2.059987,-1.499568,0.488003,19.152450
219|3.785649,-1.997687,-1.499999,0.500463,20.033328
220|3.800950,-1.934634,-1.499487,0.513073,20.961376
221|3.816764,-1.870846,-1.497997,0.525831,21.939996
222|3.833123,-1.806343,-1.495493,0.538731,22.972895
223|3.850062,-1.741148,-1.491938,0.551770,24.064110
224|3.867617,-1.675288,-1.487294,0.564942,25.218042
225|3.885829,-1.608795,-1.481521,0.578241,26.439488
226|3.904741,-1.541702,-1.474580,0.591660,27.733680
227|3.924399,-1.474049,-1.466429,0.605190,29.106321
228|3.944854,-1.405882,-1.457027,0.618824,30.563625
229|3.966158,-1.337252,-1.446332,0.632550,32.112360
230|3.988370,-1.268214,-1.434300,0.646357,33.759887
231|4.011551,-1.198835,-1.420890,0.660233,35.514198
232|4.035770,-1.129185,-1.406060,0.674163,37.383954
233|4.061096,-1.059347,-1.389770,0.688131,39.378516
234|4.087607,-0.989409,-1.371982,0.702118,41.507955
235|4.115382,-0.919471,-1.352658,0.716106,43.783066
236|4.144508,-0.849645,-1.331768,0.730071,46.215340
237|4.175074,-0.780051,-1.309283,0.743990,48.816922
238|4.207175,-0.710823,-1.285180,0.757835,51.600515
239|4.240906,-0.642107,-1.259446,0.771579,54.579243
240|4.276369,-0.574058,-1.232075,0.785188,57.766444
241|4.313661,-0.506847,-1.203070,0.798631,61.175380
242|4.352883,-0.440651,-1.172448,0.811870,64.818858
243|4.394131,-0.375661,-1.140240,0.824868,68.708734
244|4.437493,-0.312071,-1.106491,0.837586,72.855312
245|4.483050,-0.250082,-1.071263,0.849984,77.266610
246|4.530869,-0.189897,-1.034635,0.862021,81.947527
247|4.581001,-0.131714,-0.996706,0.873657,86.898930
248|4.633474,-0.075725,-0.957591,0.884855,92.116695
249|4.688295,-0.022109,-0.917421,0.895578,97.590787
250|4.745440,0.028974,-0.876342,0.847847,96.695543
251|4.804857,0.077386,-0.834510,0.760705,90.766353
252|4.866465,0.123017,-0.792091,0.678569,84.653288
253|4.930151,0.165787,-0.749248,0.601584,78.395474
254|4.995777,0.205648,-0.706146,0.529833,72.038968
255|5.063182,0.242587,-0.662939,0.463343,65.635780
256|5.132186,0.276622,-0.619772,0.402080,59.242514
257|5.202601,0.307799,-0.576770,0.345962,52.918734
258|5.274233,0.336190,-0.534040,0.294859,46.725194
259|5.346894,0.361886,-0.491668,0.248605,40.722091
260|5.420402,0.384995,-0.449719,0.207009,34.967461
261|5.494589,0.405632,-0.408235,0.169862,29.515845
262|5.569306,0.423918,-0.367239,0.136948,24.417281
263|5.644422,0.439971,-0.326733,0.108052,19.716638
264|5.719828,0.453909,-0.286705,0.082965,15.453280
265|5.795436,0.465838,-0.247127,0.061492,11.661004
266|5.871176,0.475857,-0.207960,0.043457,8.368198
267|5.946996,0.484053,-0.169155,0.028705,5.598139
268|6.022860,0.490498,-0.130654,0.017103,3.369369
269|6.098745,0.495253,-0.092395,0.008545,1.696095
270|6.174638,0.498361,-0.054309,0.002950,0.588551
271|6.250532,0.499852,-0.016327,0.000267,0.053307
272|0.043242,0.499740,0.021623,0.000468,0.093478
  1|0.000000,0.500000,0.000000,0.000000,0.000000
  2|0.075830,0.499201,0.037927,0.001439,0.287372
  3|0.151275,0.496812,0.075734,0.005739,1.142021
  4|0.225962,0.492858,0.113302,0.012856,2.542087
  5|0.299543,0.487381,0.150520,0.022714,4.452845
  6|0.371704,0.480437,0.187286,0.035214,6.829033
  7|0.442175,0.472091,0.223507,0.050236,9.617669
  8|0.510727,0.462421,0.259101,0.067642,12.761059
  9|0.577183,0.451510,0.294000,0.087283,16.199669
 10|0.641409,0.439444,0.328149,0.109002,19.874663
 11|0.703318,0.426312,0.361502,0.132639,23.729948
 12|0.762859,0.412204,0.394029,0.158034,27.713670
 13|0.820018,0.397206,0.425706,0.185030,31.779185
 14|0.874808,0.381403,0.456521,0.213475,35.885556
 15|0.927266,0.364874,0.486470,0.243226,39.997663
 16|0.977449,0.347697,0.515553,0.274146,44.086035
 17|1.025425,0.329940,0.543779,0.306107,48.126478
 18|1.071276,0.311671,0.571161,0.338993,52.099582
 19|1.115088,0.292948,0.597713,0.372694,55.990176
 20|1.156952,0.273827,0.623454,0.407111,59.786764
 21|1.196959,0.254359,0.648406,0.442153,63.480983
 22|1.235203,0.234590,0.672591,0.477738,67.067097
 23|1.271776,0.214561,0.696031,0.513790,70.541542
 24|1.306765,0.194309,0.718750,0.550243,73.902526
 25|1.340256,0.173869,0.740774,0.587035,77.149677
 26|1.372334,0.153271,0.762124,0.624113,80.283752
 27|1.403075,0.132542,0.782825,0.661425,83.306383
 28|1.432555,0.111707,0.802901,0.698928,86.219870
 29|1.460845,0.090787,0.822374,0.736583,89.027011
 30|1.488011,0.069804,0.841266,0.774353,91.730963
 31|1.514117,0.048774,0.859599,0.812208,94.335124
 32|1.539222,0.027713,0.877392,0.850117,96.843049
 33|1.563380,0.006635,0.894667,0.888056,99.258371
 34|1.586644,-0.014446,0.911442,0.897111,98.415250
 35|1.609064,-0.035520,0.927736,0.892896,96.174175
 36|1.630684,-0.056576,0.943566,0.888685,94.014819
 37|1.651547,-0.077605,0.958949,0.884479,91.933673
 38|1.671694,-0.098599,0.973901,0.880280,89.927327
 39|1.691162,-0.119552,0.988438,0.876090,87.992480
 40|1.709986,-0.140456,1.002574,0.871909,86.125953
 41|1.728199,-0.161306,1.016324,0.867739,84.324687
 42|1.745831,-0.182097,1.029700,0.863581,82.585754
 43|1.762912,-0.202824,1.042716,0.859435,80.906351
 44|1.779469,-0.223484,1.055384,0.855303,79.283804
 45|1.795528,-0.244072,1.067716,0.851186,77.715563
 46|1.811111,-0.264586,1.079723,0.847083,76.199199
 47|1.826241,-0.285023,1.091415,0.842995,74.732401
 48|1.840940,-0.305381,1.102804,0.838924,73.312974
 49|1.855228,-0.325657,1.113897,0.834869,71.938829
 50|1.869122,-0.345850,1.124706,0.830830,70.607984
 51|1.882641,-0.365958,1.135238,0.826808,69.318555
 52|1.895800,-0.385980,1.145503,0.822804,68.068756
 53|1.908616,-0.405914,1.155509,0.818817,66.856889
 54|1.921104,-0.425760,1.165262,0.814848,65.681344
 55|1.933276,-0.445517,1.174772,0.810897,64.540591
 56|1.945147,-0.465184,1.184045,0.806963,63.433178
 57|1.956728,-0.484760,1.193087,0.803048,62.357727
 58|1.968032,-0.504246,1.201907,0.799151,61.312928
 59|1.979069,-0.523641,1.210509,0.795272,60.297537
 60|1.989850,-0.542944,1.218899,0.791411,59.310373
 61|2.000385,-0.562156,1.227085,0.787569,58.350312
 62|2.010683,-0.581277,1.235071,0.783745,57.416286
 63|2.020754,-0.600306,1.242863,0.779939,56.507280
 64|2.030605,-0.619244,1.250466,0.776151,55.622328
 65|2.040245,-0.638091,1.257884,0.772382,54.760510
 66|2.049682,-0.656846,1.265124,0.768631,53.920949
 67|2.058923,-0.675511,1.272188,0.764898,53.102814
 68|2.067974,-0.694086,1.279082,0.761183,52.305309
 69|2.076843,-0.712570,1.285811,0.757486,51.527677
 70|2.085536,-0.730965,1.292377,0.753807,50.769197
 71|2.094058,-0.749271,1.298785,0.750146,50.029180
 72|2.102416,-0.767487,1.305040,0.746503,49.306968
 73|2.110615,-0.785616,1.311144,0.742877,48.601935
 74|2.118660,-0.803656,1.317100,0.739269,47.913482
 75|2.126557,-0.821608,1.322914,0.735678,47.241037
 76|2.134310,-0.839474,1.328587,0.732105,46.584052
 77|2.141923,-0.857253,1.334124,0.728549,45.942005
 78|2.149401,-0.874946,1.339527,0.725011,45.314396
 79|2.156748,-0.892554,1.344798,0.721489,44.700746
 80|2.163968,-0.910076,1.349942,0.717985,44.100597
 81|2.171066,-0.927515,1.354961,0.714497,43.513511
 82|2.178044,-0.944869,1.359857,0.711026,42.939067
 83|2.184906,-0.962141,1.364634,0.707572,42.376862
 84|2.191656,-0.979330,1.369293,0.704134,41.826512
 85|2.198297,-0.996436,1.373837,0.700713,41.287644
 86|2.204832,-1.013461,1.378269,0.697308,40.759905
 87|2.211264,-1.030405,1.382591,0.693919,40.242954
 88|2.217596,-1.047269,1.386805,0.690546,39.736462
 89|2.223830,-1.064053,1.390914,0.687189,39.240116
 90|2.229970,-1.080757,1.394918,0.683849,38.753613
 91|2.236018,-1.097383,1.398822,0.680523,38.276664
 92|2.241976,-1.113931,1.402625,0.677214,37.808990
 93|2.247847,-1.130401,1.406331,0.673920,37.350321
 94|2.253633,-1.146795,1.409941,0.670641,36.900400
 95|2.259336,-1.163112,1.413458,0.667378,36.458978
 96|2.264959,-1.179353,1.416882,0.664129,36.025816
 97|2.270503,-1.195518,1.420215,0.660896,35.600683
 98|2.275970,-1.211609,1.423460,0.657678,35.183358
 99|2.281363,-1.227626,1.426618,0.654475,34.773627
100|2.286684,-1.243569,1.429690,0.651286,34.371283
101|2.291933,-1.259439,1.432678,0.648112,33.976128
102|2.297113,-1.275237,1.435583,0.644953,33.587969
103|2.302225,-1.290962,1.438407,0.641808,33.206622
104|2.307272,-1.306616,1.441152,0.638677,32.831909
105|2.312254,-1.322199,1.443818,0.635560,32.463656
106|2.317173,-1.337711,1.446407,0.632458,32.101697
107|2.322031,-1.353154,1.448921,0.629369,31.745872
108|2.326828,-1.368527,1.451360,0.626295,31.396026
109|2.331567,-1.383831,1.453727,0.623234,31.052007
110|2.336249,-1.399066,1.456021,0.620187,30.713671
111|2.340874,-1.414234,1.458244,0.617153,30.380877
112|2.345445,-1.429334,1.460398,0.614133,30.053490
113|2.349962,-1.444367,1.462483,0.611127,29.731378
114|2.354427,-1.459334,1.464502,0.608133,29.414414
115|2.358840,-1.474234,1.466453,0.605153,29.102476
116|2.363204,-1.489069,1.468340,0.602186,28.795443
117|2.367518,-1.503839,1.470162,0.599232,28.493200
118|2.371784,-1.518544,1.471921,0.596291,28.195636
119|2.376003,-1.533185,1.473618,0.593363,27.902642
120|2.380175,-1.547762,1.475254,0.590448,27.614113
121|2.384303,-1.562276,1.476829,0.587545,27.329948
122|2.388386,-1.576727,1.478344,0.584655,27.050047
123|2.392426,-1.591115,1.479802,0.581777,26.774316
124|2.396424,-1.605441,1.481201,0.578912,26.502660
125|2.400380,-1.619706,1.482544,0.576059,26.234991
126|2.404295,-1.633910,1.483830,0.573218,25.971220
127|2.408170,-1.648053,1.485062,0.570389,25.711262
128|2.412005,-1.662135,1.486239,0.567573,25.455036
129|2.415803,-1.676158,1.487362,0.564768,25.202461
130|2.419562,-1.690120,1.488432,0.561976,24.953459
131|2.423285,-1.704024,1.489451,0.559195,24.707955
132|2.426971,-1.717869,1.490418,0.556426,24.465875
133|2.430622,-1.731655,1.491334,0.553669,24.227149
134|2.434237,-1.745384,1.492200,0.550923,23.991706
135|2.437818,-1.759055,1.493017,0.548189,23.759479
136|2.441366,-1.772668,1.493786,0.545466,23.530403
137|2.444880,-1.786225,1.494506,0.542755,23.304414
138|2.448362,-1.799725,1.495179,0.540055,23.081449
139|2.451812,-1.813168,1.495805,0.537366,22.861449
140|2.455230,-1.826556,1.496386,0.534689,22.644354
141|2.458618,-1.839889,1.496921,0.532022,22.430108
142|2.461976,-1.853166,1.497411,0.529367,22.218654
143|2.465303,-1.866389,1.497856,0.526722,22.009939
144|2.468602,-1.879557,1.498258,0.524089,21.803909
145|2.471872,-1.892671,1.498617,0.521466,21.600514
146|2.475113,-1.905731,1.498933,0.518854,21.399702
147|2.478327,-1.918737,1.499207,0.516253,21.201425
148|2.481513,-1.931691,1.499440,0.513662,21.005636
149|2.484673,-1.944591,1.499632,0.511082,20.812288
150|2.487806,-1.957439,1.499783,0.508512,20.621335
151|2.490914,-1.970235,1.499894,0.505953,20.432734
152|2.493995,-1.982979,1.499965,0.503404,20.246442
153|2.497052,-1.995672,1.499998,0.500866,20.062417
154|2.500084,-2.008313,1.499992,0.498337,19.880617
155|2.503092,-2.020903,1.499948,0.495819,19.701003
156|2.506075,-2.033442,1.499866,0.493312,19.523535
157|2.509035,-2.045931,1.499747,0.490814,19.348177
158|2.511972,-2.058370,1.499591,0.488326,19.174890
159|2.514886,-2.070758,1.499399,0.485848,19.003638
160|2.517778,-2.083098,1.499171,0.483380,18.834386
161|2.520648,-2.095388,1.498908,0.480922,18.667100
162|2.523495,-2.107629,1.498609,0.478474,18.501745
163|2.526322,-2.119821,1.498276,0.476036,18.338289
164|2.529127,-2.131965,1.497909,0.473607,18.176699
165|2.531911,-2.144061,1.497508,0.471188,18.016944
166|2.534675,-2.156108,1.497073,0.468778,17.858993
167|2.537419,-2.168108,1.496605,0.466378,17.702816
168|2.540143,-2.180061,1.496104,0.463988,17.548384
169|2.542847,-2.191966,1.495571,0.461607,17.395667
170|2.545532,-2.203825,1.495006,0.459235,17.244639
171|2.548198,-2.215637,1.494410,0.456873,17.095271
172|2.550845,-2.227402,1.493782,0.454520,16.947537
173|2.553474,-2.239121,1.493123,0.452176,16.801409
174|2.556084,-2.250794,1.492433,0.449841,16.656864
175|2.558677,-2.262422,1.491713,0.447516,16.513874
176|2.561252,-2.274004,1.490963,0.445199,16.372417
177|2.563809,-2.285541,1.490184,0.442892,16.232467
178|2.566349,-2.297032,1.489375,0.440594,16.094001
179|2.568873,-2.308479,1.488537,0.438304,15.956996
180|2.571379,-2.319882,1.487670,0.436024,15.821430
181|2.573869,-2.331240,1.486775,0.433752,15.687280
182|2.576343,-2.342554,1.485852,0.431489,15.554525
183|2.578800,-2.353824,1.484901,0.429235,15.423143
184|2.581242,-2.365050,1.483922,0.426990,15.293114
185|2.583668,-2.376233,1.482917,0.424753,15.164418
186|2.586079,-2.387373,1.481884,0.422525,15.037034
187|2.588475,-2.398470,1.480824,0.420306,14.910943
188|2.590855,-2.409524,1.479738,0.418095,14.786126
189|2.593221,-2.420535,1.478626,0.415893,14.662565
190|2.595572,-2.431503,1.477488,0.413699,14.540240
191|2.597908,-2.442430,1.476324,0.411514,14.419134
192|2.600231,-2.453314,1.475135,0.409337,14.299229
193|2.602539,-2.464157,1.473920,0.407169,14.180508
194|2.604834,-2.474958,1.472681,0.405008,14.062953
195|2.607114,-2.485718,1.471417,0.402856,13.946550
196|2.609382,-2.496436,1.470129,0.400713,13.831280
197|2.611635,-2.507113,1.468816,0.398577,13.717128
198|2.613876,-2.517750,1.467480,0.396450,13.604079
199|2.616104,-2.528345,1.466119,0.394331,13.492116
200|2.618319,-2.538901,1.464736,0.392220,13.381226
201|2.620521,-2.549416,1.463329,0.390117,13.271392
202|2.622710,-2.559890,1.461899,0.388022,13.162602
203|2.624887,-2.570325,1.460446,0.385935,13.054839
204|2.627052,-2.580720,1.458971,0.383856,12.948091
205|2.629205,-2.591075,1.457473,0.381785,12.842344
206|2.631346,-2.601391,1.455953,0.379722,12.737584
207|2.633475,-2.611668,1.454411,0.377666,12.633798
208|2.635593,-2.621905,1.452847,0.375619,12.530973
209|2.637699,-2.632104,1.451262,0.373579,12.429096
210|2.639793,-2.642264,1.449655,0.371547,12.328155
211|2.641877,-2.652385,1.448027,0.369523,12.228137
212|2.643949,-2.662468,1.446378,0.367506,12.129031
213|2.646010,-2.672512,1.444708,0.365498,12.030824
214|2.648060,-2.682518,1.443018,0.363496,11.933506
215|2.650100,-2.692487,1.441307,0.361503,11.837064
216|2.652129,-2.702417,1.439576,0.359517,11.741487
217|2.654147,-2.712310,1.437825,0.357538,11.646765
218|2.656156,-2.722165,1.436054,0.355567,11.552886
219|2.658154,-2.731984,1.434264,0.353603,11.459840
220|2.660141,-2.741764,1.432453,0.351647,11.367616
221|2.662119,-2.751508,1.430624,0.349698,11.276204
222|2.664087,-2.761215,1.428775,0.347757,11.185594
223|2.666045,-2.770885,1.426907,0.345823,11.095776
224|2.667994,-2.780519,1.425021,0.343896,11.006741
225|2.669933,-2.790116,1.423116,0.341977,10.918478
226|2.671862,-2.799676,1.421192,0.340065,10.830979
227|2.673782,-2.809201,1.419250,0.338160,10.744233
228|2.675693,-2.818690,1.417289,0.336262,10.658233
229|2.677594,-2.828142,1.415311,0.334372,10.572968
230|2.679487,-2.837559,1.413315,0.332488,10.488431
231|2.681371,-2.846940,1.411301,0.330612,10.404612
232|2.683245,-2.856286,1.409269,0.328743,10.321502
233|2.685111,-2.865596,1.407220,0.326881,10.239095
234|2.686969,-2.874871,1.405153,0.325026,10.157380
235|2.688817,-2.884111,1.403070,0.323178,10.076351
236|2.690658,-2.893316,1.400969,0.321337,9.995999
237|2.692489,-2.902487,1.398852,0.319503,9.916316
238|2.694313,-2.911622,1.396718,0.317676,9.837295
239|2.696128,-2.920723,1.394567,0.315855,9.758928
240|2.697936,-2.929790,1.392400,0.314042,9.681207
241|2.699735,-2.938822,1.390216,0.312236,9.604126
242|2.701526,-2.947820,1.388016,0.310436,9.527676
243|2.703309,-2.956784,1.385801,0.308643,9.451851
244|2.705085,-2.965713,1.383569,0.306857,9.376644
245|2.706853,-2.974609,1.381322,0.305078,9.302048
246|2.708613,-2.983472,1.379058,0.303306,9.228056
247|2.710365,-2.992300,1.376780,0.301540,9.154661
248|2.712110,-3.001096,1.374486,0.299781,9.081856
249|2.713848,-3.009857,1.372176,0.298029,9.009637
250|2.715578,-3.018586,1.369852,0.296283,8.937995
251|2.717301,-3.027281,1.367512,0.294544,8.866924
252|2.719017,-3.035944,1.365158,0.292811,8.796419
253|2.720726,-3.044573,1.362788,0.291085,8.726473
254|2.722428,-3.053170,1.360404,0.289366,8.657080
255|2.724123,-3.061734,1.358006,0.287653,8.588235
256|2.725811,-3.070265,1.355593,0.285947,8.519931
257|2.727492,-3.078764,1.353165,0.284247,8.452163
258|2.729166,-3.087230,1.350724,0.282554,8.384925
259|2.730833,-3.095665,1.348268,0.280867,8.318212
260|2.732494,-3.104067,1.345798,0.279187,8.252017
261|2.734149,-3.112437,1.343315,0.277513,8.186336
262|2.735796,-3.120775,1.340817,0.275845,8.121164
263|2.737438,-3.129081,1.338306,0.274184,8.056494
264|2.739073,-3.137355,1.335782,0.272529,7.992322
265|2.740701,-3.145598,1.333243,0.270880,7.928643
266|2.742324,-3.153809,1.330692,0.269238,7.865452
267|2.743940,-3.161989,1.328127,0.267602,7.802743
268|2.745550,-3.170137,1.325549,0.265973,7.740513
269|2.747154,-3.178255,1.322958,0.264349,7.678755
270|2.748752,-3.186340,1.320354,0.262732,7.617465
271|2.750344,-3.194395,1.317737,0.261121,7.556640
272|2.751930,-3.202419,1.315107,0.259516,7.496273
273|2.753510,-3.210412,1.312465,0.257918,7.436360
274|2.755085,-3.218375,1.309810,0.256325,7.376898
275|2.756653,-3.226306,1.307143,0.254739,7.317881
276|2.758216,-3.234207,1.304463,0.253159,7.259305
277|2.759773,-3.242078,1.301771,0.251584,7.201166
278|2.761325,-3.249918,1.299067,0.250016,7.143460
279|2.762871,-3.257728,1.296350,0.248454,7.086182
280|2.764412,-3.265507,1.293622,0.246899,7.029328
281|2.765947,-3.273257,1.290881,0.245349,6.972895
282|2.767477,-3.280976,1.288129,0.243805,6.916878
283|2.769002,-3.288665,1.285365,0.242267,6.861273
284|2.770521,-3.296325,1.282589,0.240735,6.806077
285|2.772035,-3.303955,1.279802,0.239209,6.751285
286|2.773544,-3.311555,1.277003,0.237689,6.696894
287|2.775047,-3.319125,1.274193,0.236175,6.642899
288|2.776546,-3.326666,1.271371,0.234667,6.589298
289|2.778039,-3.334177,1.268538,0.233165,6.536087
290|2.779528,-3.341659,1.265694,0.231668,6.483262
291|2.781011,-3.349112,1.262839,0.230178,6.430819
292|2.782490,-3.356535,1.259973,0.228693,6.378755
293|2.783963,-3.363930,1.257096,0.227214,6.327067
294|2.785432,-3.371295,1.254208,0.225741,6.275751
295|2.786896,-3.378631,1.251309,0.224274,6.224803
296|2.788356,-3.385939,1.248400,0.222812,6.174221
297|2.789810,-3.393217,1.245480,0.221357,6.124001
298|2.791260,-3.400467,1.242549,0.219907,6.074140
299|2.792705,-3.407688,1.239608,0.218462,6.024635
300|2.794146,-3.414881,1.236657,0.217024,5.975482
301|2.795582,-3.422045,1.233695,0.215591,5.926679
302|2.797014,-3.429181,1.230723,0.214164,5.878222
303|2.798441,-3.436288,1.227741,0.212742,5.830108
304|2.799864,-3.443367,1.224749,0.211327,5.782335
305|2.801282,-3.450418,1.221746,0.209916,5.734899
306|2.802696,-3.457440,1.218734,0.208512,5.687797
307|2.804106,-3.464435,1.215712,0.207113,5.641027
308|2.805511,-3.471401,1.212680,0.205720,5.594586
309|2.806912,-3.478340,1.209638,0.204332,5.548471
310|2.808309,-3.485251,1.206586,0.202950,5.502678
311|2.809702,-3.492134,1.203525,0.201573,5.457206
312|2.811090,-3.498989,1.200455,0.200202,5.412052
313|2.812475,-3.505817,1.197375,0.198837,5.367213
314|2.813855,-3.512617,1.194285,0.197477,5.322686
315|2.815232,-3.519389,1.191186,0.196122,5.278469
316|2.816604,-3.526134,1.188078,0.194773,5.234559
317|2.817973,-3.532852,1.184960,0.193430,5.190954
318|2.819337,-3.539543,1.181834,0.192091,5.147651
319|2.820698,-3.546206,1.178698,0.190759,5.104647
320|2.822054,-3.552842,1.175553,0.189432,5.061941
321|2.823407,-3.559451,1.172400,0.188110,5.019529
322|2.824756,-3.566032,1.169237,0.186794,4.977410
323|2.826102,-3.572587,1.166066,0.185483,4.935581
324|2.827443,-3.579115,1.162885,0.184177,4.894039
325|2.828781,-3.585616,1.159696,0.182877,4.852783
326|2.830115,-3.592090,1.156499,0.181582,4.811810
327|2.831446,-3.598538,1.153293,0.180292,4.771118
328|2.832773,-3.604959,1.150078,0.179008,4.730704
329|2.834096,-3.611353,1.146854,0.177729,4.690567
330|2.835416,-3.617720,1.143623,0.176456,4.650704
331|2.836732,-3.624062,1.140383,0.175188,4.611113
332|2.838045,-3.630376,1.137134,0.173925,4.571792
333|2.839354,-3.636665,1.133878,0.172667,4.532739
334|2.840660,-3.642927,1.130613,0.171415,4.493952
335|2.841962,-3.649162,1.127340,0.170167,4.455428
336|2.843261,-3.655372,1.124059,0.168926,4.417166
337|2.844557,-3.661555,1.120769,0.167689,4.379164
338|2.845849,-3.667713,1.117472,0.166457,4.341420
339|2.847138,-3.673844,1.114167,0.165231,4.303931
340|2.848424,-3.679949,1.110854,0.164010,4.266697
341|2.849707,-3.686029,1.107533,0.162794,4.229714
342|2.850986,-3.692082,1.104205,0.161583,4.192981
343|2.852262,-3.698110,1.100869,0.160378,4.156497
344|2.853535,-3.704112,1.097525,0.159178,4.120259
345|2.854804,-3.710089,1.094173,0.157982,4.084265
346|2.856071,-3.716039,1.090814,0.156792,4.048515
347|2.857334,-3.721964,1.087447,0.155607,4.013005
348|2.858595,-3.727864,1.084073,0.154427,3.977734
349|2.859852,-3.733738,1.080692,0.153252,3.942701
350|2.861106,-3.739587,1.077303,0.152083,3.907903
351|2.862358,-3.745410,1.073907,0.150918,3.873340
352|2.863606,-3.751208,1.070503,0.149758,3.839009
353|2.864851,-3.756980,1.067093,0.148604,3.804908
354|2.866094,-3.762728,1.063675,0.147454,3.771037
355|2.867333,-3.768450,1.060250,0.146310,3.737393
356|2.868570,-3.774147,1.056818,0.145171,3.703975
357|2.869804,-3.779819,1.053379,0.144036,3.670781
358|2.871035,-3.785466,1.049933,0.142907,3.637810
359|2.872263,-3.791088,1.046480,0.141782,3.605059
360|2.873488,-3.796685,1.043020,0.140663,3.572529
361|2.874711,-3.802258,1.039554,0.139548,3.540216
362|2.875930,-3.807805,1.036080,0.138439,3.508120
363|2.877147,-3.813328,1.032600,0.137334,3.476239
364|2.878362,-3.818826,1.029113,0.136235,3.444571
365|2.879573,-3.824299,1.025620,0.135140,3.413115
366|2.880782,-3.829747,1.022120,0.134051,3.381871
367|2.881988,-3.835171,1.018613,0.132966,3.350835
368|2.883192,-3.840571,1.015100,0.131886,3.320007
369|2.884393,-3.845946,1.011580,0.130811,3.289386
370|2.885592,-3.851296,1.008054,0.129741,3.258970
371|2.886788,-3.856622,1.004522,0.128676,3.228757
372|2.887981,-3.861924,1.000983,0.127615,3.198747
373|2.889172,-3.867201,0.997438,0.126560,3.168938
374|2.890360,-3.872454,0.993886,0.125509,3.139328
375|2.891546,-3.877683,0.990329,0.124463,3.109917
376|2.892729,-3.882887,0.986765,0.123422,3.080703
377|2.893910,-3.888068,0.983195,0.122386,3.051684
378|2.895089,-3.893224,0.979619,0.121355,3.022861
379|2.896265,-3.898357,0.976037,0.120329,2.994230
380|2.897438,-3.903465,0.972448,0.119307,2.965792
381|2.898610,-3.908549,0.968854,0.118290,2.937544
382|2.899778,-3.913609,0.965254,0.117278,2.909487
383|2.900945,-3.918646,0.961648,0.116271,2.881617
384|2.902109,-3.923658,0.958037,0.115268,2.853935
385|2.903271,-3.928647,0.954419,0.114271,2.826439
386|2.904431,-3.933612,0.950796,0.113278,2.799128
387|2.905588,-3.938553,0.947166,0.112289,2.772000
388|2.906743,-3.943471,0.943532,0.111306,2.745055
389|2.907896,-3.948364,0.939891,0.110327,2.718292
390|2.909047,-3.953235,0.936245,0.109353,2.691709
391|2.910196,-3.958081,0.932593,0.108384,2.665306
392|2.911342,-3.962904,0.928936,0.107419,2.639080
393|2.912486,-3.967704,0.925273,0.106459,2.613032
394|2.913628,-3.972480,0.921605,0.105504,2.587160
395|2.914768,-3.977233,0.917931,0.104553,2.561463
396|2.915906,-3.981962,0.914252,0.103608,2.535939
397|2.917041,-3.986668,0.910568,0.102666,2.510589
398|2.918175,-3.991351,0.906878,0.101730,2.485411
399|2.919306,-3.996010,0.903183,0.100798,2.460403
400|2.920436,-4.000646,0.899483,0.099871,2.435565
401|2.921563,-4.005259,0.895777,0.098948,2.410897
402|2.922689,-4.009849,0.892067,0.098030,2.386396
403|2.923812,-4.014415,0.888351,0.097117,2.362062
404|2.924933,-4.018959,0.884630,0.096208,2.337894
405|2.926053,-4.023479,0.880904,0.095304,2.313891
406|2.927170,-4.027977,0.877173,0.094405,2.290052
407|2.928286,-4.032451,0.873437,0.093510,2.266377
408|2.929399,-4.036902,0.869696,0.092620,2.242864
409|2.930511,-4.041331,0.865950,0.091734,2.219512
410|2.931621,-4.045736,0.862199,0.090853,2.196320
411|2.932729,-4.050119,0.858443,0.089976,2.173288
412|2.933835,-4.054479,0.854682,0.089104,2.150415
413|2.934939,-4.058816,0.850917,0.088237,2.127699
414|2.936041,-4.063130,0.847147,0.087374,2.105140
415|2.937142,-4.067422,0.843372,0.086516,2.082737
416|2.938240,-4.071691,0.839592,0.085662,2.060490
417|2.939337,-4.075937,0.835808,0.084813,2.038397
418|2.940432,-4.080161,0.832019,0.083968,2.016457
419|2.941526,-4.084362,0.828225,0.083128,1.994670
420|2.942617,-4.088540,0.824427,0.082292,1.973035
421|2.943707,-4.092696,0.820625,0.081461,1.951551
422|2.944795,-4.096829,0.816817,0.080634,1.930218
423|2.945882,-4.100940,0.813006,0.079812,1.909034
424|2.946966,-4.105029,0.809190,0.078994,1.887998
425|2.948049,-4.109095,0.805369,0.078181,1.867111
426|2.949131,-4.113138,0.801544,0.077372,1.846370
427|2.950210,-4.117160,0.797715,0.076568,1.825776
428|2.951288,-4.121158,0.793881,0.075768,1.805328
429|2.952365,-4.125135,0.790043,0.074973,1.785025
430|2.953439,-4.129089,0.786201,0.074182,1.764866
431|2.954513,-4.133022,0.782355,0.073396,1.744850
432|2.955584,-4.136932,0.778504,0.072614,1.724977
433|2.956654,-4.140819,0.774649,0.071836,1.705246
434|2.957722,-4.144685,0.770790,0.071063,1.685656
435|2.958789,-4.148528,0.766927,0.070294,1.666207
436|2.959854,-4.152350,0.763060,0.069530,1.646898
437|2.960918,-4.156149,0.759189,0.068770,1.627728
438|2.961980,-4.159926,0.755314,0.068015,1.608697
439|2.963041,-4.163681,0.751434,0.067264,1.589803
440|2.964100,-4.167415,0.747551,0.066517,1.571047
441|2.965158,-4.171126,0.743664,0.065775,1.552427
442|2.966214,-4.174815,0.739773,0.065037,1.533943
443|2.967269,-4.178483,0.735878,0.064303,1.515595
444|2.968322,-4.182128,0.731979,0.063574,1.497381
445|2.969374,-4.185752,0.728077,0.062850,1.479301
446|2.970424,-4.189354,0.724170,0.062129,1.461354
447|2.971473,-4.192934,0.720260,0.061413,1.443540
448|2.972521,-4.196492,0.716346,0.060702,1.425859
449|2.973567,-4.200029,0.712429,0.059994,1.408308
450|2.974612,-4.203543,0.708507,0.059291,1.390889
451|2.975656,-4.207036,0.704582,0.058593,1.373600
452|2.976698,-4.210508,0.700654,0.057898,1.356441
453|2.977738,-4.213958,0.696722,0.057208,1.339411
454|2.978778,-4.217386,0.692786,0.056523,1.322510
455|2.979816,-4.220792,0.688847,0.055842,1.305736
456|2.980853,-4.224177,0.684904,0.055165,1.289090
457|2.981888,-4.227540,0.680957,0.054492,1.272571
458|2.982922,-4.230882,0.677007,0.053824,1.256178
459|2.983955,-4.234203,0.673054,0.053159,1.239911
460|2.984987,-4.237501,0.669098,0.052500,1.223769
461|2.986017,-4.240779,0.665137,0.051844,1.207752
462|2.987046,-4.244035,0.661174,0.051193,1.191859
463|2.988074,-4.247269,0.657207,0.050546,1.176090
464|2.989100,-4.250482,0.653237,0.049904,1.160444
465|2.990126,-4.253674,0.649264,0.049265,1.144920
466|2.991150,-4.256844,0.645287,0.048631,1.129519
467|2.992173,-4.259993,0.641307,0.048001,1.114239
468|2.993195,-4.263121,0.637324,0.047376,1.099080
469|2.994215,-4.266227,0.633338,0.046755,1.084042
470|2.995235,-4.269312,0.629349,0.046138,1.069124
471|2.996253,-4.272376,0.625356,0.045525,1.054326
472|2.997270,-4.275419,0.621360,0.044916,1.039647
473|2.998286,-4.278440,0.617362,0.044312,1.025086
474|2.999301,-4.281441,0.613360,0.043712,1.010644
475|3.000314,-4.284420,0.609355,0.043116,0.996319
476|3.001327,-4.287378,0.605347,0.042524,0.982112
477|3.002338,-4.290314,0.601336,0.041937,0.968021
478|3.003349,-4.293230,0.597323,0.041354,0.954047
479|3.004358,-4.296125,0.593306,0.040775,0.940189
480|3.005366,-4.298998,0.589286,0.040200,0.926446
481|3.006374,-4.301851,0.585264,0.039630,0.912818
482|3.007380,-4.304682,0.581239,0.039064,0.899305
483|3.008385,-4.307493,0.577210,0.038501,0.885906
484|3.009389,-4.310282,0.573179,0.037944,0.872621
485|3.010392,-4.313051,0.569146,0.037390,0.859450
486|3.011394,-4.315798,0.565109,0.036840,0.846391
487|3.012395,-4.318525,0.561070,0.036295,0.833445
488|3.013395,-4.321231,0.557028,0.035754,0.820610
489|3.014394,-4.323915,0.552983,0.035217,0.807888
490|3.015392,-4.326579,0.548936,0.034684,0.795277
491|3.016389,-4.329222,0.544886,0.034156,0.782777
492|3.017385,-4.331845,0.540833,0.033631,0.770387
493|3.018380,-4.334446,0.536778,0.033111,0.758108
494|3.019374,-4.337027,0.532720,0.032595,0.745938
495|3.020367,-4.339586,0.528659,0.032083,0.733878
496|3.021360,-4.342125,0.524597,0.031575,0.721927
497|3.022351,-4.344644,0.520531,0.031071,0.710084
498|3.023342,-4.347141,0.516463,0.030572,0.698350
499|3.024331,-4.349618,0.512393,0.030076,0.686724
500|3.025320,-4.352074,0.508320,0.029585,0.675205
501|3.026308,-4.354509,0.504245,0.029098,0.663794
502|3.027295,-4.356924,0.500167,0.028615,0.652489
503|3.028281,-4.359318,0.496087,0.028136,0.641291
504|3.029266,-4.361692,0.492005,0.027662,0.630200
505|3.030250,-4.364044,0.487920,0.027191,0.619214
506|3.031234,-4.366376,0.483833,0.026725,0.608334
507|3.032217,-4.368688,0.479744,0.026262,0.597559
508|3.033199,-4.370979,0.475652,0.025804,0.586888
509|3.034180,-4.373249,0.471559,0.025350,0.576323
510|3.035160,-4.375499,0.467463,0.024900,0.565861
511|3.036139,-4.377728,0.463365,0.024454,0.555504
512|3.037118,-4.379937,0.459264,0.024013,0.545250
513|3.038096,-4.382125,0.455162,0.023575,0.535100
514|3.039073,-4.384293,0.451057,0.023141,0.525053
515|3.040049,-4.386441,0.446950,0.022712,0.515108
516|3.041025,-4.388567,0.442842,0.022287,0.505266
517|3.042000,-4.390674,0.438731,0.021865,0.495526
518|3.042974,-4.392760,0.434618,0.021448,0.485887
519|3.043947,-4.394825,0.430503,0.021035,0.476351
520|3.044920,-4.396870,0.426386,0.020626,0.466915
521|3.045892,-4.398895,0.422267,0.020221,0.457581
522|3.046863,-4.400899,0.418146,0.019820,0.448347
523|3.047834,-4.402883,0.414023,0.019423,0.439214
524|3.048804,-4.404847,0.409899,0.019031,0.430181
525|3.049773,-4.406790,0.405772,0.018642,0.421248
526|3.050741,-4.408713,0.401643,0.018257,0.412415
527|3.051709,-4.410615,0.397513,0.017877,0.403681
528|3.052676,-4.412497,0.393381,0.017501,0.395046
529|3.053643,-4.414359,0.389247,0.017128,0.386510
530|3.054609,-4.416201,0.385111,0.016760,0.378073
531|3.055574,-4.418022,0.380974,0.016396,0.369734
532|3.056538,-4.419823,0.376834,0.016035,0.361494
533|3.057502,-4.421604,0.372693,0.015679,0.353351
534|3.058466,-4.423365,0.368551,0.015327,0.345306
535|3.059428,-4.425105,0.364406,0.014979,0.337359
536|3.060390,-4.426825,0.360260,0.014635,0.329509
537|3.061352,-4.428525,0.356112,0.014295,0.321755
538|3.062313,-4.430205,0.351963,0.013959,0.314099
539|3.063273,-4.431864,0.347812,0.013627,0.306539
540|3.064233,-4.433504,0.343660,0.013299,0.299075
541|3.065192,-4.435123,0.339505,0.012975,0.291708
542|3.066151,-4.436722,0.335350,0.012656,0.284437
543|3.067109,-4.438301,0.331193,0.012340,0.277261
544|3.068067,-4.439859,0.327034,0.012028,0.270181
545|3.069024,-4.441398,0.322874,0.011720,0.263196
546|3.069980,-4.442916,0.318712,0.011417,0.256306
547|3.070936,-4.444415,0.314549,0.011117,0.249511
548|3.071892,-4.445893,0.310385,0.010821,0.242811
549|3.072847,-4.447351,0.306219,0.010530,0.236205
550|3.073801,-4.448789,0.302052,0.010242,0.229694
551|3.074755,-4.450207,0.297883,0.009959,0.223277
552|3.075709,-4.451605,0.293713,0.009679,0.216954
553|3.076662,-4.452983,0.289542,0.009403,0.210725
554|3.077615,-4.454341,0.285369,0.009132,0.204589
555|3.078567,-4.455679,0.281195,0.008864,0.198547
556|3.079519,-4.456997,0.277020,0.008601,0.192598
557|3.080470,-4.458295,0.272844,0.008341,0.186742
558|3.081421,-4.459572,0.268666,0.008086,0.180979
559|3.082371,-4.460830,0.264487,0.007834,0.175309
560|3.083321,-4.462068,0.260307,0.007586,0.169732
561|3.084270,-4.463286,0.256126,0.007343,0.164247
562|3.085220,-4.464483,0.251944,0.007103,0.158854
563|3.086168,-4.465661,0.247760,0.006868,0.153554
564|3.087117,-4.466819,0.243576,0.006636,0.148345
565|3.088065,-4.467957,0.239390,0.006409,0.143229
566|3.089012,-4.469075,0.235203,0.006185,0.138204
567|3.089959,-4.470173,0.231016,0.005965,0.133271
568|3.090906,-4.471251,0.226827,0.005750,0.128429
569|3.091852,-4.472309,0.222637,0.005538,0.123679
570|3.092799,-4.473347,0.218446,0.005330,0.119019
571|3.093744,-4.474366,0.214255,0.005127,0.114451
572|3.094690,-4.475364,0.210062,0.004927,0.109974
573|3.095635,-4.476343,0.205868,0.004731,0.105588
574|3.096580,-4.477301,0.201674,0.004540,0.101292
575|3.097524,-4.478240,0.197478,0.004352,0.097087
576|3.098468,-4.479159,0.193282,0.004168,0.092972
577|3.099412,-4.480058,0.189085,0.003988,0.088948
578|3.100355,-4.480937,0.184887,0.003813,0.085014
579|3.101299,-4.481796,0.180688,0.003641,0.081170
580|3.102241,-4.482635,0.176488,0.003473,0.077416
581|3.103184,-4.483455,0.172288,0.003309,0.073752
582|3.104126,-4.484254,0.168087,0.003149,0.070177
583|3.105069,-4.485034,0.163885,0.002993,0.066693
584|3.106010,-4.485794,0.159682,0.002841,0.063298
585|3.106952,-4.486534,0.155479,0.002693,0.059993
586|3.107893,-4.487254,0.151274,0.002549,0.056777
587|3.108834,-4.487955,0.147070,0.002409,0.053650
588|3.109775,-4.488635,0.142864,0.002273,0.050613
589|3.110716,-4.489296,0.138658,0.002141,0.047664
590|3.111656,-4.489937,0.134452,0.002013,0.044805
591|3.112597,-4.490558,0.130245,0.001888,0.042035
592|3.113537,-4.491159,0.126037,0.001768,0.039354
593|3.114477,-4.491741,0.121828,0.001652,0.036762
594|3.115416,-4.492302,0.117619,0.001540,0.034258
595|3.116356,-4.492844,0.113410,0.001431,0.031844
596|3.117295,-4.493366,0.109200,0.001327,0.029517
597|3.118234,-4.493869,0.104990,0.001226,0.027280
598|3.119173,-4.494351,0.100779,0.001130,0.025131
599|3.120112,-4.494814,0.096568,0.001037,0.023071
600|3.121050,-4.495257,0.092356,0.000949,0.021098
601|3.121989,-4.495680,0.088144,0.000864,0.019215
602|3.122927,-4.496083,0.083931,0.000783,0.017419
603|3.123865,-4.496467,0.079718,0.000707,0.015712
604|3.124803,-4.496831,0.075505,0.000634,0.014093
605|3.125741,-4.497175,0.071292,0.000565,0.012563
606|3.126679,-4.497499,0.067078,0.000500,0.011120
607|3.127617,-4.497804,0.062864,0.000439,0.009766
608|3.128555,-4.498088,0.058649,0.000382,0.008499
609|3.129492,-4.498353,0.054434,0.000329,0.007321
610|3.130430,-4.498598,0.050220,0.000280,0.006230
611|3.131367,-4.498824,0.046004,0.000235,0.005228
612|3.132304,-4.499030,0.041789,0.000194,0.004313
613|3.133242,-4.499216,0.037573,0.000157,0.003487
614|3.134179,-4.499382,0.033358,0.000124,0.002748
615|3.135116,-4.499528,0.029142,0.000094,0.002097
616|3.136053,-4.499655,0.024926,0.000069,0.001534
617|3.136990,-4.499762,0.020710,0.000048,0.001059
618|3.137927,-4.499849,0.016494,0.000030,0.000672
619|3.138864,-4.499916,0.012277,0.000017,0.000372
620|3.139801,-4.499964,0.008061,0.000007,0.000160
621|3.140738,-4.499992,0.003845,0.000002,0.000036
622|3.141675,-4.500000,-0.000372,0.000000,0.000000
623|3.142612,-4.499988,-0.004588,0.000002,0.000052
624|3.143549,-4.499957,-0.008804,0.000009,0.000191
625|3.144486,-4.499906,-0.013021,0.000019,0.000419
626|3.145423,-4.499835,-0.017237,0.000033,0.000734
627|3.146360,-4.499744,-0.021453,0.000051,0.001136
628|3.147297,-4.499634,-0.025669,0.000073,0.001627
629|3.148234,-4.499504,-0.029885,0.000099,0.002206
630|3.149172,-4.499354,-0.034101,0.000129,0.002872
631|3.150109,-4.499184,-0.038317,0.000163,0.003626
632|3.151046,-4.498995,-0.042532,0.000201,0.004468
633|3.151983,-4.498786,-0.046747,0.000243,0.005398
634|3.152921,-4.498557,-0.050963,0.000289,0.006416
635|3.153858,-4.498308,-0.055177,0.000338,0.007522
636|3.154796,-4.498040,-0.059392,0.000392,0.008716
637|3.155734,-4.497751,-0.063607,0.000450,0.009998
638|3.156671,-4.497443,-0.067821,0.000511,0.011368
639|3.157609,-4.497116,-0.072034,0.000577,0.012826
640|3.158547,-4.496768,-0.076248,0.000646,0.014372
641|3.159485,-4.496401,-0.080461,0.000720,0.016007
642|3.160424,-4.496014,-0.084674,0.000797,0.017730
643|3.161362,-4.495607,-0.088886,0.000879,0.019540
644|3.162300,-4.495180,-0.093098,0.000964,0.021440
645|3.163239,-4.494734,-0.097310,0.001053,0.023427
646|3.164178,-4.494268,-0.101521,0.001146,0.025503
647|3.165117,-4.493782,-0.105732,0.001244,0.027668
648|3.166056,-4.493276,-0.109942,0.001345,0.029921
649|3.166995,-4.492750,-0.114152,0.001450,0.032263
650|3.167935,-4.492205,-0.118361,0.001559,0.034693
651|3.168874,-4.491640,-0.122570,0.001672,0.037212
652|3.169814,-4.491055,-0.126779,0.001789,0.039820
653|3.170754,-4.490450,-0.130986,0.001910,0.042517
654|3.171695,-4.489825,-0.135193,0.002035,0.045303
655|3.172635,-4.489181,-0.139400,0.002164,0.048178
656|3.173576,-4.488517,-0.143606,0.002297,0.051142
657|3.174517,-4.487833,-0.147811,0.002433,0.054195
658|3.175458,-4.487129,-0.152016,0.002574,0.057337
659|3.176399,-4.486405,-0.156220,0.002719,0.060569
660|3.177341,-4.485661,-0.160423,0.002868,0.063890
661|3.178283,-4.484898,-0.164625,0.003020,0.067301
662|3.179225,-4.484115,-0.168827,0.003177,0.070801
663|3.180167,-4.483312,-0.173028,0.003338,0.074391
664|3.181110,-4.482489,-0.177229,0.003502,0.078071
665|3.182053,-4.481646,-0.181428,0.003671,0.081841
666|3.182996,-4.480783,-0.185627,0.003843,0.085701
667|3.183940,-4.479901,-0.189825,0.004020,0.089651
668|3.184884,-4.478998,-0.194022,0.004200,0.093691
669|3.185828,-4.478076,-0.198218,0.004385,0.097822
670|3.186772,-4.477134,-0.202413,0.004573,0.102043
671|3.187717,-4.476172,-0.206608,0.004766,0.106354
672|3.188662,-4.475190,-0.210801,0.004962,0.110757
673|3.189608,-4.474188,-0.214994,0.005162,0.115250
674|3.190554,-4.473166,-0.219185,0.005367,0.119834
675|3.191500,-4.472124,-0.223376,0.005575,0.124510
676|3.192446,-4.471063,-0.227565,0.005787,0.129276
677|3.193393,-4.469981,-0.231754,0.006004,0.134134
678|3.194340,-4.468879,-0.235942,0.006224,0.139083
679|3.195288,-4.467758,-0.240128,0.006448,0.144124
680|3.196236,-4.466616,-0.244314,0.006677,0.149257
681|3.197184,-4.465455,-0.248498,0.006909,0.154482
682|3.198133,-4.464274,-0.252681,0.007145,0.159798
683|3.199082,-4.463072,-0.256863,0.007386,0.165207
684|3.200032,-4.461851,-0.261044,0.007630,0.170708
685|3.200982,-4.460610,-0.265224,0.007878,0.176302
686|3.201932,-4.459349,-0.269403,0.008130,0.181988
687|3.202883,-4.458067,-0.273580,0.008387,0.187768
688|3.203835,-4.456766,-0.277756,0.008647,0.193640
689|3.204786,-4.455445,-0.281931,0.008911,0.199605
690|3.205738,-4.454103,-0.286105,0.009179,0.205664
691|3.206691,-4.452742,-0.290277,0.009452,0.211816
692|3.207644,-4.451360,-0.294448,0.009728,0.218062
693|3.208598,-4.449959,-0.298618,0.010008,0.224401
694|3.209552,-4.448537,-0.302786,0.010293,0.230835
695|3.210507,-4.447096,-0.306953,0.010581,0.237363
696|3.211462,-4.445634,-0.311119,0.010873,0.243985
697|3.212417,-4.444152,-0.315283,0.011170,0.250702
698|3.213373,-4.442650,-0.319446,0.011470,0.257514
699|3.214330,-4.441128,-0.323607,0.011774,0.264420
700|3.215287,-4.439586,-0.327767,0.012083,0.271422
701|3.216245,-4.438024,-0.331926,0.012395,0.278519
702|3.217203,-4.436441,-0.336082,0.012712,0.285712
703|3.218162,-4.434839,-0.340238,0.013032,0.293000
704|3.219121,-4.433216,-0.344392,0.013357,0.300384
705|3.220081,-4.431573,-0.348544,0.013685,0.307865
706|3.221042,-4.429910,-0.352695,0.014018,0.315442
707|3.222003,-4.428227,-0.356844,0.014355,0.323115
708|3.222964,-4.426523,-0.360991,0.014695,0.330885
709|3.223927,-4.424800,-0.365137,0.015040,0.338753
710|3.224889,-4.423056,-0.369281,0.015389,0.346717
711|3.225853,-4.421292,-0.373423,0.015742,0.354780
712|3.226817,-4.419507,-0.377564,0.016099,0.362939
713|3.227782,-4.417703,-0.381703,0.016459,0.371197
714|3.228747,-4.415878,-0.385840,0.016824,0.379553
715|3.229713,-4.414032,-0.389976,0.017194,0.388008
716|3.230680,-4.412167,-0.394109,0.017567,0.396561
717|3.231647,-4.410281,-0.398241,0.017944,0.405214
718|3.232615,-4.408375,-0.402371,0.018325,0.413965
719|3.233583,-4.406449,-0.406499,0.018710,0.422816
720|3.234553,-4.404502,-0.410626,0.019100,0.431766
721|3.235523,-4.402535,-0.414750,0.019493,0.440817
722|3.236493,-4.400547,-0.418873,0.019891,0.449968
723|3.237465,-4.398539,-0.422993,0.020292,0.459219
724|3.238437,-4.396511,-0.427112,0.020698,0.468571
725|3.239409,-4.394462,-0.431228,0.021108,0.478025
726|3.240383,-4.392393,-0.435343,0.021521,0.487579
727|3.241357,-4.390304,-0.439455,0.021939,0.497235
728|3.242332,-4.388194,-0.443566,0.022361,0.506993
729|3.243308,-4.386063,-0.447674,0.022787,0.516854
730|3.244284,-4.383913,-0.451781,0.023217,0.526816
731|3.245262,-4.381741,-0.455885,0.023652,0.536882
732|3.246240,-4.379549,-0.459987,0.024090,0.547050
733|3.247218,-4.377337,-0.464087,0.024533,0.557322
734|3.248198,-4.375104,-0.468185,0.024979,0.567698
735|3.249179,-4.372851,-0.472280,0.025430,0.578178
736|3.250160,-4.370577,-0.476374,0.025885,0.588762
737|3.251142,-4.368282,-0.480465,0.026344,0.599450
738|3.252125,-4.365967,-0.484554,0.026807,0.610244
739|3.253108,-4.363631,-0.488640,0.027274,0.621143
740|3.254093,-4.361275,-0.492725,0.027745,0.632147
741|3.255078,-4.358898,-0.496807,0.028220,0.643258
742|3.256064,-4.356500,-0.500886,0.028700,0.654474
743|3.257052,-4.354082,-0.504963,0.029184,0.665798
744|3.258040,-4.351643,-0.509038,0.029671,0.677228
745|3.259028,-4.349183,-0.513110,0.030163,0.688766
746|3.260018,-4.346702,-0.517180,0.030660,0.700411
747|3.261009,-4.344201,-0.521248,0.031160,0.712164
748|3.262000,-4.341679,-0.525313,0.031664,0.724026
749|3.262993,-4.339137,-0.529375,0.032173,0.735996
750|3.263986,-4.336573,-0.533435,0.032685,0.748076
751|3.264981,-4.333989,-0.537493,0.033202,0.760264
752|3.265976,-4.331384,-0.541547,0.033723,0.772563
753|3.266972,-4.328758,-0.545600,0.034248,0.784972
754|3.267969,-4.326111,-0.549649,0.034778,0.797492
755|3.268968,-4.323444,-0.553696,0.035311,0.810123
756|3.269967,-4.320755,-0.557740,0.035849,0.822865
757|3.270967,-4.318046,-0.561782,0.036391,0.835719
758|3.271968,-4.315316,-0.565821,0.036937,0.848685
759|3.272970,-4.312564,-0.569857,0.037487,0.861763
760|3.273973,-4.309792,-0.573890,0.038042,0.874955
761|3.274978,-4.306999,-0.577921,0.038600,0.888260
762|3.275983,-4.304185,-0.581948,0.039163,0.901679
763|3.276989,-4.301350,-0.585973,0.039730,0.915212
764|3.277997,-4.298493,-0.589995,0.040301,0.928860
765|3.279005,-4.295616,-0.594014,0.040877,0.942623
766|3.280015,-4.292718,-0.598030,0.041456,0.956502
767|3.281025,-4.289798,-0.602044,0.042040,0.970496
768|3.282037,-4.286858,-0.606054,0.042628,0.984608
769|3.283050,-4.283896,-0.610061,0.043221,0.998836
770|3.284063,-4.280913,-0.614066,0.043817,1.013181
771|3.285078,-4.277909,-0.618067,0.044418,1.027644
772|3.286095,-4.274884,-0.622065,0.045023,1.042226
773|3.287112,-4.271838,-0.626060,0.045632,1.056926
774|3.288130,-4.268770,-0.630052,0.046246,1.071745
775|3.289150,-4.265681,-0.634041,0.046864,1.086684
776|3.290171,-4.262571,-0.638027,0.047486,1.101744
777|3.291193,-4.259440,-0.642009,0.048112,1.116924
778|3.292216,-4.256287,-0.645988,0.048743,1.132225
779|3.293240,-4.253113,-0.649964,0.049377,1.147648
780|3.294266,-4.249917,-0.653937,0.050017,1.163193
781|3.295293,-4.246701,-0.657907,0.050660,1.178861
782|3.296321,-4.243462,-0.661873,0.051308,1.194652
783|3.297350,-4.240203,-0.665836,0.051959,1.210566
784|3.298380,-4.236922,-0.669795,0.052616,1.226606
785|3.299412,-4.233619,-0.673751,0.053276,1.242769
786|3.300445,-4.230295,-0.677704,0.053941,1.259058
787|3.301480,-4.226949,-0.681653,0.054610,1.275474
788|3.302515,-4.223582,-0.685599,0.055284,1.292015
789|3.303552,-4.220193,-0.689541,0.055961,1.308683
790|3.304591,-4.216783,-0.693480,0.056643,1.325479
791|3.305630,-4.213351,-0.697415,0.057330,1.342403
792|3.306671,-4.209898,-0.701347,0.058020,1.359456
793|3.307714,-4.206422,-0.705274,0.058716,1.376638
794|3.308757,-4.202926,-0.709199,0.059415,1.393950
795|3.309802,-4.199407,-0.713119,0.060119,1.411392
796|3.310849,-4.195867,-0.717036,0.060827,1.428966
797|3.311897,-4.192304,-0.720950,0.061539,1.446671
798|3.312946,-4.188721,-0.724859,0.062256,1.464508
799|3.313997,-4.185115,-0.728765,0.062977,1.482478
800|3.315049,-4.181487,-0.732667,0.063703,1.500582
801|3.316102,-4.177838,-0.736565,0.064432,1.518819
802|3.317157,-4.174167,-0.740459,0.065167,1.537191
803|3.318214,-4.170473,-0.744350,0.065905,1.555699
804|3.319272,-4.166758,-0.748236,0.066648,1.574343
805|3.320331,-4.163021,-0.752118,0.067396,1.593123
806|3.321392,-4.159262,-0.755997,0.068148,1.612041
807|3.322454,-4.155481,-0.759871,0.068904,1.631097
808|3.323518,-4.151678,-0.763742,0.069664,1.650291
809|3.324584,-4.147853,-0.767608,0.070429,1.669625
810|3.325651,-4.144005,-0.771471,0.071199,1.689099
811|3.326720,-4.140136,-0.775329,0.071973,1.708713
812|3.327790,-4.136244,-0.779183,0.072751,1.728469
813|3.328862,-4.132330,-0.783033,0.073534,1.748367
814|3.329935,-4.128394,-0.786879,0.074321,1.768408
815|3.331010,-4.124436,-0.790720,0.075113,1.788593
816|3.332087,-4.120455,-0.794557,0.075909,1.808922
817|3.333165,-4.116452,-0.798390,0.076710,1.829396
818|3.334245,-4.112427,-0.802218,0.077515,1.850015
819|3.335327,-4.108380,-0.806043,0.078324,1.870782
820|3.336410,-4.104310,-0.809862,0.079138,1.891695
821|3.337495,-4.100217,-0.813678,0.079957,1.912757
822|3.338582,-4.096102,-0.817489,0.080780,1.933967
823|3.339670,-4.091965,-0.821295,0.081607,1.955327
824|3.340760,-4.087805,-0.825097,0.082439,1.976838
825|3.341852,-4.083623,-0.828894,0.083275,1.998499
826|3.342946,-4.079418,-0.832687,0.084116,2.020313
827|3.344041,-4.075190,-0.836475,0.084962,2.042280
828|3.345138,-4.070940,-0.840259,0.085812,2.064400
829|3.346237,-4.066667,-0.844037,0.086667,2.086675
830|3.347338,-4.062372,-0.847812,0.087526,2.109105
831|3.348441,-4.058053,-0.851581,0.088389,2.131691
832|3.349545,-4.053712,-0.855345,0.089258,2.154434
833|3.350652,-4.049348,-0.859105,0.090130,2.177336
834|3.351760,-4.044962,-0.862860,0.091008,2.200396
835|3.352870,-4.040552,-0.866610,0.091890,2.223616
836|3.353982,-4.036119,-0.870355,0.092776,2.246996
837|3.355096,-4.031664,-0.874095,0.093667,2.270538
838|3.356212,-4.027186,-0.877831,0.094563,2.294242
839|3.357330,-4.022684,-0.881561,0.095463,2.318110
840|3.358449,-4.018160,-0.885286,0.096368,2.342142
841|3.359571,-4.013612,-0.889006,0.097278,2.366339
842|3.360695,-4.009042,-0.892721,0.098192,2.390702
843|3.361821,-4.004448,-0.896431,0.099110,2.415232
844|3.362948,-3.999831,-0.900135,0.100034,2.439931
845|3.364078,-3.995191,-0.903835,0.100962,2.464798
846|3.365210,-3.990527,-0.907529,0.101895,2.489836
847|3.366344,-3.985840,-0.911218,0.102832,2.515044
848|3.367480,-3.981130,-0.914901,0.103774,2.540425
849|3.368618,-3.976397,-0.918579,0.104721,2.565979
850|3.369758,-3.971640,-0.922252,0.105672,2.591707
851|3.370901,-3.966860,-0.925919,0.106628,2.617610
852|3.372045,-3.962056,-0.929581,0.107589,2.643689
853|3.373192,-3.957229,-0.933237,0.108554,2.669946
854|3.374341,-3.952378,-0.936888,0.109524,2.696381
855|3.375492,-3.947504,-0.940533,0.110499,2.722996
856|3.376645,-3.942606,-0.944173,0.111479,2.749791
857|3.377801,-3.937684,-0.947806,0.112463,2.776768
858|3.378959,-3.932739,-0.951434,0.113452,2.803928
859|3.380119,-3.927770,-0.955057,0.114446,2.831271
860|3.381281,-3.922777,-0.958673,0.115445,2.858800
861|3.382446,-3.917760,-0.962284,0.116448,2.886515
862|3.383613,-3.912719,-0.965889,0.117456,2.914418
863|3.384782,-3.907655,-0.969488,0.118469,2.942509
864|3.385954,-3.902566,-0.973081,0.119487,2.970790
865|3.387128,-3.897454,-0.976668,0.120509,2.999262
866|3.388304,-3.892317,-0.980249,0.121537,3.027926
867|3.389483,-3.887157,-0.983824,0.122569,3.056784
868|3.390665,-3.881972,-0.987393,0.123606,3.085837
869|3.391848,-3.876763,-0.990956,0.124647,3.115086
870|3.393035,-3.871530,-0.994512,0.125694,3.144532
871|3.394223,-3.866273,-0.998063,0.126745,3.174176
872|3.395415,-3.860991,-1.001607,0.127802,3.204021
873|3.396608,-3.855685,-1.005145,0.128863,3.234067
874|3.397805,-3.850355,-1.008676,0.129929,3.264315
875|3.399004,-3.845000,-1.012201,0.131000,3.294767
876|3.400205,-3.839621,-1.015719,0.132076,3.325425
877|3.401409,-3.834217,-1.019232,0.133157,3.356289
878|3.402616,-3.828789,-1.022737,0.134242,3.387362
879|3.403825,-3.823336,-1.026236,0.135333,3.418643
880|3.405038,-3.817859,-1.029728,0.136428,3.450136
881|3.406252,-3.812356,-1.033214,0.137529,3.481841
882|3.407470,-3.806829,-1.036693,0.138634,3.513760
883|3.408690,-3.801278,-1.040165,0.139744,3.545894
884|3.409913,-3.795701,-1.043631,0.140860,3.578245
885|3.411139,-3.790099,-1.047089,0.141980,3.610815
886|3.412367,-3.784473,-1.050541,0.143105,3.643604
887|3.413599,-3.778822,-1.053986,0.144236,3.676614
888|3.414833,-3.773145,-1.057423,0.145371,3.709848
889|3.416070,-3.767444,-1.060854,0.146511,3.743305
890|3.417310,-3.761717,-1.064278,0.147657,3.776989
891|3.418553,-3.755965,-1.067694,0.148807,3.810901
892|3.419799,-3.750188,-1.071104,0.149962,3.845042
893|3.421048,-3.744386,-1.074506,0.151123,3.879414
894|3.422300,-3.738558,-1.077901,0.152288,3.914018
895|3.423554,-3.732705,-1.081288,0.153459,3.948857
896|3.424812,-3.726826,-1.084668,0.154635,3.983932
897|3.426073,-3.720922,-1.088041,0.155816,4.019245
898|3.427337,-3.714993,-1.091407,0.157001,4.054797
899|3.428604,-3.709037,-1.094764,0.158193,4.090590
900|3.429875,-3.703057,-1.098114,0.159389,4.126627
901|3.431148,-3.697050,-1.101457,0.160590,4.162908
902|3.432425,-3.691018,-1.104792,0.161796,4.199436
903|3.433704,-3.684960,-1.108119,0.163008,4.236213
904|3.434987,-3.678876,-1.111439,0.164225,4.273240
905|3.436274,-3.672766,-1.114750,0.165447,4.310519
906|3.437563,-3.666630,-1.118054,0.166674,4.348052
907|3.438856,-3.660468,-1.121350,0.167906,4.385842
908|3.440152,-3.654280,-1.124637,0.169144,4.423889
909|3.441452,-3.648066,-1.127917,0.170387,4.462197
910|3.442755,-3.641825,-1.131189,0.171635,4.500767
911|3.444061,-3.635559,-1.134452,0.172888,4.539601
912|3.445371,-3.629266,-1.137707,0.174147,4.578701
913|3.446685,-3.622946,-1.140954,0.175411,4.618069
914|3.448002,-3.616600,-1.144193,0.176680,4.657708
915|3.449322,-3.610228,-1.147423,0.177954,4.697619
916|3.450646,-3.603829,-1.150645,0.179234,4.737805
917|3.451973,-3.597404,-1.153858,0.180519,4.778268
918|3.453305,-3.590951,-1.157063,0.181810,4.819009
919|3.454640,-3.584473,-1.160259,0.183105,4.860032
920|3.455978,-3.577967,-1.163446,0.184407,4.901338
921|3.457320,-3.571434,-1.166625,0.185713,4.942930
922|3.458666,-3.564875,-1.169795,0.187025,4.984810
923|3.460016,-3.558288,-1.172956,0.188342,5.026981
924|3.461370,-3.551674,-1.176108,0.189665,5.069444
925|3.462727,-3.545034,-1.179251,0.190993,5.112203
926|3.464088,-3.538366,-1.182385,0.192327,5.155259
927|3.465454,-3.531671,-1.185510,0.193666,5.198615
928|3.466823,-3.524948,-1.188626,0.195010,5.242274
929|3.468196,-3.518198,-1.191733,0.196360,5.286238
930|3.469573,-3.511421,-1.194830,0.197716,5.330509
931|3.470954,-3.504616,-1.197918,0.199077,5.375091
932|3.472339,-3.497783,-1.200996,0.200443,5.419985
933|3.473729,-3.490923,-1.204065,0.201815,5.465195
934|3.475122,-3.484035,-1.207125,0.203193,5.510723
935|3.476520,-3.477120,-1.210175,0.204576,5.556572
936|3.477922,-3.470176,-1.213215,0.205965,5.602745
937|3.479328,-3.463205,-1.216245,0.207359,5.649244
938|3.480738,-3.456205,-1.219265,0.208759,5.696072
939|3.482153,-3.449177,-1.222276,0.210165,5.743232
940|3.483572,-3.442122,-1.225277,0.211576,5.790728
941|3.484996,-3.435038,-1.228267,0.212992,5.838561
942|3.486423,-3.427925,-1.231247,0.214415,5.886735
943|3.487856,-3.420785,-1.234218,0.215843,5.935252
944|3.489293,-3.413616,-1.237178,0.217277,5.984117
945|3.490734,-3.406418,-1.240127,0.218716,6.033332
946|3.492180,-3.399192,-1.243067,0.220162,6.082899
947|3.493631,-3.391937,-1.245995,0.221613,6.132823
948|3.495087,-3.384653,-1.248913,0.223069,6.183107
949|3.496547,-3.377341,-1.251821,0.224532,6.233753
950|3.498012,-3.369999,-1.254718,0.226000,6.284765
951|3.499481,-3.362629,-1.257604,0.227474,6.336147
952|3.500956,-3.355230,-1.260479,0.228954,6.387901
953|3.502435,-3.347801,-1.263343,0.230440,6.440031
954|3.503920,-3.340343,-1.266196,0.231931,6.492541
955|3.505409,-3.332856,-1.269038,0.233429,6.545434
956|3.506903,-3.325339,-1.271869,0.234932,6.598714
957|3.508403,-3.317793,-1.274689,0.236441,6.652384
958|3.509907,-3.310218,-1.277497,0.237956,6.706447
959|3.511417,-3.302613,-1.280294,0.239477,6.760909
960|3.512932,-3.294978,-1.283079,0.241004,6.815772
961|3.514452,-3.287313,-1.285853,0.242537,6.871040
962|3.515977,-3.279618,-1.288615,0.244076,6.926717
963|3.517508,-3.271894,-1.291365,0.245621,6.982807
964|3.519044,-3.264139,-1.294103,0.247172,7.039314
965|3.520586,-3.256354,-1.296830,0.248729,7.096242
966|3.522133,-3.248539,-1.299544,0.250292,7.153595
967|3.523686,-3.240694,-1.302246,0.251861,7.211377
968|3.525244,-3.232818,-1.304936,0.253436,7.269593
969|3.526808,-3.224911,-1.307614,0.255018,7.328246
970|3.528378,-3.216974,-1.310279,0.256605,7.387341
971|3.529953,-3.209007,-1.312932,0.258199,7.446882
972|3.531534,-3.201008,-1.315572,0.259798,7.506875
973|3.533121,-3.192979,-1.318199,0.261404,7.567322
974|3.534714,-3.184918,-1.320814,0.263016,7.628229
975|3.536313,-3.176827,-1.323415,0.264635,7.689601
976|3.537918,-3.168704,-1.326004,0.266259,7.751441
977|3.539530,-3.160550,-1.328580,0.267890,7.813756
978|3.541147,-3.152365,-1.331142,0.269527,7.876549
979|3.542770,-3.144148,-1.333691,0.271170,7.939826
980|3.544400,-3.135900,-1.336227,0.272820,8.003592
981|3.546036,-3.127620,-1.338750,0.274476,8.067851
982|3.547679,-3.119308,-1.341258,0.276138,8.132608
983|3.549328,-3.110965,-1.343753,0.277807,8.197870
984|3.550983,-3.102589,-1.346234,0.279482,8.263641
985|3.552645,-3.094181,-1.348702,0.281164,8.329927
986|3.554314,-3.085741,-1.351155,0.282852,8.396732
987|3.555989,-3.077269,-1.353594,0.284546,8.464063
988|3.557672,-3.068765,-1.356019,0.286247,8.531925
989|3.559361,-3.060228,-1.358429,0.287954,8.600324
990|3.561057,-3.051658,-1.360825,0.289668,8.669265
991|3.562760,-3.043055,-1.363207,0.291389,8.738754
992|3.564470,-3.034420,-1.365573,0.293116,8.808798
993|3.566187,-3.025752,-1.367925,0.294850,8.879403
994|3.567911,-3.017051,-1.370262,0.296590,8.950573
995|3.569643,-3.008316,-1.372584,0.298337,9.022317
996|3.571382,-2.999549,-1.374891,0.300090,9.094639
997|3.573128,-2.990748,-1.377182,0.301850,9.167547
998|3.574882,-2.981913,-1.379458,0.303617,9.241046
999|3.576644,-2.973045,-1.381719,0.305391,9.315144
1000|3.578413,-2.964143,-1.383963,0.307171,9.389848
1001|3.580190,-2.955207,-1.386192,0.308959,9.465163
1002|3.581974,-2.946237,-1.388405,0.310753,9.541097
1003|3.583767,-2.937233,-1.390602,0.312553,9.617658
1004|3.585567,-2.928195,-1.392783,0.314361,9.694851
1005|3.587376,-2.919123,-1.394947,0.316175,9.772685
1006|3.589193,-2.910016,-1.397095,0.317997,9.851167
1007|3.591018,-2.900874,-1.399226,0.319825,9.930304
1008|3.592851,-2.891698,-1.401340,0.321660,10.010104
1009|3.594693,-2.882486,-1.403438,0.323503,10.090575
1010|3.596543,-2.873240,-1.405519,0.325352,10.171724
1011|3.598402,-2.863959,-1.407582,0.327208,10.253560
1012|3.600270,-2.854642,-1.409628,0.329072,10.336091
1013|3.602146,-2.845290,-1.411657,0.330942,10.419324
1014|3.604031,-2.835903,-1.413668,0.332819,10.503269
1015|3.605925,-2.826480,-1.415661,0.334704,10.587934
1016|3.607828,-2.817021,-1.417636,0.336596,10.673328
1017|3.609741,-2.807526,-1.419593,0.338495,10.759459
1018|3.611663,-2.797995,-1.421532,0.340401,10.846336
1019|3.613594,-2.788428,-1.423453,0.342314,10.933970
1020|3.615534,-2.778824,-1.425355,0.344235,11.022368
1021|3.617484,-2.769185,-1.427238,0.346163,11.111540
1022|3.619444,-2.759508,-1.429102,0.348098,11.201497
1023|3.621414,-2.749795,-1.430948,0.350041,11.292247
1024|3.623393,-2.740044,-1.432774,0.351991,11.383801
1025|3.625383,-2.730257,-1.434580,0.353949,11.476169
1026|3.627383,-2.720432,-1.436368,0.355914,11.569361
1027|3.629393,-2.710570,-1.438135,0.357886,11.663387
1028|3.631413,-2.700671,-1.439883,0.359866,11.758259
1029|3.633444,-2.690734,-1.441610,0.361853,11.853988
1030|3.635485,-2.680759,-1.443317,0.363848,11.950583
1031|3.637538,-2.670746,-1.445004,0.365851,12.048057
1032|3.639601,-2.660694,-1.446670,0.367861,12.146421
1033|3.641675,-2.650605,-1.448315,0.369879,12.245687
1034|3.643760,-2.640477,-1.449939,0.371905,12.345866
1035|3.645857,-2.630310,-1.451542,0.373938,12.446971
1036|3.647965,-2.620105,-1.453124,0.375979,12.549014
1037|3.650084,-2.609861,-1.454684,0.378028,12.652008
1038|3.652215,-2.599577,-1.456222,0.380085,12.755964
1039|3.654358,-2.589254,-1.457738,0.382149,12.860897
1040|3.656513,-2.578892,-1.459232,0.384222,12.966820
1041|3.658680,-2.568490,-1.460704,0.386302,13.073745
1042|3.660860,-2.558048,-1.462152,0.388390,13.181688
1043|3.663051,-2.547567,-1.463578,0.390487,13.290661
1044|3.665256,-2.537045,-1.464981,0.392591,13.400679
1045|3.667473,-2.526482,-1.466361,0.394704,13.511758
1046|3.669703,-2.515879,-1.467717,0.396824,13.623910
1047|3.671946,-2.505236,-1.469049,0.398953,13.737153
1048|3.674202,-2.494551,-1.470357,0.401090,13.851500
1049|3.676472,-2.483826,-1.471641,0.403235,13.966968
1050|3.678755,-2.473059,-1.472901,0.405388,14.083573
1051|3.681052,-2.462251,-1.474136,0.407550,14.201332
1052|3.683362,-2.451401,-1.475346,0.409720,14.320260
1053|3.685687,-2.440509,-1.476531,0.411898,14.440375
1054|3.688027,-2.429575,-1.477690,0.414085,14.561695
1055|3.690380,-2.418599,-1.478824,0.416280,14.684236
1056|3.692748,-2.407580,-1.479931,0.418484,14.808018
1057|3.695132,-2.396519,-1.481013,0.420696,14.933057
1058|3.697530,-2.385414,-1.482068,0.422917,15.059375
1059|3.699943,-2.374267,-1.483096,0.425147,15.186988
1060|3.702372,-2.363076,-1.484097,0.427385,15.315918
1061|3.704817,-2.351842,-1.485071,0.429632,15.446183
1062|3.707277,-2.340565,-1.486017,0.431887,15.577805
1063|3.709754,-2.329243,-1.486935,0.434151,15.710804
1064|3.712246,-2.317877,-1.487825,0.436425,15.845202
1065|3.714756,-2.306467,-1.488687,0.438707,15.981020
1066|3.717282,-2.295012,-1.489520,0.440998,16.118280
1067|3.719825,-2.283512,-1.490323,0.443298,16.257005
1068|3.722386,-2.271967,-1.491098,0.445607,16.397219
1069|3.724964,-2.260377,-1.491842,0.447925,16.538944
1070|3.727559,-2.248742,-1.492557,0.450252,16.682206
1071|3.730173,-2.237061,-1.493241,0.452588,16.827028
1072|3.732805,-2.225333,-1.493895,0.454933,16.973437
1073|3.735455,-2.213560,-1.494517,0.457288,17.121457
1074|3.738125,-2.201740,-1.495108,0.459652,17.271115
1075|3.740813,-2.189873,-1.495668,0.462025,17.422439
1076|3.743521,-2.177959,-1.496195,0.464408,17.575455
1077|3.746248,-2.165999,-1.496690,0.466800,17.730192
1078|3.748995,-2.153990,-1.497152,0.469202,17.886679
1079|3.751763,-2.141934,-1.497581,0.471613,18.044946
1080|3.754551,-2.129830,-1.497976,0.474034,18.205021
1081|3.757360,-2.117678,-1.498337,0.476464,18.366938
1082|3.760190,-2.105477,-1.498664,0.478905,18.530726
1083|3.763041,-2.093227,-1.498957,0.481355,18.696418
1084|3.765915,-2.080928,-1.499214,0.483814,18.864048
1085|3.768810,-2.068580,-1.499435,0.486284,19.033650
1086|3.771729,-2.056183,-1.499621,0.488763,19.205257
1087|3.774670,-2.043735,-1.499770,0.491253,19.378906
1088|3.777634,-2.031237,-1.499883,0.493753,19.554633
1089|3.780622,-2.018689,-1.499958,0.496262,19.732476
1090|3.783634,-2.006090,-1.499996,0.498782,19.912472
1091|3.786670,-1.993440,-1.499995,0.501312,20.094661
1092|3.789731,-1.980739,-1.499955,0.503852,20.279082
1093|3.792817,-1.967986,-1.499877,0.506403,20.465778
1094|3.795929,-1.955181,-1.499759,0.508964,20.654789
1095|3.799067,-1.942323,-1.499601,0.511535,20.846160
1096|3.802231,-1.929414,-1.499402,0.514117,21.039935
1097|3.805422,-1.916451,-1.499162,0.516710,21.236159
1098|3.808641,-1.903435,-1.498881,0.519313,21.434878
1099|3.811887,-1.890365,-1.498557,0.521927,21.636141
1100|3.815162,-1.877242,-1.498191,0.524552,21.839997
1101|3.818466,-1.864064,-1.497781,0.527187,22.046496
1102|3.821799,-1.850832,-1.497327,0.529834,22.255689
1103|3.825162,-1.837545,-1.496830,0.532491,22.467631
1104|3.828555,-1.824203,-1.496287,0.535159,22.682374
1105|3.831979,-1.810805,-1.495698,0.537839,22.899976
1106|3.835434,-1.797352,-1.495064,0.540530,23.120494
1107|3.838922,-1.783842,-1.494383,0.543232,23.343987
1108|3.842442,-1.770275,-1.493654,0.545945,23.570515
1109|3.845995,-1.756652,-1.492877,0.548670,23.800141
1110|3.849582,-1.742971,-1.492051,0.551406,24.032929
1111|3.853204,-1.729232,-1.491176,0.554154,24.268945
1112|3.856861,-1.715435,-1.490251,0.556913,24.508257
1113|3.860553,-1.701580,-1.489275,0.559684,24.750934
1114|3.864282,-1.687666,-1.488248,0.562467,24.997048
1115|3.868048,-1.673693,-1.487168,0.565261,25.246674
1116|3.871852,-1.659660,-1.486035,0.568068,25.499886
1117|3.875695,-1.645567,-1.484849,0.570887,25.756763
1118|3.879577,-1.631413,-1.483608,0.573717,26.017386
1119|3.883499,-1.617199,-1.482311,0.576560,26.281837
1120|3.887462,-1.602923,-1.480959,0.579415,26.550202
1121|3.891467,-1.588586,-1.479549,0.582283,26.822569
1122|3.895515,-1.574187,-1.478082,0.585163,27.099027
1123|3.899606,-1.559725,-1.476556,0.588055,27.379672
1124|3.903741,-1.545200,-1.474970,0.590960,27.664598
1125|3.907922,-1.530612,-1.473324,0.593878,27.953905
1126|3.912149,-1.515959,-1.471616,0.596808,28.247696
1127|3.916424,-1.501243,-1.469846,0.599751,28.546076
1128|3.920746,-1.486462,-1.468012,0.602708,28.849153
1129|3.925118,-1.471615,-1.466114,0.605677,29.157042
1130|3.929541,-1.456703,-1.464151,0.608659,29.469856
1131|3.934015,-1.441725,-1.462121,0.611655,29.787717
1132|3.938541,-1.426680,-1.460024,0.614664,30.110749
1133|3.943121,-1.411568,-1.457858,0.617686,30.439078
1134|3.947757,-1.396389,-1.455622,0.620722,30.772837
1135|3.952448,-1.381141,-1.453315,0.623772,31.112163
1136|3.957198,-1.365825,-1.450936,0.626835,31.457198
1137|3.962006,-1.350440,-1.448484,0.629912,31.808086
1138|3.966874,-1.334985,-1.445957,0.633003,32.164979
1139|3.971804,-1.319460,-1.443354,0.636108,32.528034
1140|3.976797,-1.303865,-1.440674,0.639227,32.897412
1141|3.981855,-1.288199,-1.437916,0.642360,33.273280
1142|3.986980,-1.272461,-1.435077,0.645508,33.655813
1143|3.992172,-1.256650,-1.432158,0.648670,34.045190
1144|3.997433,-1.240768,-1.429155,0.651846,34.441597
1145|4.002766,-1.224811,-1.426068,0.655038,34.845227
1146|4.008172,-1.208782,-1.422895,0.658244,35.256280
1147|4.013653,-1.192678,-1.419635,0.661464,35.674964
1148|4.019211,-1.176499,-1.416285,0.664700,36.101493
1149|4.024848,-1.160244,-1.412845,0.667951,36.536092
1150|4.030565,-1.143914,-1.409313,0.671217,36.978993
1151|4.036366,-1.127507,-1.405686,0.674499,37.430436
1152|4.042252,-1.111023,-1.401963,0.677795,37.890671
1153|4.048226,-1.094462,-1.398142,0.681108,38.359959
1154|4.054290,-1.077822,-1.394221,0.684436,38.838569
1155|4.060446,-1.061103,-1.390198,0.687779,39.326783
1156|4.066697,-1.044306,-1.386071,0.691139,39.824893
1157|4.073046,-1.027428,-1.381838,0.694514,40.333203
1158|4.079496,-1.010469,-1.377497,0.697906,40.852029
1159|4.086050,-0.993430,-1.373046,0.701314,41.381702
1160|4.092709,-0.976309,-1.368481,0.704738,41.922565
1161|4.099479,-0.959106,-1.363801,0.708179,42.474975
1162|4.106361,-0.941820,-1.359004,0.711636,43.039306
1163|4.113360,-0.924451,-1.354086,0.715110,43.615946
1164|4.120479,-0.906998,-1.349046,0.718600,44.205301
1165|4.127722,-0.889460,-1.343880,0.722108,44.807794
1166|4.135092,-0.871837,-1.338585,0.725633,45.423868
1167|4.142593,-0.854129,-1.333159,0.729174,46.053983
1168|4.150230,-0.836335,-1.327599,0.732733,46.698623
1169|4.158008,-0.818454,-1.321901,0.736309,47.358291
1170|4.165930,-0.800486,-1.316062,0.739903,48.033514
1171|4.174002,-0.782430,-1.310080,0.743514,48.724844
1172|4.182229,-0.764287,-1.303950,0.747143,49.432857
1173|4.190615,-0.746054,-1.297668,0.750789,50.158157
1174|4.199167,-0.727733,-1.291233,0.754453,50.901376
1175|4.207891,-0.709323,-1.284638,0.758135,51.663177
1176|4.216791,-0.690822,-1.277881,0.761836,52.444254
1177|4.225876,-0.672232,-1.270957,0.765554,53.245335
1178|4.235150,-0.653551,-1.263862,0.769290,54.067183
1179|4.244622,-0.634779,-1.256591,0.773044,54.910600
1180|4.254299,-0.615916,-1.249141,0.776817,55.776427
1181|4.264188,-0.596962,-1.241505,0.780608,56.665546
1182|4.274298,-0.577917,-1.233679,0.784417,57.578885
1183|4.284638,-0.558780,-1.225659,0.788244,58.517419
1184|4.295215,-0.539552,-1.217437,0.792090,59.482172
1185|4.306041,-0.520233,-1.209010,0.795953,60.474222
1186|4.317124,-0.500822,-1.200370,0.799836,61.494703
1187|4.328475,-0.481320,-1.191512,0.803736,62.544806
1188|4.340107,-0.461728,-1.182429,0.807654,63.625787
1189|4.352030,-0.442045,-1.173115,0.811591,64.738968
1190|4.364257,-0.422272,-1.163563,0.815546,65.885738
1191|4.376801,-0.402411,-1.153766,0.819518,67.067565
1192|4.389677,-0.382461,-1.143715,0.823508,68.285990
1193|4.402898,-0.362424,-1.133404,0.827515,69.542641
1194|4.416482,-0.342301,-1.122823,0.831540,70.839228
1195|4.430444,-0.322093,-1.111965,0.835581,72.177557
1196|4.444802,-0.301803,-1.100820,0.839639,73.559527
1197|4.459576,-0.281431,-1.089379,0.843714,74.987139
1198|4.474785,-0.260980,-1.077632,0.847804,76.462500
1199|4.490450,-0.240453,-1.065569,0.851909,77.987826
1200|4.506594,-0.219851,-1.053179,0.856030,79.565448
1201|4.523241,-0.199180,-1.040450,0.860164,81.197816
1202|4.540418,-0.178441,-1.027372,0.864312,82.887502
1203|4.558150,-0.157639,-1.013930,0.868472,84.637202
1204|4.576468,-0.136780,-1.000114,0.872644,86.449741
1205|4.595403,-0.115866,-0.985908,0.876827,88.328071
1206|4.614988,-0.094906,-0.971299,0.881019,90.275270
1207|4.635258,-0.073905,-0.956272,0.885219,92.294542
1208|4.656252,-0.052870,-0.940812,0.889426,94.389207
1209|4.678009,-0.031811,-0.924902,0.893638,96.562693
1210|4.700574,-0.010735,-0.908524,0.897853,98.818524
1211|4.723992,0.010347,-0.891663,0.881376,98.839704
1212|4.748313,0.031422,-0.874298,0.843440,96.408344
1213|4.773590,0.052479,-0.856411,0.805539,93.883739
1214|4.799878,0.073502,-0.837981,0.767697,91.262264
1215|4.827237,0.094475,-0.818989,0.729944,88.540386
1216|4.855732,0.115381,-0.799411,0.692314,85.714743
1217|4.885429,0.136200,-0.779227,0.654841,82.782232
1218|4.916400,0.156907,-0.758413,0.617567,79.740131
1219|4.948720,0.177480,-0.736946,0.580536,76.586245
1220|4.982470,0.197889,-0.714802,0.543799,73.319080
1221|5.017731,0.218104,-0.691957,0.507412,69.938057
1222|5.054591,0.238091,-0.668388,0.471437,66.443777
1223|5.093139,0.257810,-0.644070,0.435942,62.838315
1224|5.133467,0.277220,-0.618980,0.401004,59.125589
1225|5.175666,0.296274,-0.593098,0.366706,55.311762
1226|5.219831,0.314922,-0.566401,0.333141,51.405711
1227|5.266050,0.333105,-0.538872,0.300410,47.419538
1228|5.314409,0.350765,-0.510495,0.268623,43.369120
1229|5.364988,0.367833,-0.481260,0.237900,39.274670
1230|5.417853,0.384240,-0.451159,0.208369,35.161278
1231|5.473058,0.399907,-0.420191,0.180168,31.059388
1232|5.530636,0.414754,-0.388363,0.153442,27.005137
1233|5.590596,0.428697,-0.355689,0.128345,23.040486
1234|5.652917,0.441648,-0.322193,0.105034,19.213045
1235|5.717544,0.453517,-0.287909,0.083669,15.575498
1236|5.784380,0.464216,-0.252883,0.064411,12.184546
1237|5.853284,0.473659,-0.217173,0.047414,9.099310
1238|5.924070,0.481763,-0.180851,0.032827,6.379197
1239|5.996502,0.488454,-0.143998,0.020783,4.081288
1240|6.070302,0.493666,-0.106710,0.011401,2.257421
1241|6.145148,0.497347,-0.069092,0.004776,0.951198
1242|6.220688,0.499457,-0.031255,0.000977,0.195229
1243|0.013361,0.499975,0.006681,0.000045,0.008926
