result_new_OneBody2_E-0.20_ecc0.8_RK4.txt
geod|
newt|
num|numerrical|theoretical|relative difference(%)
1|7.199206429886473e-07,1.0658141036401503e-14,99.99999851953946
2|5.185221451098343e-07,1.0658141036401503e-14,99.99999794451575
3|6.340823889283698e-07,1.1546319456101628e-14,99.9999981790506
4|3.456526825873496e-07,1.1546319456101628e-14,99.9999966595603
5|4.5461361197762784e-07,1.3322676295501878e-14,99.99999706945064
6|6.386711425276914e-07,1.509903313490213e-14,99.99999763586733
7|2.7615796760471767e-08,1.865174681370263e-14,99.99993245986354
8|6.569973040049248e-07,2.353672812205332e-14,99.99999641753048
9|1.7785205153053596e-07,2.886579864025407e-14,99.99998376976909
10|1.0128255838459665e-06,3.68594044175552e-14,99.99999636073525
11|3.165992604747814e-07,4.75175454539567e-14,99.99998499126454
12|4.898963997801431e-07,6.306066779870889e-14,99.9999871277544
13|9.812148975552049e-07,8.43769498715119e-14,99.99999140076756
14|5.38228633217841e-07,1.1546319456101628e-13,99.9999785475563
15|3.7309427514120586e-07,1.5987211554602254e-13,99.99995714967336
16|9.129871892943342e-07,2.2426505097428162e-13,99.99997543612291
17|3.923143129247464e-07,3.161915174132446e-13,99.99991940352238
18|6.480291825372575e-08,4.4853010194856324e-13,99.99930785508734
19|1.6400578772834962e-07,6.3815619455454e-13,99.99961089410112
20|4.308387036022765e-07,9.090506125630782e-13,99.99978900442208
21|2.0077007822916215e-07,1.2940759575030825e-12,99.99935544381468
22|2.9035331261528796e-07,1.838085239569409e-12,99.99936694876217
23|5.3201449801143497e-08,2.6001423236721166e-12,99.99511264761883
24|9.649552024093566e-08,3.660183267584216e-12,99.99620688788615
25|4.641078263922793e-07,5.123013124830322e-12,99.99889615885932
26|3.378588808722327e-08,7.120526390735904e-12,99.97892455461773
27|1.064415644513872e-08,9.825473767932635e-12,99.90769138147702
28|7.194743074645515e-07,1.3447465363469746e-11,99.9981309318173
29|7.594680551115118e-08,1.8250734257208023e-11,99.97596905605921
30|1.3842446011658183e-07,2.454481062841296e-11,99.98226844402518
31|1.1552647438684005e-07,3.270006487809951e-11,99.97169474351948
32|2.300392230036863e-07,4.3128833837613456e-11,99.98125153038058
33|4.783110596484619e-07,5.6277649207459035e-11,99.98823408991446
34|4.85187153342892e-07,7.261724555007731e-11,99.98503314750818
35|3.973031612591882e-07,9.259992772570058e-11,99.97669287920282
36|4.396429205133501e-07,1.165818552806286e-10,99.97348260375841
37|9.880381668381233e-08,1.4482037791196944e-10,99.85342633232943
38|3.471266427634845e-07,1.773947655436814e-10,99.94889624025069
39|6.370253680110238e-08,2.1403212535631155e-10,99.66401318361217
40|3.938208803511145e-08,2.5419311100449704e-10,99.35454638469685
41|4.829383604132431e-07,2.969404722108493e-10,99.93851379460584
42|2.3044346164624585e-07,3.4091018896731384e-10,99.85206341436988
43|3.445778182786796e-07,3.8440495231384375e-10,99.888441759184
44|1.7325042289684234e-07,4.2546210998750666e-10,99.75442362398108
45|6.026762719990586e-07,4.6202952574958545e-10,99.92333703063885
46|5.939772234064833e-07,4.920376328598763e-10,99.9171622053051
47|5.260141220375658e-07,5.137622549611365e-10,99.90232918976186
48|1.926354231684968e-07,5.259099822296776e-10,99.72699206948575
49|2.3365057266744316e-07,5.278765202731961e-10,99.77407437343433
50|1.6001955183142513e-07,5.194449315126803e-10,99.67538658522184
51|5.707570549517982e-07,5.015330373225879e-10,99.91212845588655
52|4.850891186514161e-07,4.75168016045302e-10,99.90204521235886
53|1.9339906121018657e-08,4.4207182359201624e-10,97.71419871003629
54|2.3138575944159356e-08,4.0416925362052325e-10,98.25326651650512
55|1.5606023540115643e-07,3.63447827389507e-10,99.76711054776045
56|4.6739759262948155e-07,3.2169023000960806e-10,99.93117417909667
57|3.296578494627056e-07,2.8058155798760254e-10,99.91488703865389
58|3.0352227620156214e-07,2.413957922442478e-10,99.92046850884712
59|3.154637537861049e-07,2.0501544906181834e-10,99.93501140888571
60|4.242521507435981e-07,1.721501829976546e-10,99.95942267288547
61|4.0287191271914935e-07,1.4300294282065806e-10,99.96450411698957
62|6.297553425405056e-07,1.1768297447645182e-10,99.98131290573865
63|2.9626010755734455e-07,9.599698813644864e-11,99.96759705890612
64|1.9358123015678075e-07,7.774070276411749e-11,99.95984078482137
65|3.3976057345341815e-07,6.252798279149374e-11,99.98159645712981
66|4.059594438388103e-08,5.0008663876610626e-11,99.87681364570874
67|3.9397549533859433e-07,3.980438201267589e-11,99.98989673660326
68|4.5303410711738934e-07,3.154809746774845e-11,99.99303626438449
69|1.0128113325791332e-07,2.492606121506924e-11,99.9753892354743
70|5.786913535033023e-07,1.9640511439433794e-11,99.99660604719243
71|4.29163686810341e-07,1.5440315692671902e-11,99.99640223155704
72|3.5426757705181444e-07,1.212407951811656e-11,99.9965777055809
73|3.0326827715754234e-07,9.510170428939091e-12,99.99686410642153
74|5.139733172399019e-08,7.456923967197326e-12,99.9854916126634
75|1.1715286207802933e-07,5.846212403071149e-12,99.99500975708202
76|6.888879067190601e-08,4.5849990470969715e-12,99.99334434673278
77|3.3512382024980525e-07,3.5988989566249074e-12,99.99892609873153
78|3.3362758289356975e-07,2.8277380437202737e-12,99.99915242678102
79|3.753870339018306e-07,2.2248869413488137e-12,99.99940730852683
80|4.3130207449948443e-07,1.7530421558831222e-12,99.99959354655135
81|1.4243886381493098e-07,1.3840040224977201e-12,99.999028352245
82|3.377222905776023e-07,1.0946799022804043e-12,99.99967586388793
83|1.0555268215028946e-07,8.679723606519474e-13,99.99917768801042
84|1.251071468644227e-08,6.896705428971472e-13,99.99448736095273
85|1.7885958758512288e-07,5.493383525845275e-13,99.99969286614153
86|2.0662419286665568e-07,4.3876013933186186e-13,99.99978765306558
87|4.5321864927672095e-08,3.5127456499139953e-13,99.9992249335601
88|1.2540184979314972e-07,2.828848266744899e-13,99.99977441734141
89|1.1194070781428422e-07,2.2737367544323206e-13,99.99979688025931
90|2.1849115761085613e-07,1.8340884366807586e-13,99.9999160566287
91|5.445138961945872e-08,1.4876988529977098e-13,99.9997267840429
92|1.747515012695544e-07,1.212363542890671e-13,99.99993062356924
93|3.7875563174694094e-07,9.85878045867139e-14,99.99997397060365
94|1.4126226854926927e-07,8.08242361927114e-14,99.9999427842714
95|4.788979435232932e-08,6.661338147750939e-14,99.99986090276148
96|1.6639885291880319e-07,5.417888360170764e-14,99.9999674403503
97|7.74258124280891e-08,4.4853010194856324e-14,99.99994206969383
98|1.9406019102774508e-07,3.730349362740526e-14,99.99998077735911
99|1.0203185851764829e-07,3.1530333899354446e-14,99.99996909755995
100|1.7851723033146527e-07,2.6201263381153694e-14,99.99998532283784
101|1.655242511944266e-07,2.1760371282653068e-14,99.99998685366577
102|1.9970427089788245e-08,1.8207657603852567e-14,99.99990882689929
103|7.781594746347764e-08,1.5987211554602254e-14,99.9999794550962
104|1.628914914064694e-07,1.2878587085651816e-14,99.99999209376317
105|2.2843809954764538e-07,1.1546319456101628e-14,99.9999949455369
106|9.606796869121581e-08,9.769962616701378e-15,99.99998983015593
107|2.783530534955503e-07,7.993605777301127e-15,99.99999712824929
108|4.751894611132457e-08,6.661338147750939e-15,99.99998598172162
109|8.786531324744828e-08,6.661338147750939e-15,99.99999241869413
110|3.083583486329644e-07,5.773159728050814e-15,99.99999812777577
111|3.382245150618246e-08,4.884981308350689e-15,99.99998555698629
112|2.431345595965695e-07,3.552713678800501e-15,99.99999853878704
113|2.797180176372649e-08,3.9968028886505635e-15,99.99998571131412
114|1.9421247365869476e-07,3.552713678800501e-15,99.99999817070777
115|1.8052578010241405e-07,2.6645352591003757e-15,99.99999852401399
116|1.6004512382039593e-07,2.220446049250313e-15,99.9999986126125
117|1.907091480291001e-07,2.220446049250313e-15,99.99999883568981
118|2.2855429548940265e-08,1.7763568394002505e-15,99.99999222785625
119|4.088419380821051e-09,1.7763568394002505e-15,99.99995655150136
120|3.549399085756022e-08,1.7763568394002505e-15,99.99999499533077
121|3.553679661649767e-08,1.7763568394002505e-15,99.99999500135912
122|1.540099976438114e-07,1.7763568394002505e-15,99.99999884659641
123|2.179839686533569e-08,1.7763568394002505e-15,99.99999185097487
124|3.91380501341132e-08,1.7763568394002505e-15,99.9999954613047
125|5.237667188850992e-08,1.7763568394002505e-15,99.99999660849616
126|3.1286671031693913e-09,8.881784197001252e-16,99.99997161160358
127|7.847368266311605e-08,8.881784197001252e-16,99.99999886818308
128|1.2439029362099063e-08,1.7763568394002505e-15,99.99998571948994
129|9.981338422448971e-09,8.881784197001252e-16,99.99999110161001
130|8.503053194885979e-08,8.881784197001252e-16,99.9999989554594
131|1.2925911896388698e-08,8.881784197001252e-16,99.99999312869818
132|7.504936583302424e-08,8.881784197001252e-16,99.99999881654108
133|6.823387632692857e-08,8.881784197001252e-16,99.99999869833216
134|9.897841302120014e-08,0.0,100.0
135|4.5931525249898186e-10,8.881784197001252e-16,99.99980662988767
136|8.221245906270269e-11,8.881784197001252e-16,99.99891965472165
137|8.740123824679813e-08,1.7763568394002505e-15,99.9999979675839
138|5.1981487558805384e-08,0.0,100.0
139|8.808001350502082e-08,1.7763568394002505e-15,99.9999979832464
140|8.894044789542477e-08,8.881784197001252e-16,99.99999900137851
141|5.547624581936361e-09,8.881784197001252e-16,99.99998398993287
142|3.3723542181007815e-08,8.881784197001252e-16,99.99999736629559
143|6.421583709226297e-08,8.881784197001252e-16,99.9999986168857
144|1.2835641260977582e-07,8.881784197001252e-16,99.99999930803736
145|9.143576029657652e-08,8.881784197001252e-16,99.99999902863124
146|7.105792843020708e-08,8.881784197001252e-16,99.9999987500643
147|9.226627284419919e-08,8.881784197001252e-16,99.99999903737478
148|3.7739286362636904e-08,1.3322676295501878e-15,99.99999646981234
149|1.280070449638515e-07,1.7763568394002505e-15,99.9999986122976
150|1.2422964168479211e-07,1.7763568394002505e-15,99.99999857010226
151|9.890420837876945e-08,1.3322676295501878e-15,99.99999865297175
152|5.5432256118592704e-08,2.220446049250313e-15,99.99999599430691
153|1.403202167793438e-07,2.220446049250313e-15,99.9999984175865
154|1.3756130545772294e-07,2.220446049250313e-15,99.99999838584982
155|5.528705848689697e-08,2.6645352591003757e-15,99.99999518054436
156|1.0693705032593925e-07,3.1086244689504383e-15,99.99999709303327
157|4.214854953943359e-08,3.1086244689504383e-15,99.99999262459917
158|4.41147527396879e-08,3.9968028886505635e-15,99.99999093998574
159|4.067544079333629e-08,4.440892098500626e-15,99.99998908212913
160|7.302207638559821e-08,4.440892098500626e-15,99.99999391842533
161|1.4187932695364225e-07,5.329070518200751e-15,99.9999962439415
162|1.3414611643725038e-08,6.217248937900877e-15,99.99995365315745
163|5.947661385619085e-08,7.105427357601002e-15,99.99998805340974
164|5.2082956614185605e-08,7.993605777301127e-15,99.99998465216589
165|2.836411798767813e-07,9.769962616701378e-15,99.99999655552038
166|6.743151637067513e-08,1.1546319456101628e-14,99.999982876969
167|3.238990853304813e-07,1.3322676295501878e-14,99.99999588678175
168|9.668437161991505e-08,1.5987211554602254e-14,99.99998346453384
169|1.9854919131034876e-07,1.865174681370263e-14,99.99999060598198
170|1.839258345626149e-08,2.2648549702353193e-14,99.99987686042172
171|3.70438172581089e-07,2.708944180085382e-14,99.99999268718945
172|6.17056183926934e-08,3.197442310920451e-14,99.99994818231477
173|5.6305253792743315e-08,3.907985046680551e-14,99.99993059288816
174|2.8670319185408744e-07,4.6629367034256575e-14,99.99998373601399
175|4.9049243777687934e-08,5.639932965095795e-14,99.99988501488441
176|1.692781381734676e-07,6.838973831690964e-14,99.99995959919039
177|2.9558339154078794e-07,8.304468224196171e-14,99.99997190482124
178|2.5888434063148225e-08,1.021405182655144e-13,99.99960545887782
179|1.2935583759698943e-07,1.2567724638756772e-13,99.99990284377672
180|1.0285218055017253e-07,1.5498713423767185e-13,99.99984931079399
181|3.543633937397317e-07,1.91402449445377e-13,99.99994598695778
182|3.6910291667524575e-07,2.3714363805993344e-13,99.99993575135082
183|2.3041613195218247e-07,2.944311461305915e-13,99.99987221765089
184|3.886481940718056e-07,3.672617765460018e-13,99.99990550277033
185|3.0871795742015706e-07,4.591882429849647e-13,99.99985125962648
186|6.051273215845754e-08,5.755396159656812e-13,99.99904889500864
187|3.5820230426253374e-07,7.23643367450677e-13,99.99979797914227
188|1.4522065105992965e-07,9.117151478221786e-13,99.9993721862964
189|1.7406592034419077e-07,1.1515233211412124e-12,99.99933845561563
190|2.791370001808957e-07,1.4575007867279055e-12,99.9994778546786
191|4.642509656704874e-07,1.8482992913959606e-12,99.99960187497106
192|4.204193970736014e-08,2.348121697082206e-12,99.99441481122558
193|7.328937279282854e-08,2.986721980846596e-12,99.99592475434427
194|3.8273592695148295e-07,3.8045122607854864e-12,99.99900596939224
195|9.736377881708336e-08,4.849898260772534e-12,99.99501878591845
196|2.5485740984265703e-07,6.185718604001522e-12,99.9975728708034
197|2.4436470935640386e-07,7.891909348245463e-12,99.99677043818274
198|3.461526252301894e-07,1.0064171718227044e-11,99.99709256235987
199|3.451119612307707e-07,1.2827960915728909e-11,99.99628295673381
200|2.203228119945777e-07,1.6326939800137552e-11,99.99258953730104
201|4.947551408562845e-07,2.0749624241034326e-11,99.99580608213486
202|3.3802052978870734e-07,2.630118345336996e-11,99.99221905738393
203|7.13100978266823e-08,3.323941122346241e-11,99.9533875113953
204|1.863003702418098e-07,4.1853853716133926e-11,99.97753420797726
205|2.3295687201496662e-07,5.246625356392087e-11,99.9774781258393
206|1.6889542031606197e-07,6.54105658526305e-11,99.96127155743464
207|3.164161581636904e-07,8.105360826959895e-11,99.974383859301
208|8.259260475540486e-08,9.971579117973306e-11,99.87926789392944
209|3.6716016271753915e-07,1.2170642271769339e-10,99.96685195315938
210|2.8326473389128637e-07,1.47208911727148e-10,99.94803133107857
211|1.8984278105094177e-07,1.7622669989947326e-10,99.9071722933451
212|7.661514800361147e-08,2.0867529926249517e-10,99.72763180036844
213|3.111085691287485e-07,2.4405233389757086e-10,99.92155396600582
214|4.152069985607909e-07,2.817388544684718e-10,99.93214496493435
215|3.4600863818567973e-07,3.205645748849406e-10,99.90735359193174
216|5.441054455879168e-07,3.59265617255744e-10,99.93397132482886
217|2.5632534317310274e-08,3.962203898311145e-10,98.45422857948331
218|1.8304634119559182e-07,4.2951664447343774e-10,99.76535087144163
219|1.7917582484372474e-07,4.574580714233889e-10,99.74468761518337
220|3.3590512416026286e-07,4.78309170048874e-10,99.8576058727164
221|2.096242202043186e-07,4.907484418836816e-10,99.76589134528187
222|3.8528444701313447e-07,4.939001430059875e-10,99.87180895911193
223|3.314426808564974e-07,4.874427528278602e-10,99.8529330164817
224|4.947596594639947e-07,4.716694812501032e-10,99.90466694844096
225|4.256973324956448e-07,4.476357062799252e-10,99.89484648549342
226|7.627231051188232e-07,4.1667802541667243e-10,99.94536968624391
227|2.3104520030514664e-07,3.805245007981739e-10,99.8353030055177
228|5.94255112229547e-07,3.4112490610027635e-10,99.94259621851288
229|4.009745400157527e-07,3.0043700860460376e-10,99.92507329552824
230|4.788962970625477e-07,2.6001778508089046e-10,99.94570478271062
231|2.2316972825286996e-07,2.2139912125851424e-10,99.90079339030801
232|5.978183768018397e-07,1.85549797748763e-10,99.96896217899132
233|1.9499647185838853e-07,1.5323875501849216e-10,99.92141460121915
234|7.269077870741825e-07,1.248041670010025e-10,99.98283081166274
235|2.007728399089359e-07,1.0030487551659917e-10,99.95004061527341
236|2.485986261291373e-07,7.964406911753485e-11,99.9679627879053
237|1.4455087793407984e-08,6.251554829361794e-11,99.56751872290857
238|5.116359067525167e-07,4.854183721647587e-11,99.99051242561833
239|5.009699168834203e-07,3.732059106198449e-11,99.99255033290339
240|1.244729685989654e-07,2.8420599207379382e-11,99.97716725203288
241|7.284132026441625e-07,2.1455504040091e-11,99.99705448721107
242|1.2974809493471184e-07,1.6059598095807814e-11,99.98762247869313
243|2.1062281785333425e-07,1.1928236176572682e-11,99.99433668379422
244|2.798181701901825e-07,8.79385453345094e-12,99.99685729681975
245|2.3692526052165874e-07,6.437073096776658e-12,99.99728307860352
246|1.0487224111344062e-07,4.68158845023936e-12,99.99553591264902
247|2.301744328470079e-08,3.383515689847627e-12,99.98530021059247
248|4.828776977161553e-07,2.433164780768493e-12,99.9994961115843
249|4.823535058040562e-07,1.7408297026122455e-12,99.99963909670363
250|6.54830392909922e-07,1.241229341530925e-12,99.99981045025476
251|5.362948169995718e-07,8.828493491819245e-13,99.99983537984683
252|8.548820240594779e-08,6.270539643082884e-13,99.9992665023399
253|1.5944163511694143e-07,4.4586556668946287e-13,99.99972035813208
254|4.1754354862533205e-07,3.170796958329447e-13,99.99992406068854
255|2.742797220456339e-07,2.2737367544323206e-13,99.99991710153644
256|7.496959780750601e-07,1.6342482922482304e-13,99.99997820118635
257|4.41839134501798e-07,1.1901590823981678e-13,99.99997306352041
258|4.672035220920634e-07,8.748557434046234e-14,99.99998127463296
259|2.2080315242867243e-07,6.52811138479592e-14,99.99997043470026
260|5.307807624532757e-07,4.884981308350689e-14,99.99999079661198
261|7.690588837983015e-07,3.774758283725532e-14,99.99999509171747
262|3.485905515354659e-07,3.019806626980426e-14,99.9999913370956
263|5.275294480133752e-07,2.398081733190338e-14,99.99999545412727
264|1.6427336968494188e-07,1.9539925233402755e-14,99.99998810523869
265|2.0977533443655716e-07,1.5987211554602254e-14,99.99999237888878
266|4.0723180461110786e-07,1.509903313490213e-14,99.99999629227557
267|5.999524713695692e-07,1.2434497875801753e-14,99.99999792741951
268|3.8883442721182604e-07,1.0658141036401503e-14,99.9999972589513
269|2.1567398411637129e-07,9.769962616701378e-15,99.99999547003193
270|1.6247404366342977e-07,1.1546319456101628e-14,99.99999289343751
1|4.783258551466218e-07,9.769962616701378e-15,99.99999795746717
2|9.145384063380391e-07,1.1546319456101628e-14,99.99999873747025
3|8.164010001365796e-08,1.0658141036401503e-14,99.99998694496817
4|7.266527385363375e-07,9.769962616701378e-15,99.99999865548396
5|3.3845638847118664e-07,1.0658141036401503e-14,99.99999685095587
6|3.667968566656299e-07,1.0658141036401503e-14,99.99999709426598
7|3.774560835001495e-07,9.769962616701378e-15,99.99999741162931
8|2.1272277028749897e-07,9.769962616701378e-15,99.99999540718532
9|1.0991121924819325e-06,1.021405182655144e-14,99.9999990706998
10|1.1770658625565034e-07,9.769962616701378e-15,99.99999169973157
11|8.203981911591995e-07,9.769962616701378e-15,99.99999880911943
12|1.308581331072034e-07,9.325873406851315e-15,99.99999287329477
13|1.3679518107156952e-07,9.769962616701378e-15,99.99999285796288
14|3.6578360340655536e-08,9.325873406851315e-15,99.99997450439736
15|2.1493945867590014e-07,9.769962616701378e-15,99.9999954545514
16|5.864190184556861e-07,8.881784197001252e-15,99.99999848542016
17|8.661267623111257e-07,8.43769498715119e-15,99.99999902581293
18|5.087087864286133e-07,9.325873406851315e-15,99.99999816675599
19|8.160271571799882e-07,8.881784197001252e-15,99.99999891158228
20|5.156526206029355e-07,8.881784197001252e-15,99.99999827756442
21|4.2252004439635726e-07,9.325873406851315e-15,99.9999977927974
22|1.3698395895378468e-07,8.43769498715119e-15,99.99999384037733
23|9.64740397124686e-07,8.881784197001252e-15,99.99999907936018
24|7.186957207139244e-07,8.881784197001252e-15,99.99999876418018
25|1.5104990025438525e-07,9.325873406851315e-15,99.9999938259652
26|4.865614038340738e-07,9.325873406851315e-15,99.99999808331008
27|1.0189681676209261e-07,9.325873406851315e-15,99.99999084772841
28|9.966896274971049e-08,8.881784197001252e-15,99.99999108871613
29|2.3896491996300284e-07,9.325873406851315e-15,99.99999609738809
30|6.036313467960852e-07,9.325873406851315e-15,99.99999845503825
31|6.24722342301709e-07,9.769962616701378e-15,99.99999843611123
32|1.856188317495011e-07,9.769962616701378e-15,99.99999473654557
33|1.1899061447273596e-07,9.769962616701378e-15,99.9999917892998
34|1.2715808295205022e-08,9.769962616701378e-15,99.99992316679844
35|1.189640614907006e-07,1.021405182655144e-14,99.99999141417021
36|4.2540314737493645e-07,1.021405182655144e-14,99.99999759897126
37|9.167187031700053e-08,1.0658141036401503e-14,99.99998837359705
38|1.493710892752631e-07,1.0658141036401503e-14,99.99999286465601
39|1.2576830044075393e-07,1.1102230246251565e-14,99.99999117247334
40|6.579538958106923e-08,1.0658141036401503e-14,99.99998380108225
41|1.5692621957441588e-07,1.1546319456101628e-14,99.99999264219868
42|1.7165544430319812e-07,1.199040866595169e-14,99.99999301483928
43|1.002149463413815e-07,1.2434497875801753e-14,99.99998759217229
44|5.903020663389213e-07,1.2434497875801753e-14,99.99999789353645
45|2.9780278665292315e-07,1.2434497875801753e-14,99.99999582458646
46|9.771677911274423e-08,1.2878587085651816e-14,99.99998682049572
47|6.472326825601726e-07,1.3322676295501878e-14,99.99999794159402
48|5.524182780103359e-07,1.3766765505351941e-14,99.99999750790913
49|6.602742730343891e-08,1.4210854715202004e-14,99.99997847734602
50|7.167025011245443e-07,1.4210854715202004e-14,99.99999801718918
51|2.1590319532194258e-08,1.4654943925052066e-14,99.99993212261678
52|5.124635100717256e-07,1.554312234475219e-14,99.9999969669797
53|5.652257324406662e-07,1.554312234475219e-14,99.99999725010355
54|2.170231463427541e-07,1.5987211554602254e-14,99.99999263340716
55|1.8980749216801485e-07,1.6431300764452317e-14,99.99999134317588
56|3.296836514898871e-08,1.687538997430238e-14,99.9999488133855
57|2.583954636925512e-07,1.7541523789077473e-14,99.99999321136542
58|4.2245487752445854e-07,1.7763568394002505e-14,99.99999579515604
59|2.5007913029284623e-07,1.84297022087776e-14,99.99999263045173
60|1.574023713590833e-07,1.887379141862766e-14,99.9999880092077
61|1.5906115446995273e-07,1.9539925233402755e-14,99.99998771546372
62|2.433092232134726e-07,2.020605904817785e-14,99.99999169531726
63|2.7810958447282985e-07,2.0650148258027912e-14,99.99999257481603
64|2.1726810017774767e-07,2.1316282072803006e-14,99.99999018894994
65|1.680397510028797e-07,2.1760371282653068e-14,99.99998705046208
66|5.274728200888035e-07,2.2426505097428162e-14,99.99999574831077
67|8.946100127360523e-08,2.2870594307278225e-14,99.9999744351237
68|7.34538092572734e-08,2.3314683517128287e-14,99.99996825939492
69|3.79007875972448e-07,2.398081733190338e-14,99.99999367273905
70|5.826462179392422e-08,2.4646951146678475e-14,99.99995769825601
71|2.616664114274414e-07,2.531308496145357e-14,99.99999032620013
72|6.203706346408211e-07,2.6201263381153694e-14,99.99999577651457
73|3.720600845191768e-07,2.6645352591003757e-14,99.99999283842753
74|1.0030142405526021e-07,2.731148640577885e-14,99.9999727705896
75|6.714943221464154e-07,2.7755575615628914e-14,99.99999586659564
76|3.1650353404799603e-07,2.886579864025407e-14,99.99999087978631
77|8.688481090146638e-08,2.930988785010413e-14,99.99996626580923
78|9.48941420997329e-08,2.9976021664879227e-14,99.99996841109366
79|1.8489777842134458e-07,3.064215547965432e-14,99.9999834275156
80|1.2148864891869948e-07,3.1308289294429414e-14,99.99997422945306
81|3.020683623233822e-07,3.219646771412954e-14,99.99998934133073
82|5.156958251539834e-07,3.2862601528904634e-14,99.99999362752229
83|4.99424499977863e-07,3.375077994860476e-14,99.99999324206563
84|6.894010917690707e-09,3.419486915845482e-14,99.99950399165932
85|1.554488640032048e-07,3.4861002973229915e-14,99.9999775739738
86|2.5579874662895463e-07,3.574918139293004e-14,99.99998602448923
87|3.996367292646852e-07,3.6415315207705135e-14,99.99999088789579
88|4.379375979635114e-07,3.68594044175552e-14,99.99999158341176
89|2.580464442125674e-07,3.730349362740526e-14,99.99998554388388
90|2.1082088763613172e-07,3.8191672047105385e-14,99.99998188430355
91|2.628193040976612e-07,3.885780586188048e-14,99.99998521501075
92|4.548089007627709e-07,3.930189507173054e-14,99.99999135859149
93|3.496582208217802e-07,3.9968028886505635e-14,99.99998856940105
94|2.5826705152276475e-07,4.085620730620576e-14,99.9999841806351
95|1.4801077252712957e-07,4.107825191113079e-14,99.99997224644449
96|4.2854584458851264e-07,4.1744385725905886e-14,99.99999025906183
97|3.511200721284524e-07,4.218847493575595e-14,99.99998798460177
98|5.506202784832936e-07,4.285460875053104e-14,99.99999221703042
99|3.8514651690135793e-07,4.3520742565306136e-14,99.9999887002113
100|1.0059416388763509e-07,4.418687638008123e-14,99.99995607411536
101|8.066871814982335e-08,4.440892098500626e-14,99.99994494901865
102|1.5938364339440625e-07,4.5075054799781356e-14,99.99997171914643
103|3.1959316304508434e-07,4.529709940470639e-14,99.99998582663692
104|3.602275293612678e-07,4.574118861455645e-14,99.99998730213966
105|4.598323743998378e-07,4.618527782440651e-14,99.99998995606217
106|5.529103337398311e-07,4.6407322429331543e-14,99.9999916067182
107|1.0526973004409967e-07,4.6629367034256575e-14,99.9999557048669
108|3.537133608233489e-07,4.707345624410664e-14,99.9999866916375
109|3.0913211945815533e-07,4.729550084903167e-14,99.99998470055426
110|3.488751092461939e-07,4.75175454539567e-14,99.99998637978342
111|9.054172256384163e-08,4.75175454539567e-14,99.99994751862003
112|1.2574751329097467e-07,4.75175454539567e-14,99.99996221194026
113|2.3489514111574294e-07,4.796163466380676e-14,99.99997958168294
114|3.428949431061312e-07,4.796163466380676e-14,99.999986012732
115|4.000993585329127e-07,4.773959005888173e-14,99.99998806806633
116|3.267366941450689e-07,4.807265696626928e-14,99.99998528703453
117|4.049556943108712e-07,4.807265696626928e-14,99.9999881289095
118|4.559031023809723e-07,4.796163466380676e-14,99.9999894798622
119|5.473132733690989e-07,4.796163466380676e-14,99.9999912368954
120|8.373693471952492e-08,4.773959005888173e-14,99.99994298861044
121|3.188805846043863e-07,4.75175454539567e-14,99.99998509863951
122|4.1623485591557596e-07,4.75175454539567e-14,99.99998858395813
123|4.1979905196498635e-07,4.729550084903167e-14,99.99998873377616
124|4.07774638500058e-07,4.707345624410664e-14,99.99998845601178
125|3.9312841026983847e-07,4.674038933671909e-14,99.99998811065593
126|1.364326926989179e-07,4.6407322429331543e-14,99.99996598518909
127|6.724961609805291e-07,4.6074255521943996e-14,99.99999314877047
128|8.918261196200206e-08,4.574118861455645e-14,99.99994871064257
129|1.7808564090060486e-07,4.529709940470639e-14,99.99997456442912
130|1.3127438069915343e-07,4.4853010194856324e-14,99.9999658326248
131|1.3121219755163338e-07,4.451994328746878e-14,99.99996607027082
132|6.449206129133245e-07,4.4075854077618715e-14,99.99999316569308
133|8.513602978155177e-08,4.340972026284362e-14,99.99994901134059
134|3.737246636603686e-07,4.296563105299356e-14,99.99998850339963
135|2.5345943521770664e-07,4.2299497238218464e-14,99.99998331113726
136|1.999735106394951e-07,4.1744385725905886e-14,99.99997912504232
137|7.36865146677701e-09,4.107825191113079e-14,99.99944252687081
138|4.411285043914859e-07,4.0523140398818214e-14,99.99999081375609
139|4.000679267868179e-07,3.985700658404312e-14,99.99999003744017
140|2.888129015943264e-07,3.930189507173054e-14,99.99998639191848
141|4.2600929939240473e-07,3.863576125695545e-14,99.99999093077045
142|4.3575492325587106e-07,3.785860513971784e-14,99.99999131195011
143|1.6000219460465814e-07,3.7192471324942744e-14,99.99997675502425
144|3.529718521910752e-07,3.6637359812630166e-14,99.99998962031687
145|2.203378608456319e-07,3.5860203695392556e-14,99.99998372490158
146|2.528999254458597e-07,3.5083047578154947e-14,99.99998612769556
147|5.803359677258868e-07,3.430589146091734e-14,99.99999408861532
148|7.354812581183978e-08,3.3639757646142243e-14,99.99995426157054
149|3.368248844282107e-07,3.2862601528904634e-14,99.99999024341638
150|4.860182460930673e-07,3.219646771412954e-14,99.99999337546112
151|3.179347132231669e-07,3.141931159689193e-14,99.99999011768445
152|1.7885470438017137e-07,3.086420008457935e-14,99.99998274342283
153|8.628821390743724e-08,2.9976021664879227e-14,99.9999652605839
154|3.647592952127354e-07,2.919886554764162e-14,99.9999919950318
155|3.0949109763867e-07,2.853273173286652e-14,99.9999907807585
156|4.84848844628516e-07,2.7755575615628914e-14,99.99999427541678
157|4.3077037936711804e-07,2.6978419498391304e-14,99.99999373716932
158|3.3417200206997677e-07,2.631228568361621e-14,99.99999212612501
159|1.0793964433375436e-07,2.55351295663786e-14,99.9999763431409
160|3.623109483541498e-07,2.4868995751603507e-14,99.99999313600766
161|4.4948118649301705e-07,2.4202861936828413e-14,99.9999946153782
162|4.083429332446542e-07,2.3425705819590803e-14,99.99999426322732
163|2.3020112038807383e-08,2.2648549702353193e-14,99.99990161407702
164|6.342831677663696e-07,2.2093438190040615e-14,99.9999965167863
165|3.0857773003489797e-07,2.1316282072803006e-14,99.9999930920867
166|2.0305904513406858e-08,2.0761170560490427e-14,99.99989775796224
167|1.3955947686383752e-07,2.0095036745715333e-14,99.99998560109482
168|7.139854041326998e-08,1.9539925233402755e-14,99.99997263259849
169|1.79438258030018e-07,1.8762769116165146e-14,99.99998954360719
170|2.9254360978114846e-07,1.8207657603852567e-14,99.99999377608773
171|4.1690675134375965e-07,1.765254609153999e-14,99.99999576582869
172|1.608128918917373e-08,1.6986412276764895e-14,99.99989437157633
173|4.7135757208494056e-07,1.6542323066914832e-14,99.99999649049383
174|3.8856813766585674e-08,1.587618925213974e-14,99.99995914181397
175|1.8748727903528106e-07,1.532107773982716e-14,99.99999182820412
176|4.2368516339763573e-07,1.4765966227514582e-14,99.99999651487295
177|3.929396181767686e-07,1.4210854715202004e-14,99.99999638345078
178|5.708930652659205e-07,1.3655743202889425e-14,99.99999760800331
179|7.657458134247008e-08,1.3211653993039363e-14,99.99998274668465
180|1.4466832620740888e-08,1.27675647831893e-14,99.9999117459563
181|3.2651489245694165e-07,1.2212453270876722e-14,99.99999625975612
182|3.9449482125419877e-07,1.1879386363489175e-14,99.99999698870917
183|4.858111513073027e-08,1.1435297153639112e-14,99.99997646143542
184|2.9389503053423027e-07,1.099120794378905e-14,99.99999626015862
185|3.5764299965990176e-08,1.0547118733938987e-14,99.99997050936621
186|5.106744951355324e-07,1.0103029524088925e-14,99.99999802163029
187|1.436965129109069e-07,9.880984919163893e-15,99.9999931237128
188|2.3652595171341773e-07,9.325873406851315e-15,99.99999605714581
189|3.3577322389177766e-07,9.103828801926284e-15,99.9999972886972
190|5.144633825615585e-07,8.548717289613705e-15,99.99999833832346
191|2.9898904818637106e-07,8.215650382226158e-15,99.9999972521902
192|8.614629187775336e-08,7.882583474838611e-15,99.99999084977043
193|5.15629315689381e-07,7.66053886991358e-15,99.99999851433216
194|4.778020845641606e-07,7.327471962526033e-15,99.9999984664211
195|4.595375688865033e-07,6.994405055138486e-15,99.99999847794706
196|4.260237336239925e-07,6.661338147750939e-15,99.99999843639272
197|2.9876565221798046e-07,6.439293542825908e-15,99.99999784470086
198|4.0162018866141125e-07,6.217248937900877e-15,99.99999845195806
199|3.045921666000595e-07,5.995204332975845e-15,99.99999803172734
200|1.4864478314891016e-07,5.773159728050814e-15,99.999996116137
201|3.2197893151675316e-07,5.551115123125783e-15,99.9999982759384
202|5.678340082582167e-07,5.329070518200751e-15,99.9999990615091
203|5.728369427693281e-07,4.6629367034256575e-15,99.99999918599232
204|2.8401956342349877e-07,4.6629367034256575e-15,99.99999835823397
205|2.090587880587691e-07,4.440892098500626e-15,99.99999787576876
206|4.3895732160237344e-07,4.440892098500626e-15,99.99999898830892
207|3.6176702433721175e-07,3.9968028886505635e-15,99.99999889519978
208|2.702321966197019e-07,3.9968028886505635e-15,99.99999852097457
209|3.9037413168685475e-07,3.552713678800501e-15,99.99999908992082
210|4.6934081998628585e-07,3.774758283725532e-15,99.99999919573195
211|1.858617166838883e-07,3.3306690738754696e-15,99.99999820798541
212|9.780273302339992e-08,3.3306690738754696e-15,99.99999659450306
213|2.765026567708162e-07,3.3306690738754696e-15,99.99999879542963
214|1.908310975906602e-08,3.1086244689504383e-15,99.99998371007395
215|1.331105847768299e-07,2.6645352591003757e-15,99.99999799825441
216|5.271047212040969e-07,2.886579864025407e-15,99.9999994523707
217|5.23860991918923e-07,2.6645352591003757e-15,99.99999949136597
218|2.5980505169442836e-07,2.4424906541753444e-15,99.9999990598756
219|3.407617499284754e-07,2.4424906541753444e-15,99.99999928322629
220|2.346958591914472e-07,2.4424906541753444e-15,99.99999895929538
221|1.1006059796869749e-07,2.220446049250313e-15,99.99999798252409
222|1.6785524703522015e-07,2.220446049250313e-15,99.99999867716613
223|2.7915997691252414e-07,1.9984014443252818e-15,99.99999928413756
224|4.1420882013198934e-07,1.7763568394002505e-15,99.99999957114461
225|1.7461929946449573e-07,1.9984014443252818e-15,99.99999885556669
226|5.064320074410489e-09,1.7763568394002505e-15,99.99996492408036
227|1.978414454484323e-07,1.7763568394002505e-15,99.99999910213108
228|4.118642049633081e-07,1.5543122344752192e-15,99.99999962261536
229|7.772130938832333e-09,1.7763568394002505e-15,99.99997714453278
230|4.7295048899442804e-07,1.3322676295501878e-15,99.99999971830717
231|4.076334580993546e-07,1.3322676295501878e-15,99.9999996731702
232|3.192325181977651e-07,1.1102230246251565e-15,99.9999996522212
233|5.513599958817395e-07,1.1102230246251565e-15,99.99999979863918
234|3.441230371770132e-07,1.1102230246251565e-15,99.99999967737614
235|5.583594586688889e-07,1.1102230246251565e-15,99.99999980116338
236|6.535313645805729e-07,1.1102230246251565e-15,99.99999983011939
237|4.3775519653621586e-08,8.881784197001252e-16,99.99999797106139
238|4.0345197138691447e-07,8.881784197001252e-16,99.99999977985523
239|3.3163340962261145e-07,8.881784197001252e-16,99.99999973218065
240|2.53879093303766e-07,8.881784197001252e-16,99.99999965015692
241|6.246636718998388e-08,8.881784197001252e-16,99.9999985781494
242|4.044020327498288e-07,6.661338147750939e-16,99.99999983527931
243|4.0004896151302205e-07,6.661338147750939e-16,99.99999983348692
244|5.902848387862036e-07,6.661338147750939e-16,99.99999988715045
245|3.569604514197522e-07,6.661338147750939e-16,99.99999981338722
246|1.8847550897760357e-07,6.661338147750939e-16,99.99999964656745
247|5.004076810699587e-07,4.440892098500626e-16,99.99999991125452
248|1.207200019948118e-07,4.440892098500626e-16,99.99999963213287
249|4.3237073255042446e-07,4.440892098500626e-16,99.99999989728971
250|3.807384003629011e-07,8.881784197001252e-16,99.99999976672213
251|4.820161345620022e-07,2.220446049250313e-16,99.99999995393419
252|5.926106272369225e-08,6.661338147750939e-16,99.9999988759334
253|1.3533803677745482e-07,4.440892098500626e-16,99.99999967186666
254|3.128428138765571e-07,2.220446049250313e-16,99.99999992902359
255|5.467704200512458e-07,4.440892098500626e-16,99.99999991877958
256|5.561692786315575e-07,4.440892098500626e-16,99.99999992015215
257|3.3735923743449803e-07,6.661338147750939e-16,99.99999980254466
258|4.162563769227745e-07,2.220446049250313e-16,99.99999994665677
259|2.775842791180594e-07,6.661338147750939e-16,99.99999976002466
260|3.673187558561608e-07,2.220446049250313e-16,99.99999993954988
261|4.513569682451646e-07,2.220446049250313e-16,99.9999999508051
262|2.4569570156174336e-07,2.220446049250313e-16,99.99999990962617
263|2.828039726843201e-07,2.220446049250313e-16,99.99999992148463
264|4.0265883205492514e-07,4.440892098500626e-16,99.9999998897108
265|2.2638255225970738e-07,2.220446049250313e-16,99.9999999019162
266|2.862633952105398e-08,2.220446049250313e-16,99.99999922433462
267|8.806950724249418e-09,2.220446049250313e-16,99.99999747875727
268|1.7325830947712006e-07,2.220446049250313e-16,99.99999987184188
269|1.215064893145268e-07,4.440892098500626e-16,99.999999634514
270|1.4189992070257063e-07,2.220446049250313e-16,99.99999984352027
271|1.0274409989463607e-07,2.220446049250313e-16,99.99999978388578
272|1.2008914040961827e-07,2.220446049250313e-16,99.99999981510018
273|3.553163550051863e-07,2.220446049250313e-16,99.99999993750791
274|2.1060092603164549e-07,2.220446049250313e-16,99.99999989456617
275|1.2980203845103233e-07,0.0,100.0
276|5.688774527001783e-07,0.0,100.0
277|2.703381607460642e-07,0.0,100.0
278|4.421974697521591e-07,0.0,100.0
279|2.113216357457759e-08,2.220446049250313e-16,99.99999894925759
280|3.5275401000234297e-07,0.0,100.0
281|1.3695904765853584e-07,0.0,100.0
282|4.5795981939988906e-07,2.220446049250313e-16,99.9999999515144
283|1.448568904827141e-07,2.220446049250313e-16,99.9999998467145
284|7.673360657989292e-08,0.0,100.0
285|3.234356125147997e-07,2.220446049250313e-16,99.99999993134813
286|2.4756468164355283e-07,0.0,100.0
287|2.384175914471598e-07,2.220446049250313e-16,99.99999990686736
288|1.2965197093706138e-07,2.220446049250313e-16,99.99999982873797
289|4.2513579412428726e-07,2.220446049250313e-16,99.9999999477709
290|1.4282764304596185e-07,2.220446049250313e-16,99.99999984453667
291|4.065280405640692e-07,2.220446049250313e-16,99.99999994538025
292|4.326465732340523e-07,2.220446049250313e-16,99.9999999486776
293|1.9377604543180382e-07,2.220446049250313e-16,99.99999988541174
294|1.3626643990960474e-07,0.0,100.0
295|4.023758544136058e-07,2.220446049250313e-16,99.99999994481662
296|3.765302380998037e-08,2.220446049250313e-16,99.99999941028746
297|5.59290511681354e-08,0.0,100.0
298|1.810907503951853e-07,0.0,100.0
299|5.1665187683624936e-09,0.0,100.0
300|1.0531818439574181e-07,2.220446049250313e-16,99.99999978916784
301|1.7373507565920931e-07,2.220446049250313e-16,99.99999987219357
302|6.411681319207219e-08,0.0,100.0
303|3.024849419830389e-07,0.0,100.0
304|2.366719487056912e-08,2.220446049250313e-16,99.9999990618043
305|1.180106958820204e-07,2.220446049250313e-16,99.99999981184367
306|3.3030613755258287e-07,0.0,100.0
307|8.986098354313299e-08,2.220446049250313e-16,99.9999997529021
308|1.0636968950095138e-07,0.0,100.0
309|4.2390596366459476e-08,0.0,100.0
310|1.874639083965235e-07,2.220446049250313e-16,99.9999998815534
311|3.90439967912215e-07,2.220446049250313e-16,99.99999994312964
312|1.721434150780965e-08,2.220446049250313e-16,99.9999987101185
313|3.946284321543203e-07,2.220446049250313e-16,99.99999994373324
314|2.9947330437707365e-07,0.0,100.0
315|8.437050480480934e-08,2.220446049250313e-16,99.999999736822
316|4.231977679403087e-07,2.220446049250313e-16,99.99999994753172
317|2.408049830648906e-07,0.0,100.0
318|1.8859939610038623e-07,2.220446049250313e-16,99.99999988226654
319|4.926558352380539e-07,0.0,100.0
320|4.858226745341199e-07,2.220446049250313e-16,99.99999995429513
321|3.645029011956069e-07,2.220446049250313e-16,99.9999999390829
322|1.8944650337360258e-07,0.0,100.0
323|3.2364413815599846e-07,0.0,100.0
324|1.970594656341973e-07,0.0,100.0
325|3.703571316293619e-07,4.440892098500626e-16,99.99999988009162
326|8.14131624338188e-08,0.0,100.0
327|3.805894444042224e-08,0.0,100.0
328|2.4727855185702197e-07,0.0,100.0
329|5.616833531618681e-08,0.0,100.0
330|3.6151007698492776e-07,4.440892098500626e-16,99.99999987715717
331|8.185438327146244e-08,0.0,100.0
332|3.52330664199485e-07,4.440892098500626e-16,99.9999998739567
333|1.7090064163838292e-07,0.0,100.0
334|3.582885459429974e-07,4.440892098500626e-16,99.99999987605264
335|4.688400472296905e-07,0.0,100.0
336|5.623514098829219e-09,0.0,100.0
337|4.2696614599435634e-07,0.0,100.0
338|3.5907940976187547e-07,0.0,100.0
339|2.5374164991376347e-08,4.440892098500626e-16,99.99999824983715
340|3.405374928711069e-07,4.440892098500626e-16,99.99999986959169
341|2.2705154467672628e-07,0.0,100.0
342|1.336633026483014e-07,4.440892098500626e-16,99.99999966775532
343|2.7541845692979905e-07,4.440892098500626e-16,99.99999983875837
344|4.5484438793153004e-07,4.440892098500626e-16,99.99999990236458
345|6.891624915184025e-08,4.440892098500626e-16,99.9999993556103
346|2.8940955898448806e-07,0.0,100.0
347|1.4071575771268385e-07,0.0,100.0
348|1.6153283555198072e-07,0.0,100.0
349|4.907507782370146e-07,4.440892098500626e-16,99.9999999095082
350|1.6394591950685822e-07,4.440892098500626e-16,99.99999972912457
351|8.283693908595069e-08,0.0,100.0
352|2.796530584880941e-07,4.440892098500626e-16,99.99999984119995
353|1.0232310687641188e-07,4.440892098500626e-16,99.99999956599324
354|2.6631561889089994e-07,0.0,100.0
355|8.748026125715569e-08,4.440892098500626e-16,99.99999949235496
356|3.08568253615249e-07,0.0,100.0
357|3.9297003162630517e-07,4.440892098500626e-16,99.99999988699159
358|3.3692953049779817e-07,0.0,100.0
359|1.3691212075173098e-07,0.0,100.0
360|3.4079392374763984e-07,4.440892098500626e-16,99.99999986968982
361|1.5916587781106273e-07,0.0,100.0
362|2.657457116583828e-07,4.440892098500626e-16,99.99999983288942
363|2.904761893240959e-07,4.440892098500626e-16,99.99999984711683
364|2.012160065234525e-07,0.0,100.0
365|3.975123963328997e-08,0.0,100.0
366|2.696744125785244e-07,4.440892098500626e-16,99.99999983532393
367|1.3812467836160636e-07,0.0,100.0
368|1.8651531652480458e-07,4.440892098500626e-16,99.99999976190202
369|3.329247251215861e-07,4.440892098500626e-16,99.99999986660973
370|3.89315234272658e-07,4.440892098500626e-16,99.99999988593069
371|3.9693767384108014e-08,0.0,100.0
372|2.43613410777499e-07,0.0,100.0
373|3.570537554509201e-08,4.440892098500626e-16,99.99999875623992
374|9.700862246830866e-08,0.0,100.0
375|3.988897034901129e-08,4.440892098500626e-16,99.99999888668671
376|7.860463746567348e-08,0.0,100.0
377|4.0916499965959474e-07,4.440892098500626e-16,99.99999989146451
378|2.007978165963209e-07,4.440892098500626e-16,99.99999977883763
379|2.1301554564701064e-07,0.0,100.0
380|3.941587554123771e-07,0.0,100.0
381|2.548368085442121e-07,4.440892098500626e-16,99.99999982573584
382|5.75155665316629e-08,0.0,100.0
383|1.8081800323699326e-07,0.0,100.0
384|1.8542417468125905e-07,0.0,100.0
385|3.4239290513937704e-08,0.0,100.0
386|1.8024027692575828e-07,0.0,100.0
387|4.423525554742014e-07,0.0,100.0
388|1.6951605807946635e-07,0.0,100.0
389|1.168833794196189e-07,0.0,100.0
390|4.0951192836757855e-07,4.440892098500626e-16,99.99999989155647
391|1.8038357652017112e-07,4.440892098500626e-16,99.9999997538084
392|8.29594171136705e-09,0.0,100.0
393|4.660435592995782e-09,4.440892098500626e-16,99.99999047107934
394|5.0664715089965284e-08,0.0,100.0
395|2.915006573900314e-07,0.0,100.0
396|2.1887504431106208e-07,4.440892098500626e-16,99.99999979710377
397|2.5657727498185068e-08,0.0,100.0
398|2.6617892601166204e-07,4.440892098500626e-16,99.9999998331614
399|1.3694281442155898e-07,4.440892098500626e-16,99.99999967571193
400|1.612657420935193e-07,0.0,100.0
401|1.7751893288675547e-07,4.440892098500626e-16,99.99999974983558
402|3.0455666433226725e-08,0.0,100.0
403|3.628689739798574e-07,0.0,100.0
404|1.2814197081212342e-07,4.440892098500626e-16,99.99999965343969
405|3.372928842892975e-07,4.440892098500626e-16,99.99999986833721
406|7.289230907758792e-08,4.440892098500626e-16,99.99999939075985
407|2.56273741783275e-07,0.0,100.0
408|1.441005998970013e-07,0.0,100.0
409|1.3587945524307088e-07,0.0,100.0
410|1.5732878022589603e-07,0.0,100.0
411|1.3268413656675193e-07,4.440892098500626e-16,99.99999966530346
412|1.7066328794612673e-08,4.440892098500626e-16,99.99999739786327
413|1.4466605335883287e-07,4.440892098500626e-16,99.99999969302459
414|1.0995554422521536e-07,0.0,100.0
415|3.5903075712440113e-07,4.440892098500626e-16,99.99999987630886
416|2.4852358926352736e-07,4.440892098500626e-16,99.99999982130903
417|4.00696910318743e-07,0.0,100.0
418|5.949462611454237e-08,0.0,100.0
419|2.3822728589806275e-07,0.0,100.0
420|1.8165053461416392e-07,0.0,100.0
421|1.3584046509862446e-07,4.440892098500626e-16,99.99999967308032
422|2.1302421604474375e-07,4.440892098500626e-16,99.99999979153111
423|3.5269767639789507e-07,4.440892098500626e-16,99.99999987408785
424|3.2276249317675365e-07,0.0,100.0
425|2.539115753208421e-07,4.440892098500626e-16,99.99999982510084
426|3.273461928188226e-07,0.0,100.0
427|1.1179350867251969e-07,4.440892098500626e-16,99.9999996027594
428|2.2105121821880402e-07,4.440892098500626e-16,99.99999979910122
429|1.7198045210164992e-07,4.440892098500626e-16,99.99999974177925
430|1.7825538201066138e-07,0.0,100.0
431|1.518422614310566e-07,4.440892098500626e-16,99.99999970753254
432|4.9313198857703355e-08,0.0,100.0
433|2.6086579563155965e-07,0.0,100.0
434|4.5425852412961376e-08,4.440892098500626e-16,99.99999902238662
435|3.401169177408292e-07,0.0,100.0
436|1.1439719926897851e-07,4.440892098500626e-16,99.99999961180063
437|1.8772705256964173e-07,4.440892098500626e-16,99.99999976343888
438|8.279564944757567e-08,0.0,100.0
439|1.9113711413609735e-07,0.0,100.0
440|4.619576632336475e-08,4.440892098500626e-16,99.99999903867985
441|1.1388606502293896e-08,4.440892098500626e-16,99.99999610058342
442|2.0318946525321735e-08,4.440892098500626e-16,99.99999781440829
443|3.1166992542353e-08,4.440892098500626e-16,99.99999857512974
444|3.276739235502646e-08,4.440892098500626e-16,99.99999864472215
445|2.866905077780757e-07,0.0,100.0
446|2.842377577749744e-07,0.0,100.0
447|6.460811441399983e-09,4.440892098500626e-16,99.99999312641742
448|2.3249835034988564e-07,0.0,100.0
449|5.8446065764883315e-08,4.440892098500626e-16,99.99999924017263
450|3.8824682757621076e-07,0.0,100.0
451|1.933516511343214e-07,0.0,100.0
452|2.7748275943650924e-07,0.0,100.0
453|8.97879690597847e-08,0.0,100.0
454|1.459006515602823e-07,0.0,100.0
455|2.7133646796073663e-07,0.0,100.0
456|1.2554965156397202e-07,4.440892098500626e-16,99.999999646284
457|1.5541178122191468e-08,4.440892098500626e-16,99.99999714249971
458|6.108476924282513e-08,0.0,100.0
459|3.0780454629564247e-07,4.440892098500626e-16,99.99999985572363
460|3.089784517129601e-08,0.0,100.0
461|3.930272018948244e-08,4.440892098500626e-16,99.99999887008022
462|1.5962034893846067e-07,0.0,100.0
463|1.3650044561330787e-07,0.0,100.0
464|1.1881477490760517e-07,0.0,100.0
465|1.1977917502292712e-07,0.0,100.0
466|1.4863509889551096e-07,4.440892098500626e-16,99.99999970122184
467|2.037629611706393e-07,0.0,100.0
468|1.663414472830027e-08,4.440892098500626e-16,99.99999733025523
469|2.9593514483394756e-07,4.440892098500626e-16,99.99999984993698
470|1.601430783537694e-07,4.440892098500626e-16,99.99999972269222
471|5.07353954404266e-08,4.440892098500626e-16,99.99999912469548
472|1.4284391003371866e-07,0.0,100.0
473|8.28267729957588e-08,0.0,100.0
474|2.3574908603052336e-07,4.440892098500626e-16,99.99999981162632
475|4.173145118357979e-08,4.440892098500626e-16,99.99999893584048
476|1.0202052358465608e-07,4.440892098500626e-16,99.999999564706
477|1.0777817038842841e-07,0.0,100.0
478|1.0871060585060377e-07,4.440892098500626e-16,99.99999959149413
479|9.43920133167353e-08,0.0,100.0
480|1.793906569957926e-07,4.440892098500626e-16,99.99999975244575
481|2.1181539011649875e-07,4.440892098500626e-16,99.99999979034139
482|9.068239403831058e-08,0.0,100.0
483|1.710352952599692e-07,4.440892098500626e-16,99.9999997403523
484|4.2873440797563944e-08,4.440892098500626e-16,99.99999896418575
485|1.7066283852784636e-07,4.440892098500626e-16,99.99999973978564
486|9.029740333232894e-08,4.440892098500626e-16,99.99999950819272
487|3.393857728184457e-08,0.0,100.0
488|2.0645881715353198e-07,4.440892098500626e-16,99.99999978490179
489|1.7237501293010382e-07,0.0,100.0
490|1.6319689066790488e-07,0.0,100.0
491|2.5341777565301982e-08,0.0,100.0
492|8.95903440323309e-09,4.440892098500626e-16,99.99999504311302
493|1.705149621500368e-07,0.0,100.0
494|1.0053842025570248e-07,0.0,100.0
495|1.6310775929895271e-07,0.0,100.0
496|1.465981736004096e-07,0.0,100.0
497|1.6656534018721914e-07,0.0,100.0
498|1.3389269248875735e-07,4.440892098500626e-16,99.99999966832453
499|4.70738648061797e-09,4.440892098500626e-16,99.99999056611962
500|1.4655871627411443e-07,4.440892098500626e-16,99.99999969698888
501|1.1287683054916897e-07,4.440892098500626e-16,99.99999960657186
502|8.561079933855353e-08,4.440892098500626e-16,99.99999948126964
503|1.371534299465793e-07,4.440892098500626e-16,99.99999967620991
504|1.2317190289934388e-07,4.440892098500626e-16,99.99999963945575
505|8.59748672255023e-08,0.0,100.0
506|9.892006769263162e-08,0.0,100.0
507|1.4360873379359873e-07,4.440892098500626e-16,99.99999969076448
508|1.7773096949724732e-07,0.0,100.0
509|4.4256433184841626e-08,0.0,100.0
510|7.313670646880155e-08,0.0,100.0
511|1.3428334000309405e-08,4.440892098500626e-16,99.99999669289421
512|9.298357106501953e-08,4.440892098500626e-16,99.99999952240034
513|7.353198050452647e-09,4.440892098500626e-16,99.99999396059773
514|2.619917358614998e-07,0.0,100.0
515|2.761010442497991e-08,4.440892098500626e-16,99.99999839156997
516|4.9806319957212963e-08,0.0,100.0
517|1.0598617361523566e-07,4.440892098500626e-16,99.99999958099326
518|1.3805277809808558e-07,0.0,100.0
519|4.733861302952391e-09,0.0,100.0
520|5.0547096286379656e-08,4.440892098500626e-16,99.99999912143477
521|6.957495823911586e-08,0.0,100.0
522|6.992817258577588e-08,4.440892098500626e-16,99.9999993649352
523|1.4670150427775752e-08,4.440892098500626e-16,99.99999697283806
524|8.504991377833448e-09,4.440892098500626e-16,99.99999477848725
525|1.6673670799605134e-07,4.440892098500626e-16,99.9999997336584
526|5.3082072071219955e-09,4.440892098500626e-16,99.99999163391344
527|1.2062883136820801e-08,4.440892098500626e-16,99.99999631854836
528|1.2809228344679013e-07,0.0,100.0
529|1.0090249613625701e-07,4.440892098500626e-16,99.99999955988282
530|9.495928665614883e-08,0.0,100.0
531|5.308492578848245e-08,0.0,100.0
532|7.579809402358251e-08,4.440892098500626e-16,99.99999941411559
533|2.1491475266088855e-08,0.0,100.0
534|1.1425293866551556e-07,0.0,100.0
535|1.2811276928204052e-07,4.440892098500626e-16,99.9999996533607
536|9.004881285079591e-09,0.0,100.0
537|6.023674892219333e-08,4.440892098500626e-16,99.99999926276033
538|5.9220913506408124e-08,4.440892098500626e-16,99.99999925011421
539|1.459962586380925e-07,0.0,100.0
540|1.625915544423151e-07,4.440892098500626e-16,99.99999972686823
541|8.438276744016093e-08,0.0,100.0
542|1.504523972073457e-07,0.0,100.0
543|1.0706803088567085e-07,0.0,100.0
544|6.657233875273505e-09,4.440892098500626e-16,99.99999332922324
545|2.8701347964954493e-08,0.0,100.0
546|1.5992611768211873e-07,4.440892098500626e-16,99.99999972231602
547|1.1472582883698124e-08,4.440892098500626e-16,99.99999612912616
548|4.837334088847456e-08,8.881784197001252e-16,99.99999816390928
549|5.79098973219061e-08,8.881784197001252e-16,99.99999846627526
550|4.995889124614905e-08,0.0,100.0
551|5.4045344199948886e-08,0.0,100.0
552|1.8208871743752297e-08,0.0,100.0
553|8.952660213168429e-08,8.881784197001252e-16,99.99999900791676
554|2.5611948117898464e-08,0.0,100.0
555|5.4004472005431126e-08,0.0,100.0
556|4.7609556297345534e-08,0.0,100.0
557|1.5493855531900635e-07,0.0,100.0
558|3.1427266122818764e-08,0.0,100.0
559|2.625805350930932e-09,0.0,100.0
560|1.559425353292454e-07,8.881784197001252e-16,99.99999943044506
561|1.8180826089064794e-07,8.881784197001252e-16,99.99999951147521
562|1.1462682358853726e-08,8.881784197001252e-16,99.99999225156563
563|1.1252160980745884e-07,0.0,100.0
564|1.104141453822649e-07,0.0,100.0
565|4.886491211664179e-10,0.0,100.0
566|3.6267373104692524e-08,0.0,100.0
567|1.765094115313559e-08,8.881784197001252e-16,99.99999496809596
568|2.9825503844449486e-08,0.0,100.0
569|1.7753962744393448e-07,8.881784197001252e-16,99.99999949972948
570|9.810208734251091e-08,8.881784197001252e-16,99.99999909463861
571|8.51005586000042e-08,8.881784197001252e-16,99.99999895631893
572|2.662692111243814e-08,0.0,100.0
573|1.2725236686605967e-07,8.881784197001252e-16,99.99999930203387
574|2.710872415434551e-09,8.881784197001252e-16,99.99996723643596
575|5.582236806134233e-08,8.881784197001252e-16,99.9999984089202
576|4.2274345801729396e-08,0.0,100.0
577|1.074653033228401e-07,0.0,100.0
578|4.492417193802112e-08,0.0,100.0
579|2.1560373930640253e-08,8.881784197001252e-16,99.9999958805055
580|8.416413077583229e-08,8.881784197001252e-16,99.99999894470672
581|1.561879958700274e-08,0.0,100.0
582|5.2865913424682276e-08,8.881784197001252e-16,99.99999831994123
583|7.418606706721675e-08,8.881784197001252e-16,99.99999880276923
584|1.2936897775261968e-08,0.0,100.0
585|3.9284975272835254e-09,8.881784197001252e-16,99.99997739139675
586|1.4243437096439493e-07,8.881784197001252e-16,99.99999937642971
587|9.915186893749706e-09,0.0,100.0
588|2.2269405874908443e-08,0.0,100.0
589|8.845167442927959e-08,8.881784197001252e-16,99.99999899586025
590|1.41733078606876e-08,8.881784197001252e-16,99.99999373344298
591|7.167100779525981e-08,0.0,100.0
592|1.0741813660786192e-08,8.881784197001252e-16,99.9999917315786
593|6.59820624804297e-08,8.881784197001252e-16,99.99999865390929
594|9.151908475502069e-08,0.0,100.0
595|8.472824397642853e-08,8.881784197001252e-16,99.99999895173276
596|6.705234945059146e-08,0.0,100.0
597|3.970580220169495e-08,0.0,100.0
598|1.4258025871072277e-09,0.0,100.0
599|6.125472218343475e-08,0.0,100.0
600|5.723784113342845e-09,0.0,100.0
601|5.775055633705506e-08,8.881784197001252e-16,99.99999846204352
602|3.6538079228876086e-08,0.0,100.0
603|7.80191840021871e-08,0.0,100.0
604|6.763383275654178e-08,0.0,100.0
605|3.2878890721121934e-09,8.881784197001252e-16,99.99997298636298
606|8.923779226677198e-08,8.881784197001252e-16,99.99999900470597
607|7.646272770500673e-08,0.0,100.0
608|4.64370133457237e-08,0.0,100.0
609|1.0829229868392076e-07,8.881784197001252e-16,99.99999917983233
610|1.565996843311268e-08,8.881784197001252e-16,99.99999432835115
611|8.911141957668178e-08,8.881784197001252e-16,99.9999990032945
612|7.863064421798072e-08,0.0,100.0
613|5.171733441500237e-08,8.881784197001252e-16,99.99999828262916
614|2.7784002654129836e-08,8.881784197001252e-16,99.99999680327406
615|4.218373472753001e-08,0.0,100.0
616|6.193176282920376e-08,0.0,100.0
617|3.1736392180903295e-08,0.0,100.0
618|4.872315173543029e-08,0.0,100.0
619|2.200634785509692e-08,0.0,100.0
620|4.331144065616854e-08,0.0,100.0
621|nan,0.0,nan
622|6.191017565271295e-08,8.881784197001252e-16,99.9999985653757
623|1.1537955479923312e-08,0.0,100.0
624|3.612352017512421e-08,0.0,100.0
625|1.0744625633662963e-08,0.0,100.0
626|6.439070610042563e-08,0.0,100.0
627|1.0492586355326239e-08,8.881784197001252e-16,99.99999153518122
628|3.510557711194906e-08,8.881784197001252e-16,99.99999746997915
629|3.639280965472835e-08,8.881784197001252e-16,99.9999975594673
630|3.722213204326863e-08,0.0,100.0
631|3.58662335386839e-08,0.0,100.0
632|5.666808533533185e-08,0.0,100.0
633|6.767860849521412e-08,8.881784197001252e-16,99.99999868765266
634|1.6659572388277866e-08,0.0,100.0
635|9.477238815946976e-08,0.0,100.0
636|4.185286606173122e-08,0.0,100.0
637|8.444292642906248e-08,0.0,100.0
638|7.080954222971059e-08,8.881784197001252e-16,99.99999874567976
639|2.1751367818012568e-08,8.881784197001252e-16,99.99999591667785
640|3.054157815540748e-08,8.881784197001252e-16,99.99999709190398
641|9.760601038522054e-08,8.881784197001252e-16,99.99999909003716
642|4.237536455065083e-08,0.0,100.0
643|6.825209108995978e-08,0.0,100.0
644|4.26070139170065e-08,8.881784197001252e-16,99.99999791541735
645|9.805123291073414e-08,8.881784197001252e-16,99.99999909416904
646|1.0101852510047138e-07,0.0,100.0
647|4.535280506701156e-08,8.881784197001252e-16,99.99999804162407
648|6.573414701449565e-08,0.0,100.0
649|5.601827535173243e-08,8.881784197001252e-16,99.99999841448454
650|2.7906327915161455e-08,0.0,100.0
651|4.121114738353526e-08,8.881784197001252e-16,99.99999784481027
652|1.1954315759510337e-08,8.881784197001252e-16,99.99999257022787
653|1.4075728138607246e-08,0.0,100.0
654|2.0572091585790986e-08,8.881784197001252e-16,99.99999568260516
655|1.0333068889423203e-07,8.881784197001252e-16,99.9999991404505
656|1.237550728561132e-07,0.0,100.0
657|8.629015724181954e-08,0.0,100.0
658|1.7866336854410747e-08,0.0,100.0
659|6.282279230163113e-08,0.0,100.0
660|2.771184437477814e-08,8.881784197001252e-16,99.99999679495018
661|5.836921523894034e-08,0.0,100.0
662|1.9380490989817645e-08,8.881784197001252e-16,99.99999541715212
663|5.779865830390918e-08,8.881784197001252e-16,99.99999846332346
664|2.0191241567601992e-08,0.0,100.0
665|8.01609560951988e-08,8.881784197001252e-16,99.9999988920062
666|9.839868297945031e-08,0.0,100.0
667|6.809497854476376e-09,0.0,100.0
668|4.324996627502742e-08,8.881784197001252e-16,99.99999794640668
669|4.211610615811878e-09,8.881784197001252e-16,99.99997891119335
670|6.121647366796878e-08,8.881784197001252e-16,99.99999854911862
671|3.4281348426645764e-08,8.881784197001252e-16,99.9999974091497
672|1.109825262801678e-07,8.881784197001252e-16,99.99999919971329
673|1.0375209047452927e-07,8.881784197001252e-16,99.99999914394166
674|2.8829149734121984e-08,8.881784197001252e-16,99.9999969191654
675|6.38346770998055e-08,8.881784197001252e-16,99.99999860862707
676|9.553843938192585e-09,0.0,100.0
677|1.2539439975256528e-07,0.0,100.0
678|3.770718848272736e-08,8.881784197001252e-16,99.9999976445382
679|7.0348342262605e-08,8.881784197001252e-16,99.99999873745651
680|7.31479756765907e-08,8.881784197001252e-16,99.99999878577854
681|3.77734155065923e-08,8.881784197001252e-16,99.99999764866797
682|1.3769133033747494e-07,8.881784197001252e-16,99.99999935494964
683|7.51733253423481e-09,0.0,100.0
684|6.652156958608657e-08,8.881784197001252e-16,99.99999866482642
685|3.5492026206895844e-08,0.0,100.0
686|8.405637075270533e-08,8.881784197001252e-16,99.99999894335383
687|1.2813085525920087e-07,8.881784197001252e-16,99.99999930681925
688|2.5901230493730054e-08,0.0,100.0
689|1.4827205685463696e-07,8.881784197001252e-16,99.99999940098057
690|8.287157626796215e-10,8.881784197001252e-16,99.99989282472234
691|1.4626631905656495e-07,0.0,100.0
692|4.769593875408873e-08,0.0,100.0
693|7.012861757971223e-08,0.0,100.0
694|1.5753897208981016e-07,0.0,100.0
695|8.462365830297358e-08,0.0,100.0
696|1.0622205603993962e-07,0.0,100.0
697|1.500268398402227e-07,0.0,100.0
698|5.6033684359135805e-08,4.440892098500626e-16,99.99999920746028
699|6.677539232669005e-08,4.440892098500626e-16,99.9999993349508
700|7.863187612144884e-08,4.440892098500626e-16,99.99999943523005
701|1.1567871993634071e-07,4.440892098500626e-16,99.9999996161012
702|6.633582749770994e-08,4.440892098500626e-16,99.99999933054396
703|7.99081876223795e-08,4.440892098500626e-16,99.99999944425068
704|7.934350421123781e-08,4.440892098500626e-16,99.99999944029544
705|8.853499799954534e-08,4.440892098500626e-16,99.99999949840264
706|1.269449745322504e-07,4.440892098500626e-16,99.99999965017189
707|1.717376418852723e-07,0.0,100.0
708|1.9157969521899076e-07,4.440892098500626e-16,99.99999976819609
709|7.551634340074997e-08,0.0,100.0
710|1.0940115657831484e-07,4.440892098500626e-16,99.99999959407266
711|2.8664443263437533e-08,4.440892098500626e-16,99.99999845073143
712|1.9712574417241058e-07,0.0,100.0
713|7.765040965779235e-08,4.440892098500626e-16,99.99999942809161
714|6.343880176729044e-08,0.0,100.0
715|1.4670214554257655e-07,4.440892098500626e-16,99.99999969728513
716|2.449176683683163e-08,4.440892098500626e-16,99.99999818678165
717|7.003751090195465e-08,0.0,100.0
718|3.824112582151429e-08,0.0,100.0
719|1.6661861312883275e-07,4.440892098500626e-16,99.99999973346962
720|1.9930866468342856e-07,0.0,100.0
721|1.1135098088033146e-07,0.0,100.0
722|6.909395722232148e-08,4.440892098500626e-16,99.99999935726765
723|1.0923720061839504e-07,4.440892098500626e-16,99.99999959346339
724|2.396197311682613e-07,4.440892098500626e-16,99.99999981466918
725|4.5292866346358096e-08,0.0,100.0
726|3.795213032731226e-08,0.0,100.0
727|3.2171693753468844e-08,0.0,100.0
728|6.599275348406763e-08,4.440892098500626e-16,99.99999932706368
729|5.0585953204063117e-08,4.440892098500626e-16,99.99999912210963
730|8.537054263513255e-08,0.0,100.0
731|4.540069209468811e-08,0.0,100.0
732|1.7763655080216267e-07,4.440892098500626e-16,99.99999975000122
733|4.5224950895317306e-08,4.440892098500626e-16,99.9999990180438
734|2.5850060492160765e-07,4.440892098500626e-16,99.99999982820573
735|1.9517038651883922e-07,4.440892098500626e-16,99.99999977246077
736|9.742703976911571e-08,0.0,100.0
737|1.930499831104271e-07,0.0,100.0
738|1.3308268798084555e-07,0.0,100.0
739|1.4879064558215305e-07,0.0,100.0
740|6.082763626125143e-09,0.0,100.0
741|1.6903049981920049e-07,0.0,100.0
742|2.5622302768368854e-07,0.0,100.0
743|2.750874630308431e-07,0.0,100.0
744|1.4461654540554036e-07,0.0,100.0
745|1.59908998043079e-07,4.440892098500626e-16,99.99999972228629
746|2.774439256114647e-08,4.440892098500626e-16,99.99999839935508
747|2.2925976139731574e-07,0.0,100.0
748|1.1144549549868543e-07,4.440892098500626e-16,99.99999960151892
749|1.7674340302420433e-07,4.440892098500626e-16,99.99999974873789
750|1.664787392385847e-07,0.0,100.0
751|3.0007629270301095e-08,0.0,100.0
752|8.222090031040352e-08,0.0,100.0
753|2.465728794476263e-07,0.0,100.0
754|2.3682001426550414e-07,0.0,100.0
755|5.016114812406158e-08,0.0,100.0
756|6.966929344542905e-08,4.440892098500626e-16,99.99999936257541
757|6.437361843580902e-08,0.0,100.0
758|1.7084811076983897e-07,4.440892098500626e-16,99.99999974006782
759|2.2594016702015551e-07,4.440892098500626e-16,99.99999980344832
760|1.8377422872362104e-07,0.0,100.0
761|8.173311272230421e-08,4.440892098500626e-16,99.99999945665937
762|1.7968528887024604e-08,4.440892098500626e-16,99.99999752851659
763|1.2321559861305786e-07,0.0,100.0
764|2.5045934215484067e-08,0.0,100.0
765|2.784654817844512e-07,0.0,100.0
766|9.740275785929953e-08,0.0,100.0
767|1.6057089968768423e-07,4.440892098500626e-16,99.99999972343107
768|1.9022710162630574e-07,0.0,100.0
769|2.652803372527046e-07,0.0,100.0
770|2.8648948457998813e-07,0.0,100.0
771|1.6447533557339966e-07,0.0,100.0
772|9.437475956275421e-08,4.440892098500626e-16,99.9999995294407
773|2.0988852078573927e-07,4.440892098500626e-16,99.99999978841663
774|3.621206090542728e-08,4.440892098500626e-16,99.99999877364282
775|1.1317210812933354e-07,4.440892098500626e-16,99.99999960759835
776|2.0565688441109842e-07,0.0,100.0
777|6.368396743283711e-08,4.440892098500626e-16,99.99999930266718
778|1.0786700954668049e-07,4.440892098500626e-16,99.99999958829932
779|5.566162641912342e-09,0.0,100.0
780|2.990374623479397e-07,4.440892098500626e-16,99.99999985149378
781|1.1747401096329213e-07,0.0,100.0
782|1.1161742374810046e-07,4.440892098500626e-16,99.99999960213272
783|1.6755332143958412e-07,0.0,100.0
784|1.5116859231056878e-07,4.440892098500626e-16,99.99999970622918
785|1.6698951643689952e-07,0.0,100.0
786|8.699404219214557e-08,0.0,100.0
787|2.387881856691365e-07,4.440892098500626e-16,99.9999998140238
788|2.94689658453251e-07,0.0,100.0
789|1.6714788841909467e-07,0.0,100.0
790|2.0469561246017065e-07,4.440892098500626e-16,99.99999978304898
791|5.8621261622704424e-08,4.440892098500626e-16,99.99999924244345
792|1.2594689202671816e-07,4.440892098500626e-16,99.99999964739963
793|5.125245117199029e-08,0.0,100.0
794|1.917062997236485e-07,0.0,100.0
795|1.968612100000655e-07,4.440892098500626e-16,99.99999977441507
796|1.2683672689917103e-07,0.0,100.0
797|1.4793165092896743e-07,4.440892098500626e-16,99.99999969980108
798|2.8513336669533373e-07,0.0,100.0
799|1.2978642605077084e-07,4.440892098500626e-16,99.99999965783077
800|1.138248686416432e-07,4.440892098500626e-16,99.9999996098487
801|6.678993269559896e-08,4.440892098500626e-16,99.99999933509558
802|1.0358184088232747e-07,4.440892098500626e-16,99.99999957126731
803|1.468571362295279e-07,0.0,100.0
804|1.1396137011843166e-07,0.0,100.0
805|4.1143079165806284e-08,0.0,100.0
806|3.1441805514731413e-07,4.440892098500626e-16,99.99999985875836
807|2.517395429890712e-07,4.440892098500626e-16,99.99999982359179
808|7.383691169593476e-08,4.440892098500626e-16,99.99999939855392
809|8.364808223859654e-08,4.440892098500626e-16,99.99999946909816
810|2.322131189558263e-07,0.0,100.0
811|2.0470198869304568e-08,4.440892098500626e-16,99.99999783055742
812|1.1159431245744145e-07,0.0,100.0
813|1.2064813859069545e-07,4.440892098500626e-16,99.99999963191375
814|9.010113100060835e-08,0.0,100.0
815|3.552233440728969e-08,0.0,100.0
816|1.6921159584626366e-07,4.440892098500626e-16,99.99999973755392
817|1.1004495092947764e-07,0.0,100.0
818|2.977032096396215e-07,4.440892098500626e-16,99.9999998508282
819|7.34848049077641e-08,0.0,100.0
820|1.4671325487825015e-08,4.440892098500626e-16,99.99999697308051
821|1.6295048954617641e-07,4.440892098500626e-16,99.99999972746986
822|4.927000407661808e-08,0.0,100.0
823|1.6793904755729727e-07,4.440892098500626e-16,99.99999973556524
824|2.27518350826017e-08,4.440892098500626e-16,99.99999804811696
825|2.187718770585434e-07,4.440892098500626e-16,99.99999979700809
826|1.5470426806274418e-07,4.440892098500626e-16,99.99999971294314
827|2.2383083386756653e-07,4.440892098500626e-16,99.99999980159605
828|2.8737938073675195e-07,0.0,100.0
829|7.852527517115959e-10,0.0,100.0
830|7.93953196520647e-08,0.0,100.0
831|2.624647379434464e-07,0.0,100.0
832|1.717559143799008e-07,4.440892098500626e-16,99.99999974144168
833|1.7836052368380706e-07,4.440892098500626e-16,99.99999975101598
834|1.562013896005965e-08,0.0,100.0
835|1.0442461295667727e-07,0.0,100.0
836|3.065512643729562e-08,0.0,100.0
837|2.5349950671937904e-07,4.440892098500626e-16,99.99999982481654
838|2.568445927053631e-07,0.0,100.0
839|1.9568639242351082e-07,4.440892098500626e-16,99.99999977306076
840|1.1904153662811723e-07,0.0,100.0
841|2.0741865203177667e-07,4.440892098500626e-16,99.99999978589717
842|3.544396287580298e-07,4.440892098500626e-16,99.99999987470667
843|2.342926510578991e-07,4.440892098500626e-16,99.99999981045534
844|2.7315267381311514e-08,0.0,100.0
845|5.493811094936518e-08,0.0,100.0
846|5.699235217093701e-08,0.0,100.0
847|8.51571488880154e-08,4.440892098500626e-16,99.99999947850625
848|9.314310123187397e-08,4.440892098500626e-16,99.99999952321835
849|2.9858582095698694e-07,4.440892098500626e-16,99.99999985126915
850|2.0098584840866351e-07,4.440892098500626e-16,99.99999977904454
851|2.415524855692297e-07,4.440892098500626e-16,99.99999981615208
852|1.9329216449648357e-08,4.440892098500626e-16,99.99999770249761
853|7.429379600409902e-08,4.440892098500626e-16,99.99999940225263
854|8.386636984880624e-08,4.440892098500626e-16,99.99999947047999
855|1.2056091858170248e-07,0.0,100.0
856|1.1113283537866891e-07,4.440892098500626e-16,99.99999960039784
857|3.4122999892360895e-07,4.440892098500626e-16,99.99999986985634
858|3.4939341198025886e-07,4.440892098500626e-16,99.99999987289709
859|2.5208747089777717e-08,0.0,100.0
860|2.383537376360323e-07,0.0,100.0
861|1.6633744159832986e-07,0.0,100.0
862|2.0121105670511952e-08,4.440892098500626e-16,99.99999779291845
863|1.3823800504297878e-07,0.0,100.0
864|1.757188110573793e-07,4.440892098500626e-16,99.99999974727281
865|3.0833386421846853e-07,4.440892098500626e-16,99.99999985597131
866|9.881671658718005e-08,0.0,100.0
867|3.709780047600475e-07,4.440892098500626e-16,99.99999988029231
868|2.6550658382973324e-07,0.0,100.0
869|3.068144831530617e-07,4.440892098500626e-16,99.99999985525807
870|1.8599067574953665e-07,0.0,100.0
871|3.1312933046478975e-07,4.440892098500626e-16,99.99999985817706
872|3.247927264915518e-07,0.0,100.0
873|2.473954259230027e-07,0.0,100.0
874|2.5679997550653866e-07,0.0,100.0
875|1.4421433380817916e-07,0.0,100.0
876|2.5234204192869925e-07,4.440892098500626e-16,99.99999982401299
877|2.370125384842936e-08,0.0,100.0
878|3.833411397202724e-07,0.0,100.0
879|4.6729775293741227e-07,0.0,100.0
880|3.251492581846094e-07,0.0,100.0
881|8.889312486104473e-08,4.440892098500626e-16,99.99999950042344
882|5.130821989496326e-08,4.440892098500626e-16,99.99999913446771
883|5.989913454129692e-09,0.0,100.0
884|4.9004234004002e-08,4.440892098500626e-16,99.9999990937738
885|3.2108168612765553e-07,0.0,100.0
886|2.8920560701806153e-07,0.0,100.0
887|9.068201878292825e-08,0.0,100.0
888|5.857020601851559e-08,4.440892098500626e-16,99.99999924178309
889|1.2282295669407972e-07,0.0,100.0
890|1.2976199625924778e-07,4.440892098500626e-16,99.99999965776635
891|4.1625732638550517e-08,0.0,100.0
892|2.6003317277201177e-07,4.440892098500626e-16,99.99999982921825
893|3.610866183834105e-07,4.440892098500626e-16,99.99999987701311
894|3.681630338370212e-07,0.0,100.0
895|3.6486635890398134e-07,4.440892098500626e-16,99.99999987828716
896|2.7491693277426066e-07,4.440892098500626e-16,99.99999983846422
897|1.043752422269506e-07,4.440892098500626e-16,99.9999995745263
898|4.377036031399939e-07,0.0,100.0
899|3.9640781457350727e-07,4.440892098500626e-16,99.99999988797163
900|3.331026210418031e-08,4.440892098500626e-16,99.99999866680962
901|4.052120123887448e-07,4.440892098500626e-16,99.99999989040572
902|2.853603633390378e-07,4.440892098500626e-16,99.999999844376
903|2.7616504949534715e-07,0.0,100.0
904|2.962326766109413e-07,4.440892098500626e-16,99.9999998500877
905|2.2299414359494563e-07,0.0,100.0
906|1.2529318205167783e-07,4.440892098500626e-16,99.99999964555995
907|3.819259144499654e-07,0.0,100.0
908|3.705834483724857e-08,0.0,100.0
909|7.041246430361525e-08,0.0,100.0
910|3.351754394032014e-07,0.0,100.0
911|2.3968807338903275e-07,0.0,100.0
912|2.1169526931430482e-07,0.0,100.0
913|3.2517197112724716e-07,0.0,100.0
914|1.6690949511399822e-08,0.0,100.0
915|3.895768241335418e-08,0.0,100.0
916|3.8256745327203134e-07,0.0,100.0
917|2.083616625903062e-07,0.0,100.0
918|5.644693885642482e-07,0.0,100.0
919|1.0749861889536305e-08,4.440892098500626e-16,99.99999586888451
920|2.981767499576904e-07,2.220446049250313e-16,99.99999992553255
921|1.5174315315391596e-07,2.220446049250313e-16,99.99999985367076
922|3.568481599103279e-08,0.0,100.0
923|2.6876110137408205e-07,2.220446049250313e-16,99.99999991738217
924|3.750670618529739e-08,0.0,100.0
925|2.576008393262441e-07,2.220446049250313e-16,99.99999991380284
926|5.503007960427908e-07,0.0,100.0
927|3.2739443156515335e-07,0.0,100.0
928|2.378209877917925e-07,0.0,100.0
929|1.9251074911963428e-07,2.220446049250313e-16,99.99999988465859
930|2.7582636619172263e-08,2.220446049250313e-16,99.99999919498411
931|3.4826822359335097e-07,0.0,100.0
932|3.2415025552623433e-07,2.220446049250313e-16,99.99999993149949
933|1.221236800574843e-07,0.0,100.0
934|3.790546414528251e-07,2.220446049250313e-16,99.99999994142148
935|3.8791390677417326e-07,2.220446049250313e-16,99.9999999427593
936|3.510527868400004e-07,2.220446049250313e-16,99.99999993674894
937|2.0971680037007445e-07,0.0,100.0
938|1.942588179204563e-08,0.0,100.0
939|8.325841704959203e-08,0.0,100.0
940|5.17149778556103e-07,0.0,100.0
941|6.164029833222173e-07,0.0,100.0
942|1.688144180000961e-07,2.220446049250313e-16,99.99999986846822
943|2.566995744857081e-07,2.220446049250313e-16,99.9999999135002
944|3.7328042123974114e-07,2.220446049250313e-16,99.99999994051534
945|3.432574922079823e-07,0.0,100.0
946|1.5534563235775067e-07,0.0,100.0
947|3.4701180018359423e-07,2.220446049250313e-16,99.99999993601237
948|3.829152714907025e-07,0.0,100.0
949|3.793581622169029e-07,0.0,100.0
950|2.1694105356573345e-07,2.220446049250313e-16,99.9999998976475
951|3.530971799392546e-07,2.220446049250313e-16,99.99999993711516
952|1.7724643486261016e-07,2.220446049250313e-16,99.99999987472549
953|4.2849127401822784e-07,0.0,100.0
954|1.288295643497861e-07,2.220446049250313e-16,99.99999982764469
955|3.199632634398597e-07,0.0,100.0
956|3.1868456273898005e-07,2.220446049250313e-16,99.99999993032465
957|1.0303066844130626e-07,0.0,100.0
958|2.903255635899882e-07,0.0,100.0
959|3.656510250138467e-07,2.220446049250313e-16,99.99999993927418
960|1.9279546359385336e-07,0.0,100.0
961|3.4359466694056096e-07,2.220446049250313e-16,99.99999993537601
962|3.55920315442404e-09,2.220446049250313e-16,99.99999376139559
963|2.946747832410779e-07,2.220446049250313e-16,99.99999992464757
964|1.068583568297754e-07,2.220446049250313e-16,99.99999979220661
965|3.995444508575474e-08,2.220446049250313e-16,99.99999944425556
966|3.750909072230968e-07,2.220446049250313e-16,99.99999994080245
967|4.855284618798805e-08,2.220446049250313e-16,99.99999954267437
968|1.4167871320580616e-09,2.220446049250313e-16,99.99998432759587
969|3.4535064230567514e-07,4.440892098500626e-16,99.99999987140919
970|1.1336184924104487e-07,4.440892098500626e-16,99.99999960825515
971|2.5352518839838467e-07,2.220446049250313e-16,99.99999991241714
972|2.999785686519374e-07,2.220446049250313e-16,99.99999992597985
973|4.334082470691669e-07,2.220446049250313e-16,99.9999999487678
974|3.979329612491256e-07,4.440892098500626e-16,99.99999988840099
975|5.027561913450995e-07,0.0,100.0
976|4.282663610410964e-07,2.220446049250313e-16,99.99999994815269
977|1.4069753850876054e-07,4.440892098500626e-16,99.99999968436605
978|4.7517316303924417e-07,4.440892098500626e-16,99.9999999065416
979|1.380411069895615e-07,4.440892098500626e-16,99.99999967829206
980|1.863333958240787e-07,2.220446049250313e-16,99.99999988083478
981|2.1171354180893331e-07,2.220446049250313e-16,99.99999989512027
982|4.0541474755073637e-07,2.220446049250313e-16,99.99999994523026
983|2.3160243545206072e-07,4.440892098500626e-16,99.99999980825365
984|3.059363229418466e-07,4.440892098500626e-16,99.9999998548426
985|6.041698696890307e-08,4.440892098500626e-16,99.99999926495968
986|5.030784149262502e-07,2.220446049250313e-16,99.99999995586282
987|4.980871288751132e-07,2.220446049250313e-16,99.99999995542053
988|3.8814720637603273e-07,4.440892098500626e-16,99.99999988558743
989|3.235911649746015e-07,6.661338147750939e-16,99.99999979414339
990|2.69509896622111e-07,2.220446049250313e-16,99.9999999176117
991|2.1491227819581127e-07,4.440892098500626e-16,99.99999979336258
992|9.679527712691538e-08,6.661338147750939e-16,99.99999931181165
993|2.3429012463438426e-07,4.440892098500626e-16,99.99999981045329
994|3.223286704212569e-08,6.661338147750939e-16,99.99999793337089
995|2.56267060905202e-07,4.440892098500626e-16,99.99999982670843
996|2.1353186197003993e-07,6.661338147750939e-16,99.99999968804009
997|2.038379647295585e-07,6.661338147750939e-16,99.99999967320424
998|4.957221775292453e-07,6.661338147750939e-16,99.99999986562356
999|2.5748659515656414e-07,8.881784197001252e-16,99.99999965505839
1000|3.747679104826318e-07,6.661338147750939e-16,99.99999982225431
1001|4.2208665096410414e-07,6.661338147750939e-16,99.99999984218078
1002|4.249238827469526e-08,8.881784197001252e-16,99.99999790979408
1003|4.996876423746244e-07,1.1102230246251565e-15,99.9999997778166
1004|1.2244274039119318e-08,8.881784197001252e-16,99.9999927461733
1005|2.861505130624664e-07,1.1102230246251565e-15,99.99999961201432
1006|1.518659664689892e-07,1.1102230246251565e-15,99.99999926894547
1007|1.9045143107021545e-07,1.1102230246251565e-15,99.99999941705714
1008|5.172797479247038e-08,1.1102230246251565e-15,99.99999785372803
1009|2.2209667926986754e-07,1.3322676295501878e-15,99.99999940014068
1010|6.669190977248718e-09,1.3322676295501878e-15,99.99998002354957
1011|4.131877715529697e-07,1.3322676295501878e-15,99.99999967756364
1012|1.0908225656081072e-07,1.3322676295501878e-15,99.9999987786578
1013|2.756194339426088e-08,1.5543122344752192e-15,99.99999436065805
1014|1.4211930521312865e-07,1.5543122344752192e-15,99.99999890633279
1015|4.5831779837968156e-07,1.5543122344752192e-15,99.99999966086584
1016|1.5520344343045167e-07,1.7763568394002505e-15,99.99999885546558
1017|5.053551230815856e-07,1.7763568394002505e-15,99.99999964849336
1018|5.304940779993217e-07,1.7763568394002505e-15,99.99999966515048
1019|2.200415676334444e-07,2.220446049250313e-15,99.999998990897
1020|1.5829137955947203e-07,2.220446049250313e-15,99.99999859724133
1021|1.1756791895578544e-07,1.9984014443252818e-15,99.99999830021535
1022|4.848286936365298e-07,2.220446049250313e-15,99.99999954201431
1023|3.457639521364797e-07,2.4424906541753444e-15,99.99999929359592
1024|1.26847519599238e-07,2.220446049250313e-15,99.9999982495156
1025|4.432808946575051e-07,2.6645352591003757e-15,99.99999939890591
1026|3.814672266955199e-07,2.886579864025407e-15,99.99999924329545
1027|1.4140707715881717e-07,2.6645352591003757e-15,99.9999981156988
1028|2.6534867370031634e-07,3.1086244689504383e-15,99.9999988284756
1029|3.375998534060898e-07,3.1086244689504383e-15,99.99999907919852
1030|5.65436719224266e-07,3.3306690738754696e-15,99.99999941095635
1031|1.8434830462155105e-07,3.3306690738754696e-15,99.99999819327383
1032|1.1498992069647329e-07,3.552713678800501e-15,99.99999691041296
1033|2.471683160365501e-07,3.774758283725532e-15,99.99999847279848
1034|1.7449447753392633e-07,3.774758283725532e-15,99.99999783674627
1035|3.979252469754613e-07,4.218847493575595e-15,99.99999893978894
1036|7.292944159686954e-08,4.218847493575595e-15,99.9999942151655
1037|4.2845955361414667e-07,4.440892098500626e-15,99.99999896352128
1038|4.956663004485051e-07,4.6629367034256575e-15,99.99999905925888
1039|3.6582932905204757e-07,5.10702591327572e-15,99.99999860398675
1040|3.9657721595531825e-07,5.10702591327572e-15,99.99999871222407
1041|1.8295269255119706e-07,5.329070518200751e-15,99.99999708718661
1042|4.981172727624994e-07,5.551115123125783e-15,99.99999888558068
1043|2.8939722707121973e-07,5.773159728050814e-15,99.99999800510884
1044|1.0105483960742845e-07,5.773159728050814e-15,99.99999428710218
1045|1.1557769719061639e-07,6.217248937900877e-15,99.99999462071915
1046|2.2600337468148268e-07,6.661338147750939e-15,99.99999705254926
1047|2.119506290476636e-07,6.8833827526759706e-15,99.99999675236502
1048|4.0224693620416474e-07,7.105427357601002e-15,99.99999823356582
1049|2.4366909778805734e-07,7.549516567451064e-15,99.9999969017341
1050|4.827608703905639e-07,7.771561172376096e-15,99.99999839018412
1051|4.480230835213206e-07,8.104628079763643e-15,99.99999819102445
1052|3.1013355572540036e-07,8.548717289613705e-15,99.99999724353681
1053|6.117754760559535e-07,8.881784197001252e-15,99.99999854819545
1054|8.528008965669187e-09,9.2148511043888e-15,99.99989194604342
1055|5.377222840330376e-07,9.547918011776346e-15,99.99999822437748
1056|6.818993139035001e-07,9.992007221626409e-15,99.99999853467997
1057|2.7037321670420056e-07,1.0436096431476471e-14,99.99999614011456
1058|1.8350309360926076e-07,1.0769163338864018e-14,99.99999413134508
1059|1.786713861307021e-07,1.1324274851176597e-14,99.99999366195388
1060|4.158785920083119e-07,1.176836406102666e-14,99.99999717024048
1061|9.381038790223784e-08,1.2212453270876722e-14,99.99998698176871
1062|5.333878725366503e-07,1.2656542480726785e-14,99.99999762714094
1063|5.234979147950014e-07,1.2989609388114332e-14,99.99999751868937
1064|3.3816831956912097e-07,1.354472090042691e-14,99.99999599468072
1065|1.2608041011219484e-07,1.4099832412739488e-14,99.99998881679366
1066|3.1379036213863287e-07,1.454392162258955e-14,99.9999953650834
1067|4.044184365170622e-07,1.4988010832439613e-14,99.99999629393483
1068|3.7480275372203664e-07,1.5654144647214707e-14,99.99999582336456
1069|2.1359484048133481e-07,1.6209256159527285e-14,99.99999241121363
1070|2.0429432900925804e-07,1.6764367671839864e-14,99.99999179401222
1071|1.583376714187068e-07,1.7319479184152442e-14,99.99998906168126
1072|3.551304144089329e-07,1.7763568394002505e-14,99.99999499801547
1073|4.930988835027961e-07,1.8540724511240114e-14,99.99999623995812
1074|1.1772859753733655e-07,1.9095836023552692e-14,99.99998377978127
1075|3.2911016401016013e-07,1.9761969838327786e-14,99.99999399533287
1076|1.9843389953422275e-07,2.042810365310288e-14,99.99998970533578
1077|3.229996972109461e-07,2.098321516541546e-14,99.99999350364247
1078|3.1101127806465456e-07,2.1760371282653068e-14,99.99999300334977
1079|2.0494603347742668e-07,2.2315482794965646e-14,99.99998911153223
1080|3.315917713742067e-07,2.3092638912203256e-14,99.99999303582268
1081|1.7889305414797718e-07,2.375877272697835e-14,99.99998671900771
1082|4.863691214218591e-07,2.4424906541753444e-14,99.99999497811324
1083|8.77306725044491e-08,2.5091040356528538e-14,99.99997139992247
1084|7.464313909189002e-07,2.5868196473766147e-14,99.99999653441739
1085|5.653494485891031e-07,2.6645352591003757e-14,99.9999952869234
1086|3.802099848293494e-07,2.7200464103316335e-14,99.9999928459364
1087|1.283469446278218e-07,2.7977620220553945e-14,99.99997820156895
1088|3.178122041092024e-07,2.864375403532904e-14,99.99999098720764
1089|5.970150853684686e-07,2.930988785010413e-14,99.9999950905951
1090|2.527822524633905e-07,3.008704396734174e-14,99.99998809764385
1091|1.912000637815936e-07,3.086420008457935e-14,99.99998385764133
1092|4.5281313365563847e-08,3.164135620181696e-14,99.99993012270659
1093|2.717465910073713e-07,3.2307490016592055e-14,99.99998811117008
1094|2.663131248858974e-07,3.297362383136715e-14,99.99998761847587
1095|6.466161339702126e-08,3.3639757646142243e-14,99.99994797569086
1096|3.348393673441308e-07,3.452793606584237e-14,99.9999896882089
1097|2.22065690280715e-07,3.5083047578154947e-14,99.99998420150023
1098|5.598916041904545e-07,3.574918139293004e-14,99.9999936149817
1099|1.147027259840172e-07,3.652633751016765e-14,99.99996815565001
1100|1.4248484969670017e-07,3.708144902248023e-14,99.9999739751636
1101|1.2856548936568402e-07,3.785860513971784e-14,99.99997055305796
1102|6.058118575680282e-07,3.8413716652030416e-14,99.99999365913423
1103|4.662638262153962e-07,3.8968828164342995e-14,99.99999164232223
1104|2.0482504625718434e-07,3.952393967665557e-14,99.9999807035612
1105|5.0999989120725786e-08,4.0190073491430667e-14,99.99992119591752
1106|5.881016855724397e-07,4.085620730620576e-14,99.99999305286683
1107|2.396234863866198e-07,4.141131881851834e-14,99.99998271817198
1108|5.236589428747607e-08,4.18554080283684e-14,99.99992007124371
1109|3.9914601979162967e-07,4.2299497238218464e-14,99.99998940250056
1110|7.943545776711858e-08,4.285460875053104e-14,99.99994605103319
1111|1.6712304118371435e-07,4.3298697960381105e-14,99.99997409172448
1112|4.1472309897372384e-07,4.374278717023117e-14,99.99998945253175
1113|2.50265420831397e-07,4.418687638008123e-14,99.99998234399453
1114|3.928082095150387e-07,4.451994328746878e-14,99.99998866623909
1115|4.951867680347277e-07,4.4853010194856324e-14,99.99999094220341
1116|7.881111052654433e-08,4.529709940470639e-14,99.99994252447516
1117|8.328748890562565e-08,4.54081217071689e-14,99.99994548026083
1118|3.5555591848535073e-07,4.574118861455645e-14,99.99998713530384
1119|4.810237896890612e-07,4.596323321948148e-14,99.99999044470685
1120|4.275003995246607e-07,4.618527782440651e-14,99.99998919643633
1121|3.281229257190432e-07,4.629630012686903e-14,99.9999858905622
1122|2.6021819454769e-07,4.651834473179406e-14,99.99998212333122
1123|4.129804112018576e-07,4.651834473179406e-14,99.99998873594402
1124|2.5064484265868714e-08,4.6629367034256575e-14,99.99981396239181
1125|4.875719530339495e-07,4.674038933671909e-14,99.99999041364273
1126|4.2824402868291145e-07,4.6629367034256575e-14,99.99998911149628
1127|4.198991874204694e-07,4.6407322429331543e-14,99.9999889479847
1128|5.943832133148419e-07,4.6629367034256575e-14,99.99999215499933
1129|2.7701363292109704e-07,4.6407322429331543e-14,99.99998324727851
1130|4.431782558711461e-07,4.618527782440651e-14,99.99998957862277
1131|8.44011966982805e-08,4.596323321948148e-14,99.99994554196502
1132|4.738213794652779e-07,4.596323321948148e-14,99.99999029945984
1133|3.7931856722295265e-07,4.574118861455645e-14,99.99998794122077
1134|5.645152136857234e-07,4.574118861455645e-14,99.99999189726202
1135|3.691133461103391e-07,4.529709940470639e-14,99.99998772813287
1136|3.8803236690476695e-07,4.4853010194856324e-14,99.99998844091009
1137|1.8297701931402344e-07,4.463096558993129e-14,99.99997560843119
1138|4.25022852912349e-07,4.418687638008123e-14,99.99998960364694
1139|6.133050332035594e-07,4.3520742565306136e-14,99.99999290389933
1140|2.1750595391445415e-07,4.3298697960381105e-14,99.9999800930976
1141|5.463074637113152e-07,4.285460875053104e-14,99.9999921555879
1142|5.142613490605186e-07,4.263256414560601e-14,99.999991709942
1143|4.6185282931432425e-08,4.218847493575595e-14,99.99990865385625
1144|2.3819667682722923e-07,4.1522341120980855e-14,99.99998256804349
1145|3.499340084367475e-08,4.085620730620576e-14,99.99988324596546
1146|1.7158962650754006e-07,4.04121180963557e-14,99.9999764483909
1147|1.245562366580799e-07,3.9745984281580604e-14,99.99996808992842
1148|3.111759567797634e-07,3.907985046680551e-14,99.99998744123715
1149|8.663411521503406e-08,3.863576125695545e-14,99.99995540352532
1150|1.0210046830216868e-07,3.8191672047105385e-14,99.99996259402853
1151|1.5695407196147926e-08,3.774758283725532e-14,99.9997594991811
1152|4.63452529242403e-07,3.6637359812630166e-14,99.99999209468986
1153|6.172805617765675e-07,3.6193270602780103e-14,99.99999413665797
1154|7.415146319189603e-08,3.574918139293004e-14,99.99995178897373
1155|1.9214834723335628e-07,3.4861002973229915e-14,99.99998185724547
1156|5.461817347285347e-07,3.419486915845482e-14,99.99999373928732
1157|5.06772726671656e-07,3.3306690738754696e-14,99.99999342768682
1158|6.255826228152017e-07,3.3084646133829665e-14,99.99999471138665
1159|5.395789457462996e-07,3.219646771412954e-14,99.99999403303855
1160|1.0044895160099543e-07,3.1530333899354446e-14,99.99996861058936
1161|4.6850853530067127e-07,3.108624468950438e-14,99.99999336484987
1162|3.848498668634903e-07,3.019806626980426e-14,99.99999215328656
1163|1.4095263423108406e-07,2.9531932455029164e-14,99.99997904832881
1164|7.032472741919094e-07,2.886579864025407e-14,99.99999589535577
1165|4.392394745700301e-07,2.8199664825478976e-14,99.99999357988831
1166|9.751114804501526e-08,2.7533531010703882e-14,99.99997176370952
1167|2.0338853468082618e-07,2.6645352591003757e-14,99.99998689928485
1168|1.701476544102576e-07,2.5979218776228663e-14,99.99998473136826
1169|4.239100364067383e-07,2.5757174171303632e-14,99.99999392390555
1170|2.177945179759888e-07,2.4868995751603507e-14,99.9999885814409
1171|4.171617669079808e-07,2.4424906541753444e-14,99.99999414497961
1172|8.442641890038516e-07,2.353672812205332e-14,99.99999721216079
1173|3.1828432089930914e-07,2.3092638912203256e-14,99.99999274465081
1174|3.7409831676882277e-07,2.2426505097428162e-14,99.99999400518418
1175|3.204793090905156e-07,2.1760371282653068e-14,99.99999321005423
1176|5.331083863246988e-07,2.1316282072803006e-14,99.99999600151065
1177|1.3254188568900815e-07,2.0650148258027912e-14,99.9999844199076
1178|5.20721359364984e-07,2.020605904817785e-14,99.99999611960241
1179|9.586474503109343e-09,1.9539925233402755e-14,99.99979617193759
1180|5.493296060254949e-07,1.9095836023552692e-14,99.99999652379267
1181|6.845162843216457e-07,1.865174681370263e-14,99.99999727519312
1182|4.621637186286165e-07,1.8207657603852567e-14,99.99999606034466
1183|3.884585197955204e-07,1.7541523789077473e-14,99.99999548432513
1184|7.756105211420561e-07,1.709743457922741e-14,99.99999779561595
1185|3.350776696109392e-07,1.6653345369377348e-14,99.99999503000441
1186|4.053537525638973e-07,1.6209256159527285e-14,99.99999600120732
1187|3.855491659265908e-08,1.5765166949677223e-14,99.99995910984035
1188|3.3551782241403316e-08,1.532107773982716e-14,99.99995433602415
1189|7.13061667489967e-08,1.509903313490213e-14,99.99997882506686
1190|1.9916152460552894e-07,1.4654943925052066e-14,99.99999264167919
1191|2.2329992743763682e-07,1.4210854715202004e-14,99.9999936359788
1192|1.2806760585348798e-07,1.3766765505351941e-14,99.99998925039208
1193|1.0230754088347283e-07,1.3766765505351941e-14,99.99998654374312
1194|1.5870166314435608e-07,1.3322676295501878e-14,99.99999160520689
1195|4.764646794885863e-07,1.2434497875801753e-14,99.9999973902582
1196|1.195619239169332e-07,1.199040866595169e-14,99.99998997138196
1197|8.073557555832167e-08,1.2434497875801753e-14,99.99998459848983
1198|2.2279784994694296e-07,1.1546319456101628e-14,99.9999948175804
1199|1.1847574410417394e-07,1.1102230246251565e-14,99.9999906291112
1200|4.3541576144612293e-07,1.0658141036401503e-14,99.99999755219218
1201|7.058887439015393e-07,1.0658141036401503e-14,99.99999849011036
1202|5.000956890821584e-07,1.0658141036401503e-14,99.99999786877966
1203|1.1987254810996717e-07,9.769962616701378e-15,99.99999184970807
1204|1.0842649256215253e-07,1.021405182655144e-14,99.99999057974524
1205|5.330538788150818e-09,9.769962616701378e-15,99.9998167171649
1206|2.476051350619457e-07,9.325873406851315e-15,99.99999623357027
1207|4.585596129480507e-07,9.769962616701378e-15,99.99999786942367
1208|3.729243469585697e-07,9.325873406851315e-15,99.99999749925864
1209|3.3476820793243434e-07,9.325873406851315e-15,99.99999721422967
1210|1.9023788089267413e-07,8.881784197001252e-15,99.99999533122207
1211|8.021970565597059e-08,8.881784197001252e-15,99.99998892817653
1212|4.0443305071580227e-07,8.881784197001252e-15,99.99999780389258
1213|2.1301216335256612e-07,8.43769498715119e-15,99.99999603886705
1214|1.0999775834630299e-07,8.43769498715119e-15,99.99999232921188
1215|2.480502999668843e-07,8.43769498715119e-15,99.99999659839355
1216|2.2595019244509018e-07,8.43769498715119e-15,99.99999626568365
1217|7.667063206540092e-08,8.43769498715119e-15,99.9999889948801
1218|3.9634857618153774e-08,8.43769498715119e-15,99.99997871142854
1219|2.44073755650831e-07,7.993605777301127e-15,99.99999672492204
1220|3.334470149995994e-07,8.43769498715119e-15,99.9999974695545
1221|5.22437102912221e-07,8.43769498715119e-15,99.99999838493572
1222|2.664014532305359e-07,8.43769498715119e-15,99.99999683271436
1223|3.242601611663787e-07,8.43769498715119e-15,99.99999739786259
1224|1.8052952088787322e-07,8.43769498715119e-15,99.99999532614115
1225|7.694868564556145e-07,8.43769498715119e-15,99.9999989034647
1226|1.8226473663673914e-09,8.43769498715119e-15,99.99953706377093
1227|5.51521627145668e-07,8.43769498715119e-15,99.99999847010623
1228|4.6343592718933735e-07,9.325873406851315e-15,99.99999798766714
1229|2.7785096023968947e-07,8.43769498715119e-15,99.99999696322986
1230|3.8038136318530036e-07,8.881784197001252e-15,99.99999766503171
1231|8.072361885602675e-07,8.881784197001252e-15,99.99999889972918
1232|5.126431824598043e-07,9.325873406851315e-15,99.99999818082563
1233|2.452058428525916e-07,9.325873406851315e-15,99.99999619671648
1234|2.3738093379854774e-08,8.881784197001252e-15,99.99996258425622
1235|2.9170210413820286e-07,8.881784197001252e-15,99.99999695518679
1236|2.749170158189429e-08,9.769962616701378e-15,99.99996446213929
1237|3.3320939674119643e-07,9.769962616701378e-15,99.99999706792104
1238|5.308151453942145e-07,9.769962616701378e-15,99.99999815944163
1239|2.393369457065475e-07,9.769962616701378e-15,99.99999591790453
1240|8.531532635913663e-07,1.0658141036401503e-14,99.99999875073547
1241|4.395005157586951e-07,9.769962616701378e-15,99.99999777703046
