result_new_OneBody2_E-0.25_ecc0.8_RK4.txt
geod|
newt|
num|numerrical|theoretical|relative difference(%)
1|7.572379867593071e-08,6.261657858885883e-14,99.99991730924798
2|8.03858867803875e-08,6.705747068735946e-14,99.99991658054246
3|6.281020238918522e-07,7.860379014346108e-14,99.999987485506
4|5.251096934499877e-07,9.725553695716371e-14,99.9999814790056
5|1.7499303162082924e-07,1.2922996006636822e-13,99.99992615136793
6|5.120084231591271e-07,1.8562928971732617e-13,99.9999637448758
7|4.483137917565827e-07,2.8466118351389014e-13,99.99993650403161
8|1.95120284762762e-07,4.654054919228656e-13,99.99976147764826
9|7.474421436781675e-07,8.117950756059145e-13,99.99989139024572
10|2.6458036761489723e-07,1.4988010832439613e-12,99.99943351765033
11|7.503514487527951e-08,2.9056757000489597e-12,99.99612758034267
12|4.21247072557307e-07,5.858868945551876e-12,99.9986091609112
13|1.466431226448961e-07,1.2151168959917413e-11,99.99171378190756
14|1.3517533281603988e-07,2.5619062427040262e-11,99.98104753145908
15|5.982648602076424e-07,5.42361711097783e-11,99.99093442140477
16|1.8280683755644844e-07,1.1407585986944468e-10,99.93759759678889
17|3.80111170650288e-07,2.360389661504314e-10,99.93790264944158
18|1.6944706338062332e-07,4.766735894889962e-10,99.71868878694093
19|1.0174980946686674e-07,9.33211063980366e-10,99.08283753171621
20|2.749729712814286e-07,1.7598493773363089e-09,99.35999186787885
21|1.4669200920636172e-07,3.1779345821547622e-09,97.8336007534779
22|4.312359551672529e-07,5.458704821492688e-09,98.73417214958907
23|2.8123073980701463e-07,8.858421773894065e-09,96.85012321911437
24|1.680243766344347e-08,1.3478460014759719e-08,19.782710790325524
25|5.96447193856875e-08,1.9090155900514105e-08,67.99355232594986
26|3.921301647835662e-07,2.4997494074696647e-08,93.62520501617266
27|9.154297853086746e-08,3.009888682736772e-08,67.12048557911118
28|4.960920201302343e-07,3.321589336913178e-08,93.30448948555716
29|4.795116488320872e-07,3.35704060105968e-08,92.99904265259
30|3.2455255372099145e-08,3.112790303294588e-08,4.08979169609108
31|2.4381500107750753e-07,2.6610776360236343e-08,89.08566895283981
32|3.2296577545665173e-07,2.1115025394813358e-08,93.46214769507446
33|4.3711954411662646e-07,1.5685669652043543e-08,96.41158354432706
34|3.9079987290691065e-07,1.1012039502489301e-08,97.18217935421069
35|3.5689609045874704e-08,7.378532118629266e-09,79.32582531474343
36|4.7373008404960615e-07,4.76362316259582e-09,98.99444360343874
37|8.838139287092872e-08,2.9888816976963994e-09,96.61820027880604
38|3.070497642809755e-07,1.8374595178727304e-09,99.4015759881218
39|4.122716226184764e-07,1.1142977651701358e-09,99.72971756870074
40|2.38138633701368e-07,6.705207500345978e-10,99.71843260389431
41|2.0881277862372372e-07,4.0233238962628093e-10,99.80732386577199
42|3.765939204924962e-07,2.416806754723666e-10,99.93582459452443
43|3.8902250842909325e-07,1.458118070729597e-10,99.96251841373864
44|3.367375236429382e-07,8.858047628734766e-11,99.97369450385895
45|2.712819640038333e-07,5.430389471428043e-11,99.97998248983721
46|2.5145592452702203e-07,3.3646418984289994e-11,99.98661935723027
47|7.167045357192592e-08,2.109934449379125e-11,99.97056060978794
48|1.237542877063902e-07,1.3404610754719215e-11,99.98916836660518
49|7.316502337317843e-08,8.634426507114767e-12,99.98819869644123
50|1.0995993005025184e-07,5.644373857194296e-12,99.99486688118607
51|3.0422463659363075e-07,3.746336574295128e-12,99.99876856239645
52|1.8736201612412628e-07,2.525535336417306e-12,99.9986520558496
53|2.5406147230455645e-07,1.731059739995544e-12,99.9993186453167
54|1.7696182164073093e-07,1.2070344723724702e-12,99.99931791249594
55|1.3480707439228468e-07,8.562039965909207e-13,99.99936486716261
56|4.596812841484166e-08,6.190603585309873e-13,99.99865328352517
57|1.253762178521356e-07,4.551914400963142e-13,99.99963693956646
58|1.8911406485244697e-07,3.423927807943983e-13,99.99981894906597
59|1.9813160490045334e-07,2.6290081223123707e-13,99.99986731000722
60|8.931480577345496e-08,2.05613304160579e-13,99.99976978810805
61|1.4891409616524243e-07,1.6564527527407336e-13,99.99988876454309
62|1.2415516170705132e-07,1.3589129821411916e-13,99.99989054720211
63|5.1381391141802624e-08,1.141309269314661e-13,99.99977787497693
64|1.4033983841699182e-07,9.85878045867139e-14,99.99992975066404
65|8.904805248732828e-08,8.748557434046234e-14,99.99990175464606
66|8.838560905388704e-08,7.993605777301127e-14,99.99990955987221
67|8.268082662965526e-09,7.416289804496046e-14,99.99910302181209
68|2.5990964935829197e-08,7.238654120556021e-14,99.99972149344441
69|4.2953201440099065e-08,7.194245199571014e-14,99.99983250968593
70|1.0962852403650913e-08,7.283063041541027e-14,99.99933565984715
71|3.344369670088554e-09,7.682743330406083e-14,99.99770278285946
72|6.954194553543402e-08,8.348877145181177e-14,99.99987994472859
73|2.1584098952587283e-09,9.325873406851315e-14,99.99567928527972
74|1.1325307180953814e-07,1.0658141036401503e-13,99.999905890932
75|4.511674278617761e-08,1.2523315717771766e-13,99.99972242420564
76|1.2058408582760194e-07,1.5143442055887135e-13,99.99987441591523
77|1.1299318769530942e-07,1.8740564655672642e-13,99.99983414429633
78|9.347883134225299e-08,2.375877272697835e-13,99.99974583793586
79|2.277408706063966e-08,3.0819791163594346e-13,99.9986467167232
80|4.487265492514325e-08,4.0811798385220754e-13,99.99909049735405
81|5.891639442978658e-08,5.511147094239277e-13,99.99906458174374
82|1.4708896545201355e-07,7.602807272633072e-13,99.99948311504882
83|2.2006654987194452e-07,1.0693668173189508e-12,99.99951407116714
84|2.0979930059894514e-07,1.531219595563016e-12,99.99927015028592
85|7.03377609490019e-08,2.2319923687064147e-12,99.99682675089655
86|2.4506007179070366e-07,3.3093527918026666e-12,99.99864957487051
87|2.1580304832014008e-07,4.987121826616203e-12,99.99768904013848
88|3.124383356478688e-07,7.633893517322576e-12,99.99755667194248
89|7.533523493918892e-08,1.1862066884305023e-11,99.98425429097834
90|1.5493536764665805e-07,1.869726595771226e-11,99.98793221570922
91|2.240323078162021e-07,2.985833802426896e-11,99.98667230708136
92|3.184203034578559e-08,4.827138688767718e-11,99.84840355227516
93|4.2505433084372157e-07,7.888445452408632e-11,99.98144132436728
94|3.4855253350229987e-07,1.300786145463917e-10,99.96268034168642
95|1.2715913921823585e-07,2.1601920252578566e-10,99.83011901161501
96|3.513475559380197e-07,3.6028025007794895e-10,99.89745759035776
97|4.342343240537616e-08,6.014166942236443e-10,98.61499503629938
98|4.878974877442488e-07,1.0008742723499608e-09,99.79485972002492
99|3.932854863997193e-07,1.6521944923297838e-09,99.57989944977258
100|1.7065104351843274e-07,2.6894690918766173e-09,98.42399493350527
101|4.5700683237726025e-09,4.287618704523766e-09,6.180424432159779
102|1.9814403895423993e-08,6.64028443342346e-09,66.48758918779792
103|5.464441485969473e-07,9.904264519633443e-09,98.18750652833164
104|2.4549920718541784e-07,1.4090670408251071e-08,94.26040085025251
105|2.5115079083093406e-07,1.894031775862004e-08,92.45858725112676
106|2.0342578288534696e-07,2.383451624954347e-08,88.28343393276904
107|3.62116786556399e-07,2.7846906336392863e-08,92.30996535642355
108|2.3241610702662285e-07,3.001645121347707e-08,87.0850382972645
109|4.068795758094268e-07,2.97240905222651e-08,92.6946221217584
110|1.101068867193078e-07,2.7009935843480548e-08,75.46934924031031
111|3.840302083002456e-07,2.255681308405144e-08,94.12629199565053
112|3.678185718225535e-07,1.7382073891347716e-08,95.27428052226429
113|7.665593515504554e-08,1.2436276231042598e-08,83.77649922880886
114|2.6710742817570576e-07,8.322398992177682e-09,96.88425026251868
115|1.8196410644932826e-07,5.251711732157105e-09,97.11387490937969
116|4.604725376555763e-07,3.149397409529797e-09,99.31605097981208
117|1.5354774474118926e-07,1.8077968011454004e-09,98.82264841844957
118|1.4276474091801106e-07,9.995768657233839e-10,99.29984332315118
119|2.3506826707375694e-08,5.352067677932837e-10,97.72318580276362
120|5.0531440587420207e-08,2.7882274267199136e-10,99.44821928797057
121|6.039889455244918e-08,1.4195267183936267e-10,99.76497471867454
122|5.061774217551829e-07,7.097478160744686e-11,99.98597827983687
123|9.249224242058318e-08,3.5065284009760944e-11,99.962088405371
124|1.737034294180262e-08,1.7251533535045382e-11,99.90068397847502
125|3.6384566781677563e-07,8.529177364380303e-12,99.99765582549998
126|1.3284557376369577e-07,4.282796339794004e-12,99.99677610911793
127|6.604028965906394e-07,2.2084556405843614e-12,99.9996655896496
128|6.459771750289001e-07,1.1821654766208667e-12,99.99981699578215
129|6.668887408967095e-08,6.621370118864434e-13,99.99900712522002
130|5.672111371146649e-07,3.9168668308775523e-13,99.9999309451706
131|4.199758388279129e-07,2.460254222569347e-13,99.99994141914856
132|8.385749500350315e-08,1.6475709685437323e-13,99.99980352728537
133|4.2660760857238245e-07,1.1812772982011666e-13,99.99997230998055
134|1.06690039486379e-06,9.059419880941277e-14,99.99999150865449
135|3.522844920222923e-07,7.460698725481052e-14,99.99997882194961
136|3.7781901379707605e-07,6.572520305780927e-14,99.99998260405097
1|4.3720684789194664e-07,6.17284001691587e-14,99.99998588119091
2|8.351602598377639e-08,6.17284001691587e-14,99.99992608795804
3|8.759461930796242e-07,6.128431095930864e-14,99.99999300364435
4|6.058773638351056e-08,6.128431095930864e-14,99.99989885030433
5|4.762209841469023e-07,6.039613253960852e-14,99.99998731762469
6|6.143402155323052e-07,5.995204332975845e-14,99.99999024123086
7|2.1699277896747304e-07,5.861977570020827e-14,99.99997298537953
8|6.78301102008394e-07,5.861977570020827e-14,99.99999135785339
9|6.16925881935515e-07,5.728750807065808e-14,99.99999071403717
10|1.8868694384721607e-07,5.639932965095795e-14,99.99997010957489
11|5.6382474578065e-08,5.639932965095795e-14,99.99989997010583
12|3.1605088801622827e-07,5.551115123125783e-14,99.99998243600847
13|3.8843383698417e-07,5.46229728115577e-14,99.99998593763786
14|2.0159657954099686e-07,5.46229728115577e-14,99.99997290481171
15|1.8738408325003064e-07,5.46229728115577e-14,99.99997084972648
16|2.8479892677513163e-07,5.5067062021407764e-14,99.99998066458232
17|4.8071926339599e-07,5.46229728115577e-14,99.9999886372407
18|5.603389098274292e-07,5.551115123125783e-14,99.99999009328992
19|6.906254766958497e-07,5.595524044110789e-14,99.99999189788933
20|6.703473014457728e-07,5.684341886080802e-14,99.99999152030317
21|4.804464752705684e-07,5.728750807065808e-14,99.99998807619349
22|1.1335964300585033e-07,5.81756864903582e-14,99.99994868042546
23|6.240673715574019e-07,5.950795411990839e-14,99.99999046449841
24|3.3577367553050408e-09,6.084022174945858e-14,99.99818805861855
25|1.4889465160816684e-07,6.261657858885883e-14,99.99995794571672
26|4.1397352246175245e-07,6.350475700855895e-14,99.99998465970562
27|4.87589566278146e-07,6.572520305780927e-14,99.99998652038362
28|5.762156870536828e-07,6.750155989720952e-14,99.9999882853658
29|4.225687787462462e-07,6.94999613415348e-14,99.99998355298241
30|2.887966771281114e-07,7.172040739078511e-14,99.99997516577818
31|2.428367373852325e-07,7.438494264988549e-14,99.99996936833222
32|3.050632538803555e-07,7.66053886991358e-14,99.99997488868695
33|5.380301799640108e-07,7.926992395823618e-14,99.99998526663988
34|9.882225826540747e-08,8.215650382226158e-14,99.9999168643732
35|2.854239289362681e-08,8.504308368628699e-14,99.99970204641214
36|2.6104454742270633e-07,8.815170815523743e-14,99.99996623116283
37|7.140807100070035e-07,9.170442183403793e-14,99.99998715769513
38|6.053880680090273e-07,9.481304630298837e-14,99.99998433846795
39|5.3052996884517256e-08,9.880984919163893e-14,99.99981375255878
40|3.5287825372876114e-07,1.0191847366058937e-13,99.99997111795001
41|6.276199833177287e-07,1.0613732115416497e-13,99.99998308891941
42|5.4974061747259384e-08,1.1057821325266559e-13,99.99979885384172
43|1.9874882384307568e-07,1.1479706074624119e-13,99.99994224013076
44|3.2082766421304143e-07,1.1901590823981678e-13,99.999962903477
45|1.906756679215249e-07,1.2367884494324244e-13,99.9999351365351
46|3.323195096882614e-08,1.2811973704174306e-13,99.99961446820512
47|1.2771615276463422e-07,1.3322676295501878e-13,99.99989568526763
48|1.2197121534995858e-08,1.383337888682945e-13,99.99886584889336
49|2.2319153591965346e-07,1.4299672557172016e-13,99.99993593093708
50|2.2324723469857588e-07,1.4832579608992091e-13,99.99993355985067
51|1.4375395784860245e-07,1.5343282200319663e-13,99.99989326706249
52|6.87000603072363e-08,1.5898393712632242e-13,99.99976858253629
53|1.8691892167410629e-07,1.645350522494482e-13,99.99991197517578
54|3.3897505424818064e-07,1.7008616737257398e-13,99.99994982339696
55|2.522229847201629e-07,1.758593271006248e-13,99.99993027624849
56|3.361183786854127e-07,1.8141044222375058e-13,99.9999460278123
57|2.8204028024170213e-07,1.871836019518014e-13,99.999933632316
58|3.04941877526943e-07,1.929567616798522e-13,99.99993672342964
59|2.2989714598686817e-07,1.9872992140790302e-13,99.9999135570298
60|2.2299770674472086e-07,2.0450308113595383e-13,99.99990829363938
61|1.8939896784253563e-07,2.1027624086400465e-13,99.99988897709251
62|5.3117581000350356e-08,2.156053113822054e-13,99.99959409802307
63|9.114642751661961e-08,2.2137847111025621e-13,99.99975711777506
64|4.280768028941395e-08,2.270406085358445e-13,99.99946962646189
65|4.684189205406142e-07,2.324807013565078e-13,99.99995036906257
66|2.9888859831572745e-07,2.3780977187470853e-13,99.99992043531496
67|1.6531785052009695e-08,2.4291679778798425e-13,99.99853060757188
68|5.75343851449972e-07,2.4780177909633494e-13,99.99995692979451
69|1.4950780791167517e-07,2.5268676040468563e-13,99.99983098758257
70|4.554062442707618e-07,2.5712765250318625e-13,99.99994353883906
71|1.436141110477962e-07,2.6134649999676185e-13,99.99981802171243
72|4.133584710075411e-07,2.6545432518787493e-13,99.99993578108499
73|2.2191668747062465e-07,2.6911806116913795e-13,99.99987873013777
74|1.4033869888407935e-07,2.7267077484793845e-13,99.99980570521387
75|2.434445722787615e-07,2.758904216193514e-13,99.99988667218207
76|1.6774414346443223e-07,2.785549568784518e-13,99.99983394057692
77|2.288673852657297e-07,2.809974475326271e-13,99.99987722259019
78|1.441542378799454e-07,2.831068712794149e-13,99.99980360836044
79|2.5018700666734617e-08,2.8488322811881517e-13,99.9988613188514
80|4.6069346515409393e-07,2.864375403532904e-13,99.9999378247008
81|1.779123182110709e-08,2.873257187729905e-13,99.99838501503628
82|1.276433447827685e-07,2.879918525877656e-13,99.9997743776982
83|7.908875487849798e-08,2.881028748902281e-13,99.99963572207537
84|3.843762619304414e-08,2.879918525877656e-13,99.99925075536366
85|1.69863989540886e-09,2.8743674107545303e-13,99.98307841810072
86|2.663486693421646e-07,2.8621549574836536e-13,99.99989254104537
87|1.9197472989063158e-07,2.849942504212777e-13,99.99985154595576
88|3.4542069604626136e-07,2.8321789358187743e-13,99.9999180078389
89|4.817422276648387e-07,2.809974475326271e-13,99.99994167057994
90|3.466161193621531e-07,2.786659791809143e-13,99.9999196038604
91|4.2447227355246753e-07,2.7566837701442637e-13,99.99993505621116
92|3.8710662009222574e-07,2.7255975254547593e-13,99.99992959052148
93|2.9526754552477996e-07,2.687849942617504e-13,99.99990896900172
94|6.631724966954522e-07,2.651212582804874e-13,99.99996002227782
95|3.517350555259924e-07,2.609024107869118e-13,99.99992582416603
96|6.849914480078212e-08,2.565725409908737e-13,99.9996254368697
97|1.375825975369338e-07,2.517985819849855e-13,99.99981698369817
98|1.8487571717962226e-07,2.468025783741723e-13,99.99986650351808
99|1.099268676085785e-08,2.4158453015843406e-13,99.99780231589043
100|1.9583810595413809e-07,2.362554596402333e-13,99.99987936185428
101|1.4546083049182812e-07,2.3081536681957004e-13,99.99984132129175
102|1.3891466199567049e-07,2.2493118478905672e-13,99.99983807959393
103|1.9092049097224617e-07,2.1926904736346842e-13,99.99988515164284
104|4.1530460004324254e-07,2.1327384303049257e-13,99.99994864640483
105|1.396457680602481e-07,2.0727863869751673e-13,99.99985156826334
106|1.8003049961912154e-07,2.0128343436454088e-13,99.99988819481433
107|4.417370942366716e-07,1.9484414082171497e-13,99.99995589137897
108|1.6141645908795965e-07,1.8884893648873913e-13,99.99988300515477
109|1.3876263915690856e-07,1.8252066524837574e-13,99.99986846555646
110|4.3017495743313816e-07,1.7641443861293737e-13,99.9999589900724
111|3.8205366514887373e-07,1.7008616737257398e-13,99.99995548107952
112|1.1021737744698612e-07,1.6409096303959814e-13,99.99985112060654
113|1.0631113767090028e-09,1.5787371410169726e-13,99.98514984247555
114|4.0405220902428596e-07,1.5187850976872141e-13,99.99996241116708
115|2.5737857178853574e-07,1.4599432773820809e-13,99.99994327642479
116|2.3978790908429914e-07,1.3999912340523224e-13,99.99994161543677
117|1.3931642683928658e-07,1.3422596367718143e-13,99.99990365388582
118|1.8289650860481288e-07,1.2867484855405564e-13,99.99992964608809
119|1.955425661392951e-07,1.2301271112846734e-13,99.99993709159415
120|1.514398642044057e-07,1.1757261830780408e-13,99.99992236349463
121|6.43728061966442e-08,1.1246559239452836e-13,99.99982529021331
122|4.9706262217341646e-08,1.0724754417879012e-13,99.99978423735885
123|3.0157212860260074e-07,1.0247358517290195e-13,99.99996602020695
124|1.76380806848897e-07,9.758860386455126e-14,99.99994467164223
125|6.440134869833969e-08,9.281464485866309e-14,99.99985588089888
126|5.815582904133976e-08,8.837375276016246e-14,99.99984803973356
127|9.482760843226856e-08,8.393286066166183e-14,99.99991148900405
128|1.6841586347737802e-08,7.971401316808624e-14,99.99952668346364
129|6.735992741369046e-08,7.571721027943568e-14,99.99988759309402
130|2.5646587786809505e-07,7.172040739078511e-14,99.99997203510736
131|3.647400843576065e-07,6.794564910705958e-14,99.99998137148835
132|1.7487517656178397e-07,6.428191312579656e-14,99.99996324125905
133|1.0377066894662335e-07,6.09512440519211e-14,99.99994126351437
134|1.031084373437352e-07,5.773159728050814e-14,99.99994400885245
135|2.0199419648037065e-07,5.440092820663267e-14,99.99997306807366
136|6.180422573720534e-08,5.140332604014475e-14,99.99991682878407
137|3.931433112391858e-07,4.8627768478581856e-14,99.99998763103248
138|2.946129629144423e-07,4.5852210917018965e-14,99.99998443645845
139|2.462910542178065e-07,4.318767565791859e-14,99.99998246478103
140|1.305789307792793e-07,4.0745185003743245e-14,99.99996879650894
141|8.167229559319367e-08,3.83026943495679e-14,99.99995310197409
142|4.2159963031807024e-07,3.608224830031759e-14,99.99999144158446
143|4.804010735881548e-07,3.4083846855992306e-14,99.99999290512683
144|2.6984795420403884e-07,3.197442310920451e-14,99.99998815094848
145|1.6090403187618563e-07,3.019806626980426e-14,99.99998123225011
146|3.0846570631126724e-08,2.8310687127941492e-14,99.99990822095764
147|6.908986271980666e-08,2.6645352591003757e-14,99.99996143377402
148|1.914896485821771e-07,2.4980018054066022e-14,99.999986954899
149|1.0599022548518633e-07,2.353672812205332e-14,99.9999777934918
150|1.4989748864380203e-07,2.19824158875781e-14,99.9999853350339
151|1.634757955670807e-07,2.0650148258027912e-14,99.99998736806988
152|8.335068857334704e-08,1.9317880628477724e-14,99.99997682337008
153|4.085028537659241e-08,1.8207657603852567e-14,99.99995542832214
154|3.7803471064634664e-07,1.709743457922741e-14,99.99999547728447
155|3.101866634658279e-07,1.609823385706477e-14,99.99999481014636
156|9.943086354269326e-10,1.4988010832439613e-14,99.99849261986687
157|1.1765902163674014e-07,1.3988810110276972e-14,99.99998811072035
158|3.458572650494318e-07,1.3211653993039363e-14,99.99999618002704
159|8.144114316266382e-08,1.2323475573339238e-14,99.99998486824337
160|5.069475168539839e-07,1.1657341758564144e-14,99.9999977004835
161|1.8494558062798205e-07,1.0880185641326534e-14,99.99999411708806
162|2.460953538729882e-07,1.0103029524088925e-14,99.99999589466873
163|1.265669200556374e-07,9.547918011776346e-15,99.99999245622948
164|1.2006802663222516e-08,8.881784197001252e-15,99.99992602706611
165|5.840168109116917e-07,8.215650382226158e-15,99.99999859325105
166|1.4659025104890588e-07,7.66053886991358e-15,99.99999477418258
167|3.5051123425944297e-07,7.327471962526033e-15,99.99999790949012
168|1.1455168991147957e-07,6.772360450213455e-15,99.99999408794366
169|9.666761791038425e-08,6.328271240363392e-15,99.99999345357693
170|1.9551664420802695e-07,5.88418203051333e-15,99.99999699044444
171|2.8925392525636084e-07,5.773159728050814e-15,99.99999800412053
172|1.568193690459907e-07,5.551115123125783e-15,99.99999646018527
173|2.819547400001454e-07,4.884981308350689e-15,99.99999826745906
174|3.749877093284226e-07,4.6629367034256575e-15,99.99999875650946
175|2.11196664601232e-08,4.218847493575595e-15,99.99998002408087
176|3.612536625396956e-07,4.218847493575595e-15,99.99999883216478
177|3.1863386906749724e-07,3.9968028886505635e-15,99.99999874564405
178|3.4697176465314783e-07,3.552713678800501e-15,99.9999989760799
179|1.0138682338123317e-07,3.3306690738754696e-15,99.9999967148896
180|2.894145754162025e-07,2.886579864025407e-15,99.9999990026142
181|3.9710977617346543e-08,2.6645352591003757e-15,99.99999329017965
182|2.0123835309249216e-07,2.6645352591003757e-15,99.9999986759307
183|2.6977596823130057e-07,2.4424906541753444e-15,99.9999990946226
184|8.912038662600708e-08,2.4424906541753444e-15,99.99999725933566
185|2.3906522939043384e-07,2.220446049250313e-15,99.99999907119657
186|3.628909293063032e-07,1.9984014443252818e-15,99.99999944931072
187|1.7916850048038668e-07,1.9984014443252818e-15,99.99999888462456
188|1.0937105443531436e-07,1.7763568394002505e-15,99.99999837584373
189|1.547835695170363e-07,1.9984014443252818e-15,99.99999870890596
190|4.0592653816062807e-07,1.5543122344752192e-15,99.99999961709518
191|5.2318063215039956e-08,1.3322676295501878e-15,99.99999745352265
192|2.944070245369801e-07,1.5543122344752192e-15,99.99999947205328
193|9.14461200096639e-08,1.1102230246251565e-15,99.99999878592659
194|3.4366115242434603e-07,1.1102230246251565e-15,99.99999967694254
195|2.5389077062953902e-08,1.1102230246251565e-15,99.99999562716273
196|2.2695995482990838e-07,1.1102230246251565e-15,99.99999951082867
197|1.0037447850663739e-07,1.1102230246251565e-15,99.99999889391901
198|1.958576376637211e-07,1.1102230246251565e-15,99.99999943314795
199|1.175806758624276e-07,8.881784197001252e-16,99.99999924462212
200|3.959131311681574e-07,6.661338147750939e-16,99.99999983174749
201|2.233181861654998e-08,6.661338147750939e-16,99.99999701710897
202|3.442889187077469e-07,6.661338147750939e-16,99.99999980651894
203|1.6774888678128264e-07,8.881784197001252e-16,99.99999947053097
204|3.1435040970251293e-07,6.661338147750939e-16,99.99999978809196
205|3.4438384277635237e-07,4.440892098500626e-16,99.99999987104819
206|4.371456219232073e-08,6.661338147750939e-16,99.99999847617411
207|4.596276199642091e-07,2.220446049250313e-16,99.99999995169033
208|3.9328257672721634e-07,4.440892098500626e-16,99.99999988708139
209|1.924787622620272e-07,4.440892098500626e-16,99.99999976927886
210|3.863261319736466e-07,4.440892098500626e-16,99.99999988504811
211|8.515179672485829e-09,4.440892098500626e-16,99.99999478473471
212|1.7600253832128487e-07,2.220446049250313e-16,99.99999987384011
213|2.70282444425618e-07,2.220446049250313e-16,99.99999991784719
214|1.8895532960527817e-07,2.220446049250313e-16,99.99999988248831
215|3.9612073621242416e-08,2.220446049250313e-16,99.99999943945221
216|1.7124159468195899e-07,2.220446049250313e-16,99.99999987033256
217|3.163738555578277e-07,2.220446049250313e-16,99.99999992981576
218|1.342695141737238e-07,2.220446049250313e-16,99.99999983462769
219|1.4392160663234677e-07,4.440892098500626e-16,99.99999969143673
220|3.9355041359101506e-07,2.220446049250313e-16,99.99999994357913
221|2.0508216946879543e-07,2.220446049250313e-16,99.99999989172896
222|2.8050790890077337e-07,4.440892098500626e-16,99.99999984168389
223|1.186476286108018e-07,2.220446049250313e-16,99.99999981285373
224|1.5249464180300265e-07,0.0,100.0
225|4.8074503489203835e-08,4.440892098500626e-16,99.99999907624796
226|3.70115029735274e-07,2.220446049250313e-16,99.9999999400066
227|2.1689446594308492e-07,4.440892098500626e-16,99.99999979525101
228|2.750341283608293e-07,2.220446049250313e-16,99.99999991926653
229|3.248196289717953e-08,0.0,100.0
230|8.389690275834027e-09,0.0,100.0
231|2.514606300962896e-10,0.0,100.0
232|3.0480001411703483e-07,0.0,100.0
233|2.9611238350213398e-08,2.220446049250313e-16,99.99999925013401
234|2.714779108181631e-07,0.0,100.0
235|4.150306534000947e-07,0.0,100.0
236|1.0817372775306922e-08,0.0,100.0
237|2.493144877213638e-07,2.220446049250313e-16,99.99999991093794
238|1.8921901823176768e-08,2.220446049250313e-16,99.99999882652068
239|1.5585988766275705e-07,2.220446049250313e-16,99.99999985753576
240|3.112689546114211e-07,2.220446049250313e-16,99.9999999286647
241|4.1392768501680166e-07,0.0,100.0
242|1.8332031759271672e-07,2.220446049250313e-16,99.99999987887617
243|4.939504316681109e-08,0.0,100.0
244|1.9449484467415346e-07,0.0,100.0
245|3.089110522935812e-08,2.220446049250313e-16,99.99999928120214
246|3.997855690940355e-08,0.0,100.0
247|3.2245734882252464e-07,0.0,100.0
248|2.5439134443416833e-07,0.0,100.0
249|2.037881730032609e-07,2.220446049250313e-16,99.99999989104147
250|2.835396983869032e-07,0.0,100.0
251|1.0176080156298895e-07,0.0,100.0
252|1.3269730292364557e-07,2.220446049250313e-16,99.99999983266834
253|1.9326699129962321e-07,2.220446049250313e-16,99.99999988510991
254|1.101053177521294e-07,2.220446049250313e-16,99.99999979833434
255|1.7940331797916542e-07,2.220446049250313e-16,99.99999987623161
256|8.642955817705911e-08,2.220446049250313e-16,99.99999974309182
257|1.1338701932928075e-07,0.0,100.0
258|2.630166324735228e-07,2.220446049250313e-16,99.99999991557773
259|9.551195034873672e-08,0.0,100.0
260|2.827266336602463e-07,0.0,100.0
261|2.0266875688790265e-07,2.220446049250313e-16,99.99999989043965
262|2.566512251611641e-07,2.220446049250313e-16,99.9999999134839
263|3.650262825338757e-07,2.220446049250313e-16,99.99999993917024
264|2.4284215438541423e-07,2.220446049250313e-16,99.99999990856422
265|1.6719363893358263e-07,0.0,100.0
266|3.9411704566560957e-08,4.440892098500626e-16,99.99999887320476
267|4.567166334012995e-08,4.440892098500626e-16,99.99999902764827
268|1.129404783029031e-07,0.0,100.0
269|3.345079990779709e-08,4.440892098500626e-16,99.9999986724108
270|1.1680764266941424e-07,0.0,100.0
271|2.0692899305174706e-07,4.440892098500626e-16,99.99999978539053
272|3.7112317219367696e-07,4.440892098500626e-16,99.99999988033913
273|2.0397278532868768e-08,0.0,100.0
274|1.4709445572691493e-07,4.440892098500626e-16,99.9999996980925
275|1.9623020630632482e-07,0.0,100.0
276|2.2749815808964513e-07,4.440892098500626e-16,99.99999980479437
277|1.581200415046169e-07,4.440892098500626e-16,99.99999971914426
278|3.0766686531791265e-07,0.0,100.0
279|2.3023478101791284e-07,0.0,100.0
280|1.496714987503367e-07,0.0,100.0
281|3.0658708105590904e-07,0.0,100.0
282|1.64162281546254e-07,4.440892098500626e-16,99.99999972948159
283|3.889209487795142e-08,0.0,100.0
284|9.306104553630234e-08,0.0,100.0
285|1.6929576851509864e-07,0.0,100.0
286|1.067230388507312e-07,4.440892098500626e-16,99.99999958388628
287|1.2334988452877838e-07,4.440892098500626e-16,99.99999963997598
288|2.2231324070531855e-07,0.0,100.0
289|1.577277304321001e-07,0.0,100.0
290|1.1691350598752592e-07,0.0,100.0
291|7.666122936456077e-08,0.0,100.0
292|1.7298855148339953e-07,4.440892098500626e-16,99.99999974328405
293|1.25857959609732e-07,0.0,100.0
294|3.154260128646058e-07,0.0,100.0
295|1.879536521975922e-07,0.0,100.0
296|8.076057023131966e-08,4.440892098500626e-16,99.9999994501163
297|1.9647711546610935e-07,0.0,100.0
298|1.6138301095480756e-07,0.0,100.0
299|1.2808248683882084e-07,4.440892098500626e-16,99.99999965327873
300|9.987317239890103e-08,4.440892098500626e-16,99.99999955534685
301|9.001943368502907e-08,4.440892098500626e-16,99.99999950667407
302|2.2604618710175828e-07,0.0,100.0
303|2.6522943841200686e-09,0.0,100.0
304|1.3312138458232425e-07,4.440892098500626e-16,99.9999996664028
305|1.6593785723273413e-07,0.0,100.0
306|1.2234369251018506e-07,4.440892098500626e-16,99.99999963701504
307|3.437160867036937e-07,4.440892098500626e-16,99.99999987079767
308|1.1882507955363053e-07,0.0,100.0
309|1.7942511165713881e-07,0.0,100.0
310|1.6820490689184453e-07,4.440892098500626e-16,99.9999997359832
311|2.53944960615371e-07,0.0,100.0
312|2.2571465096987708e-07,8.881784197001252e-16,99.99999960650386
313|1.2084473199891477e-07,0.0,100.0
314|1.0969781305547599e-07,4.440892098500626e-16,99.99999959517041
315|1.918817473800516e-07,0.0,100.0
316|5.056674368120184e-08,0.0,100.0
317|1.9889973490450075e-07,0.0,100.0
318|3.72778963253495e-09,4.440892098500626e-16,99.99998808706356
319|8.673475049292279e-08,0.0,100.0
320|5.1756031904659494e-08,0.0,100.0
321|9.926111665947701e-08,0.0,100.0
322|8.685252250728581e-08,4.440892098500626e-16,99.99999948868589
323|1.202124719767994e-07,4.440892098500626e-16,99.99999963057975
324|4.681993903687953e-09,0.0,100.0
325|2.5247543966600006e-07,0.0,100.0
326|1.440806722818877e-07,4.440892098500626e-16,99.99999969177739
327|1.0794008398207211e-07,0.0,100.0
328|1.536930325229946e-07,4.440892098500626e-16,99.99999971105443
329|1.254993988730746e-07,4.440892098500626e-16,99.99999964614236
330|8.491291447754179e-08,0.0,100.0
331|9.199081496547024e-10,0.0,100.0
332|2.6064559710547996e-07,0.0,100.0
333|2.073561158333348e-07,4.440892098500626e-16,99.9999997858326
334|8.338765411508575e-08,0.0,100.0
335|9.053324223629033e-08,4.440892098500626e-16,99.99999950947387
336|2.6301077848955856e-07,4.440892098500626e-16,99.99999983115171
337|1.3004605170507944e-07,4.440892098500626e-16,99.99999965851389
338|3.918695590243715e-08,4.440892098500626e-16,99.99999886674226
339|1.1788946085999896e-07,0.0,100.0
340|2.055472689832527e-07,4.440892098500626e-16,99.99999978394789
341|2.542611703404418e-07,4.440892098500626e-16,99.99999982534132
342|3.063978404327372e-08,0.0,100.0
343|5.27865018362661e-08,0.0,100.0
344|3.24480353697254e-08,4.440892098500626e-16,99.99999863138336
345|1.2461533094310084e-07,4.440892098500626e-16,99.99999964363197
346|1.934923288260393e-08,0.0,100.0
347|3.79243463299872e-08,4.440892098500626e-16,99.99999882901288
348|1.6006926228939733e-07,4.440892098500626e-16,99.99999972256434
349|2.383649460035997e-07,0.0,100.0
350|3.3534396148837686e-08,0.0,100.0
351|8.414551277979854e-09,0.0,100.0
352|1.1040596348266263e-07,4.440892098500626e-16,99.99999959776702
353|1.5682682086293198e-07,0.0,100.0
354|7.57140106166787e-08,0.0,100.0
355|7.548870595286417e-08,0.0,100.0
356|5.609178854726338e-08,4.440892098500626e-16,99.99999920828124
357|1.1195900606608689e-07,0.0,100.0
358|1.9820165952921798e-08,4.440892098500626e-16,99.99999775940721
359|4.293124122867198e-08,0.0,100.0
360|1.3551826416602353e-07,0.0,100.0
361|5.901292388088564e-08,0.0,100.0
362|1.7064220658724594e-07,4.440892098500626e-16,99.99999973975417
363|9.324936822707741e-08,4.440892098500626e-16,99.9999995237617
364|1.2307928498600518e-07,4.440892098500626e-16,99.99999963918444
365|1.7708714095121536e-07,0.0,100.0
366|1.0742039213695875e-07,4.440892098500626e-16,99.9999995865876
367|5.115129342314617e-08,0.0,100.0
368|2.4800010933745398e-08,4.440892098500626e-16,99.99999820931849
369|4.799781461173325e-08,0.0,100.0
370|6.420103870752314e-08,0.0,100.0
371|1.2857879649885717e-07,4.440892098500626e-16,99.99999965461707
372|8.174106724823105e-08,0.0,100.0
373|1.7406335439673626e-07,4.440892098500626e-16,99.99999974486921
374|1.1576070280128192e-07,0.0,100.0
375|5.187801033201822e-08,0.0,100.0
376|1.0762198598968098e-07,4.440892098500626e-16,99.999999587362
377|7.251754041703862e-08,0.0,100.0
378|8.329759770830947e-08,4.440892098500626e-16,99.99999946686432
379|6.395757745636388e-08,0.0,100.0
380|2.250852482177379e-08,0.0,100.0
381|5.281638548737533e-08,0.0,100.0
382|8.844066812230267e-09,0.0,100.0
383|1.0933943084268094e-08,4.440892098500626e-16,99.99999593843496
384|1.478415700972846e-08,0.0,100.0
385|6.253395978816911e-08,4.440892098500626e-16,99.99999928984313
386|5.239183131777736e-08,4.440892098500626e-16,99.99999915236937
387|2.983792146693531e-08,4.440892098500626e-16,99.99999851166172
388|1.9364323478043843e-09,0.0,100.0
389|5.360082333538685e-08,0.0,100.0
390|5.7072515602385465e-09,8.881784197001252e-16,99.99998443772085
391|6.808778874045629e-09,4.440892098500626e-16,99.99999347769669
392|9.65248454498635e-08,4.440892098500626e-16,99.99999953992238
393|1.1533215493741977e-07,0.0,100.0
394|6.429432053423056e-08,0.0,100.0
395|8.206786672459998e-08,4.440892098500626e-16,99.99999945887565
396|1.0724684251783856e-07,4.440892098500626e-16,99.99999958591862
397|2.9882643026724054e-09,4.440892098500626e-16,99.99998513889118
398|3.0276501306047976e-09,0.0,100.0
399|4.782247176038368e-08,0.0,100.0
400|1.0136488981515868e-08,0.0,100.0
401|4.920234797367584e-08,4.440892098500626e-16,99.99999909742273
402|2.7421232395852257e-08,0.0,100.0
403|4.422712729379441e-08,4.440892098500626e-16,99.99999899588954
404|6.70979587447107e-08,4.440892098500626e-16,99.99999933814796
405|1.5128239949646627e-07,4.440892098500626e-16,99.99999970645018
406|9.011593959940001e-08,4.440892098500626e-16,99.99999950720238
407|3.5572640832981506e-08,4.440892098500626e-16,99.99999875159898
408|1.1519878206911471e-07,0.0,100.0
409|8.490851577391823e-09,0.0,100.0
410|4.756270932659845e-10,4.440892098500626e-16,99.99990663080044
411|7.768260212870359e-08,4.440892098500626e-16,99.99999942832861
412|1.1153196810553823e-07,4.440892098500626e-16,99.99999960182787
413|3.560660521984005e-08,8.881784197001252e-16,99.99999750557961
414|2.3726708153759546e-08,0.0,100.0
415|7.023204418032947e-08,0.0,100.0
416|6.27386809171071e-08,4.440892098500626e-16,99.99999929216042
417|6.536246210941954e-09,0.0,100.0
418|1.112365755062683e-09,0.0,100.0
419|4.757183624803929e-08,0.0,100.0
420|4.1043406895369117e-08,4.440892098500626e-16,99.9999989180011
421|3.0153612939898267e-09,0.0,100.0
422|8.610603341452361e-09,0.0,100.0
423|2.9278749646977076e-08,0.0,100.0
424|6.083569070725048e-08,4.440892098500626e-16,99.99999927001863
425|1.0731618704795665e-07,4.440892098500626e-16,99.99999958618618
426|7.699241511005539e-08,4.440892098500626e-16,99.99999942320395
427|4.166817069162221e-08,4.440892098500626e-16,99.99999893422437
428|6.535766061688264e-08,0.0,100.0
429|1.3169558776837675e-09,8.881784197001252e-16,99.99993255822501
430|4.1975293463281105e-08,4.440892098500626e-16,99.99999894202239
431|9.467271588903259e-08,4.440892098500626e-16,99.99999953092166
432|6.577434508159286e-08,0.0,100.0
433|6.570348132228787e-08,4.440892098500626e-16,99.99999932410094
434|5.653306311970141e-08,4.440892098500626e-16,99.99999921446108
435|7.970139925816966e-08,4.440892098500626e-16,99.99999944280877
436|3.5088711047848165e-08,0.0,100.0
437|4.650924312343818e-08,0.0,100.0
438|6.789864759326747e-08,0.0,100.0
439|7.326758000303357e-08,0.0,100.0
440|3.8558523041132275e-08,4.440892098500626e-16,99.99999884827226
441|1.7358631421160453e-08,4.440892098500626e-16,99.99999744168075
442|3.626994127259309e-08,0.0,100.0
443|7.382782696296886e-08,4.440892098500626e-16,99.99999939847991
444|5.6753761690231386e-08,4.440892098500626e-16,99.99999921751582
445|3.845586205031282e-08,0.0,100.0
446|4.2106060860191974e-08,0.0,100.0
447|8.911573790015836e-08,0.0,100.0
448|8.109616711493572e-08,0.0,100.0
449|9.447275362006735e-08,0.0,100.0
450|8.231566983596394e-08,0.0,100.0
451|3.170766760263177e-08,4.440892098500626e-16,99.99999859942643
452|4.60152844716788e-08,0.0,100.0
453|4.806655962141804e-08,0.0,100.0
454|8.993461175776929e-08,0.0,100.0
455|1.8950135682871405e-08,4.440892098500626e-16,99.9999976565381
456|2.0680321899391174e-08,0.0,100.0
457|9.771797149227268e-09,0.0,100.0
458|2.8508496452417376e-08,0.0,100.0
459|8.279798224819501e-08,0.0,100.0
460|8.372302229275874e-08,0.0,100.0
461|2.035311119641392e-08,4.440892098500626e-16,99.99999781807702
462|1.2019937267737646e-07,4.440892098500626e-16,99.99999963053949
463|2.050665681707642e-08,0.0,100.0
464|7.442646099420358e-08,4.440892098500626e-16,99.99999940331811
465|7.057006490285289e-08,0.0,100.0
466|2.2815542788379162e-08,4.440892098500626e-16,99.9999980535672
467|9.590718441643276e-09,4.440892098500626e-16,99.99999536959392
468|8.472434442907684e-08,0.0,100.0
469|4.459564673098271e-08,0.0,100.0
470|5.554890192271955e-08,0.0,100.0
471|9.910879716912291e-08,0.0,100.0
472|9.377434029289589e-08,4.440892098500626e-16,99.9999995264278
473|3.3306372326791234e-08,8.881784197001252e-16,99.99999733330785
474|2.3534140414227522e-08,0.0,100.0
475|3.77656474981336e-08,0.0,100.0
476|5.283079973494864e-08,0.0,100.0
477|7.782665933930843e-08,4.440892098500626e-16,99.99999942938678
478|7.543318591984871e-08,0.0,100.0
479|7.472293894750237e-09,4.440892098500626e-16,99.99999405685568
480|6.950064346256113e-08,4.440892098500626e-16,99.99999936102864
481|6.5205112420585465e-09,0.0,100.0
482|6.521844486684358e-08,4.440892098500626e-16,99.9999993190742
483|5.039635508907736e-08,4.440892098500626e-16,99.99999911880688
484|3.525351877087246e-08,0.0,100.0
485|4.203175940631354e-08,4.440892098500626e-16,99.99999894344369
486|1.189189089423337e-07,0.0,100.0
487|8.124947781240621e-08,4.440892098500626e-16,99.99999945342515
488|1.5314386514475586e-07,4.440892098500626e-16,99.99999971001829
489|9.791759625343843e-08,0.0,100.0
490|1.1729847715358233e-07,8.881784197001252e-16,99.99999924280482
491|2.499519213827739e-08,0.0,100.0
492|1.5950485376947654e-10,4.440892098500626e-16,99.99972158263567
493|1.1409442146614879e-07,4.440892098500626e-16,99.99999961077044
494|3.5175161894329676e-08,4.440892098500626e-16,99.99999873749206
495|6.607434954730707e-08,4.440892098500626e-16,99.9999993278947
496|1.6908509170576735e-07,0.0,100.0
497|2.531260934190982e-08,4.440892098500626e-16,99.99999824558107
498|4.9747463037874695e-08,0.0,100.0
499|1.0033259556507801e-08,4.440892098500626e-16,99.99999557382915
500|3.894768507706203e-08,4.440892098500626e-16,99.99999885978022
501|3.4823450789644994e-08,0.0,100.0
502|3.965306349940079e-08,4.440892098500626e-16,99.9999988800633
503|1.5768296890428246e-07,0.0,100.0
504|1.713419228721591e-08,0.0,100.0
505|8.16935319392087e-08,0.0,100.0
506|1.9142396112670212e-08,4.440892098500626e-16,99.99999768007513
507|3.01609182074003e-08,0.0,100.0
508|1.3045504587694268e-07,4.440892098500626e-16,99.99999965958449
509|1.0237961367565163e-07,0.0,100.0
510|2.077582550441548e-09,8.881784197001252e-16,99.9999572494282
511|4.669477515761855e-08,4.440892098500626e-16,99.9999990489531
512|6.140949970756537e-10,4.440892098500626e-16,99.99992768395575
513|1.711581614216584e-07,0.0,100.0
514|4.5075410071149236e-08,4.440892098500626e-16,99.99999901478608
515|1.337806447843093e-07,4.440892098500626e-16,99.99999966804674
516|1.350580633996401e-07,0.0,100.0
517|5.347361664576056e-08,0.0,100.0
518|4.2509133546531075e-08,0.0,100.0
519|1.7530677398625016e-07,4.440892098500626e-16,99.99999974667881
520|1.7591596446209223e-07,4.440892098500626e-16,99.99999974755605
521|1.9552434338265812e-08,0.0,100.0
522|1.266345783790257e-08,4.440892098500626e-16,99.99999649314417
523|4.141602527596433e-08,8.881784197001252e-16,99.9999978554716
524|2.7719666118031228e-08,4.440892098500626e-16,99.99999839792727
525|1.761528340971097e-07,0.0,100.0
526|1.3991109648614497e-07,4.440892098500626e-16,99.99999968259186
527|2.1534166450010161e-07,4.440892098500626e-16,99.9999997937746
528|1.0813213791038834e-07,4.440892098500626e-16,99.99999958930877
529|6.400287810848226e-08,4.440892098500626e-16,99.99999930614182
530|1.689255069159401e-07,4.440892098500626e-16,99.99999973710943
531|7.679801017346222e-08,4.440892098500626e-16,99.99999942174387
532|3.152146144103085e-08,4.440892098500626e-16,99.99999859115286
533|8.944293750090537e-08,0.0,100.0
534|2.343041258789924e-07,0.0,100.0
535|4.2602138261571554e-08,4.440892098500626e-16,99.99999895758938
536|5.4290205664386804e-08,0.0,100.0
537|8.684192964736326e-08,4.440892098500626e-16,99.99999948862352
538|1.5929215724241885e-08,0.0,100.0
539|1.0274930017928341e-07,0.0,100.0
540|2.7766017041130908e-08,0.0,100.0
541|4.939360298550355e-08,4.440892098500626e-16,99.99999910091756
542|8.881187296694293e-08,0.0,100.0
543|1.681093664274158e-08,4.440892098500626e-16,99.99999735833154
544|2.644870504830976e-07,0.0,100.0
545|1.3079752392286537e-07,4.440892098500626e-16,99.99999966047582
546|4.213483251191974e-08,4.440892098500626e-16,99.9999989460283
547|2.5850353013723293e-07,0.0,100.0
548|1.2269579130474995e-08,4.440892098500626e-16,99.99999638056688
549|8.705013598842015e-09,0.0,100.0
550|7.234110288578677e-08,4.440892098500626e-16,99.99999938611772
551|1.906292927955633e-07,0.0,100.0
552|9.698859049223074e-09,0.0,100.0
553|1.192273391126264e-07,0.0,100.0
554|3.381942725866338e-09,0.0,100.0
555|8.50952064368471e-09,0.0,100.0
556|1.4270304493635422e-07,0.0,100.0
557|1.912242559853894e-07,0.0,100.0
558|1.0483404366823379e-08,0.0,100.0
559|1.0079210310820486e-07,4.440892098500626e-16,99.99999955940079
560|7.172765315033303e-08,4.440892098500626e-16,99.99999938086751
561|1.0569307695718066e-07,4.440892098500626e-16,99.99999957983131
562|3.6649412393785497e-08,4.440892098500626e-16,99.99999878827741
563|1.7443704170005958e-07,4.440892098500626e-16,99.99999974541576
564|6.069483049486735e-08,0.0,100.0
565|9.486613228304464e-08,4.440892098500626e-16,99.99999953187803
566|4.0404129375559705e-08,0.0,100.0
567|1.0767524871724277e-07,4.440892098500626e-16,99.99999958756612
568|6.95217914348234e-08,4.440892098500626e-16,99.999999361223
569|9.299378866955976e-08,4.440892098500626e-16,99.99999952245282
570|1.1363571950084861e-07,4.440892098500626e-16,99.99999960919928
571|2.2225881268767012e-07,4.440892098500626e-16,99.99999980019275
572|2.0192619576420157e-08,4.440892098500626e-16,99.99999780073503
573|7.77293647225008e-08,4.440892098500626e-16,99.99999942867254
574|1.4392168123933402e-07,0.0,100.0
575|1.91236808610995e-07,0.0,100.0
576|4.61663551831748e-08,0.0,100.0
577|1.7019190856615296e-07,0.0,100.0
578|1.8123644451861765e-07,0.0,100.0
579|1.6511012912445722e-07,0.0,100.0
580|1.3092475370513057e-07,0.0,100.0
581|4.688714749789824e-09,0.0,100.0
582|1.8021623215958016e-07,4.440892098500626e-16,99.9999997535798
583|2.0297570380023444e-07,0.0,100.0
584|5.560843341356758e-08,4.440892098500626e-16,99.99999920139953
585|2.263314629047386e-07,0.0,100.0
586|1.378489145054118e-07,0.0,100.0
587|3.401311694517517e-07,0.0,100.0
588|2.4479214966177665e-07,0.0,100.0
589|5.729797525333424e-09,0.0,100.0
590|9.493094887957909e-08,0.0,100.0
591|2.7138706837348536e-08,4.440892098500626e-16,99.99999836363165
592|2.5789024160616236e-07,4.440892098500626e-16,99.99999982779914
593|1.1137507982539319e-07,4.440892098500626e-16,99.99999960126699
594|6.942793495667843e-08,4.440892098500626e-16,99.99999936035947
595|1.5856772428435306e-07,4.440892098500626e-16,99.9999997199372
596|2.416757167722494e-07,4.440892098500626e-16,99.99999981624583
597|1.1856657433639839e-08,0.0,100.0
598|1.043350037477353e-07,4.440892098500626e-16,99.9999995743622
599|1.6302729832773366e-08,0.0,100.0
600|2.7797956825281744e-08,4.440892098500626e-16,99.99999840243939
601|6.348166170511149e-08,4.440892098500626e-16,99.99999930044488
602|2.4115000663016417e-07,4.440892098500626e-16,99.99999981584524
603|3.3533673393648655e-07,0.0,100.0
604|2.1062724897547014e-09,4.440892098500626e-16,99.99997891587095
605|1.5253445662111176e-07,4.440892098500626e-16,99.99999970885975
606|1.592581653220293e-07,0.0,100.0
607|2.319328169519963e-07,0.0,100.0
608|3.1531615096724863e-07,4.440892098500626e-16,99.99999985916065
609|2.8013641628632513e-08,4.440892098500626e-16,99.99999841473945
610|3.2452984033426446e-07,0.0,100.0
611|3.037964946273064e-08,4.440892098500626e-16,99.99999853820167
612|1.2902194379549314e-07,0.0,100.0
613|9.080468865718672e-08,4.440892098500626e-16,99.99999951094023
614|3.379564805783275e-07,4.440892098500626e-16,99.99999986859574
615|1.1785353049020841e-07,0.0,100.0
616|1.6491991328138056e-08,0.0,100.0
617|2.0181400728347398e-07,0.0,100.0
618|2.593482757440313e-07,0.0,100.0
619|1.924076404868913e-07,0.0,100.0
620|1.575954335919505e-07,0.0,100.0
621|6.621531145611925e-08,0.0,100.0
622|3.165007766980921e-08,4.440892098500626e-16,99.99999859687797
623|4.6879105042307856e-08,4.440892098500626e-16,99.99999905269264
624|1.2725793263612672e-07,4.440892098500626e-16,99.9999996510322
625|1.6659932544627054e-07,0.0,100.0
626|1.6647717693274444e-07,0.0,100.0
627|1.7474179703214077e-07,2.220446049250313e-16,99.99999987292988
628|3.785880098305938e-08,0.0,100.0
629|2.6260628471774794e-07,0.0,100.0
630|9.20916232161062e-08,0.0,100.0
631|2.2988968062520598e-08,0.0,100.0
632|2.41174569204361e-07,0.0,100.0
633|1.258123103475839e-07,2.220446049250313e-16,99.99999982351123
634|2.961835066095375e-07,2.220446049250313e-16,99.9999999250314
635|2.1358458512921175e-07,2.220446049250313e-16,99.99999989603903
636|1.6645811395932242e-08,0.0,100.0
637|8.343441093572324e-08,0.0,100.0
638|7.332823059869042e-08,0.0,100.0
639|2.645194880912527e-07,2.220446049250313e-16,99.99999991605738
640|3.3775175189987294e-07,2.220446049250313e-16,99.99999993425804
641|7.80140396727802e-10,2.220446049250313e-16,99.99997153786602
642|3.5063679959534966e-07,0.0,100.0
643|1.3102948859256003e-07,2.220446049250313e-16,99.99999983053844
644|1.523057560071095e-07,0.0,100.0
645|1.1433328594989689e-07,2.220446049250313e-16,99.99999980579182
646|3.4792091074820064e-07,2.220446049250313e-16,99.99999993617958
647|6.825124820863948e-08,2.220446049250313e-16,99.99999967466587
648|1.5948867382320486e-07,2.220446049250313e-16,99.9999998607772
649|7.788355249616075e-08,0.0,100.0
650|1.608590132207155e-07,0.0,100.0
651|5.199769503860807e-08,0.0,100.0
652|3.2097042224066286e-07,2.220446049250313e-16,99.99999993082085
653|1.770029101066939e-08,2.220446049250313e-16,99.99999874553133
654|1.1335872507345357e-07,2.220446049250313e-16,99.99999980412217
655|3.8300545313063594e-07,0.0,100.0
656|5.1337934792172746e-08,2.220446049250313e-16,99.99999956748435
657|2.4115753971543086e-07,2.220446049250313e-16,99.9999999079255
658|7.540065860567324e-08,0.0,100.0
659|1.6349719000885443e-07,2.220446049250313e-16,99.99999986419057
660|1.5502362282759918e-07,0.0,100.0
661|1.5387178775583266e-07,4.440892098500626e-16,99.9999997113901
662|6.763251869656983e-08,2.220446049250313e-16,99.99999967168958
663|8.877304402687969e-08,0.0,100.0
664|6.872637570154438e-08,0.0,100.0
665|2.3183653929947923e-07,2.220446049250313e-16,99.99999990422364
666|1.3164497847384382e-07,0.0,100.0
667|9.841769221807795e-08,4.440892098500626e-16,99.99999954877096
668|2.872181092961057e-07,2.220446049250313e-16,99.99999992269129
669|4.45520483172146e-07,0.0,100.0
670|3.9389743244910846e-07,6.661338147750939e-16,99.99999983088648
671|5.1373214127181654e-08,2.220446049250313e-16,99.99999956778136
672|5.268169944727674e-08,2.220446049250313e-16,99.99999957851662
673|3.341800232092851e-07,4.440892098500626e-16,99.99999986711079
674|2.669919632047879e-07,2.220446049250313e-16,99.99999991683472
675|1.828224038824544e-07,4.440892098500626e-16,99.99999975709257
676|1.0243694781308932e-09,4.440892098500626e-16,99.99995664755546
677|8.50369796800976e-08,4.440892098500626e-16,99.99999947776931
678|8.535131978959498e-08,4.440892098500626e-16,99.99999947969263
679|3.7831500865337375e-07,4.440892098500626e-16,99.9999998826139
680|3.4920447067321447e-07,6.661338147750939e-16,99.99999980924247
681|2.0255014865355747e-07,6.661338147750939e-16,99.99999967112647
682|3.7923345930224173e-07,6.661338147750939e-16,99.9999998243473
683|1.7877236890839754e-07,4.440892098500626e-16,99.99999975158957
684|3.378392463559976e-07,4.440892098500626e-16,99.99999986855015
685|1.6235651090212855e-07,4.440892098500626e-16,99.99999972647281
686|1.4652009694415824e-07,6.661338147750939e-16,99.99999954536352
687|4.0340393692162024e-07,6.661338147750939e-16,99.99999983487176
688|3.235394574474526e-07,8.881784197001252e-16,99.99999972548065
689|3.8085269338239414e-07,8.881784197001252e-16,99.99999976679214
690|1.859573286466798e-07,8.881784197001252e-16,99.99999952237515
691|2.6954982690341467e-07,8.881784197001252e-16,99.99999967049564
692|3.149469995911147e-07,1.1102230246251565e-15,99.99999964748893
693|2.700972174807248e-07,1.1102230246251565e-15,99.9999995889543
694|1.6963570548256257e-08,1.1102230246251565e-15,99.99999345525153
695|2.384493531515375e-07,1.1102230246251565e-15,99.99999953439881
696|2.3887751021689496e-07,8.881784197001252e-16,99.99999962818667
697|2.7579695904833557e-07,1.5543122344752192e-15,99.9999994364288
698|5.439627548398107e-08,1.7763568394002505e-15,99.99999673441458
699|3.693726040587819e-07,1.3322676295501878e-15,99.99999963931607
700|7.4906228331173e-08,1.5543122344752192e-15,99.99999792498933
701|1.204623272244021e-07,1.7763568394002505e-15,99.99999852538393
702|1.6256577728412935e-07,1.7763568394002505e-15,99.99999890729964
703|2.6199948210958723e-07,1.9984014443252818e-15,99.99999923724985
704|7.309191341065002e-08,2.220446049250313e-15,99.99999696211805
705|3.02103772664708e-07,2.220446049250313e-15,99.99999926500553
706|4.400235731338853e-07,2.6645352591003757e-15,99.99999939445625
707|1.5541336839675068e-07,2.6645352591003757e-15,99.99999828551734
708|2.389018436410595e-07,2.6645352591003757e-15,99.99999888467363
709|1.4920809165985816e-07,3.1086244689504383e-15,99.99999791658453
710|3.2761815971227293e-07,3.1086244689504383e-15,99.99999905114403
711|1.399281268632535e-07,3.552713678800501e-15,99.99999746104392
712|2.9167295734211507e-07,3.774758283725532e-15,99.99999870582508
713|1.5181832191402123e-07,3.9968028886505635e-15,99.99999736737777
714|3.437738582690031e-08,4.218847493575595e-15,99.99998772784087
715|2.1172618858145142e-07,4.6629367034256575e-15,99.99999779765709
716|2.2465673721328017e-07,4.6629367034256575e-15,99.99999792441716
717|2.759345556491155e-07,5.10702591327572e-15,99.99999814918944
718|2.5013661542061527e-07,5.662137425588298e-15,99.99999773638201
719|1.6808809766288846e-07,6.106226635438361e-15,99.99999636724627
720|1.3540957333191272e-07,6.328271240363392e-15,99.99999532657029
721|2.6058893798364124e-07,6.8833827526759706e-15,99.99999735852842
722|2.4458041192332303e-07,7.327471962526033e-15,99.99999700406427
723|3.8597666129902564e-07,7.771561172376096e-15,99.99999798652044
724|3.2916863013099373e-08,8.215650382226158e-15,99.999975041211
725|2.3160467721439204e-07,8.881784197001252e-15,99.99999616511018
726|1.7065104351843274e-07,9.43689570931383e-15,99.9999944700627
727|3.9597447099026795e-07,1.0103029524088925e-14,99.99999744856544
728|4.881455151206637e-08,1.0769163338864018e-14,99.99997793862075
729|2.1464417532257585e-07,1.1546319456101628e-14,99.99999462071615
730|2.630015423221721e-07,1.2323475573339238e-14,99.99999531429532
731|3.3517757946910365e-07,1.3100631690576847e-14,99.99999609143556
732|3.551732263851193e-07,1.4099832412739488e-14,99.99999603015335
733|2.6549888332283444e-07,1.509903313490213e-14,99.99999431295795
734|7.409034186167673e-08,1.609823385706477e-14,99.99997827215606
735|4.297403144448708e-07,1.709743457922741e-14,99.9999960214497
736|3.6569572436917497e-07,1.8207657603852567e-14,99.99999502109092
737|2.7894688336971285e-07,1.942890293094024e-14,99.99999303490948
738|3.0363015657286496e-07,2.0650148258027912e-14,99.99999319891394
739|2.4408173304735215e-07,2.19824158875781e-14,99.99999099382997
740|1.325848089095416e-07,2.3425705819590803e-14,99.99998233153103
741|6.949239361730974e-08,2.4868995751603507e-14,99.99996421335565
742|1.6081802467482476e-07,2.653433028854124e-14,99.99998350040032
743|1.8238379206891864e-07,2.8199664825478976e-14,99.99998453828353
744|1.7729674572919407e-07,3.008704396734174e-14,99.99998303012057
745|7.55700408916482e-08,3.186340080674199e-14,99.99995783593548
746|2.6383889784042935e-07,3.397282455352979e-14,99.99998712364824
747|5.963979310408263e-08,3.597122599785507e-14,99.99993968586388
748|3.5739681258917244e-07,3.8191672047105385e-14,99.99998931393043
749|1.680354992927846e-07,4.04121180963557e-14,99.99997595024963
750|4.6313828505617494e-07,4.296563105299356e-14,99.99999072293687
751|3.590556874044637e-08,4.5630166312093934e-14,99.99987291618567
752|4.893428875440975e-07,4.8183679268731794e-14,99.99999015339131
753|2.0039444281749752e-07,5.1181281435219717e-14,99.99997445973017
754|1.105162086290079e-07,5.417888360170764e-14,99.99995097652709
755|5.997955048187009e-07,5.728750807065808e-14,99.99999044882671
756|2.174645996610991e-07,6.039613253960852e-14,99.99997222714289
757|2.5480708121250473e-07,6.38378239159465e-14,99.99997494660525
758|4.050813018352528e-09,6.750155989720952e-14,99.99833362933339
759|1.8558783221322983e-07,7.105427357601002e-14,99.99996171393742
760|2.3171977092673046e-07,7.494005416219807e-14,99.99996765918857
761|1.129867897020631e-07,7.893685705084863e-14,99.99993013620684
762|3.095039700085067e-07,8.315570454442422e-14,99.99997313258872
763|3.366721053055244e-07,8.737455203799982e-14,99.999974047582
764|5.199529513610912e-07,9.170442183403793e-14,99.9999823629385
765|1.0090120294847793e-07,9.64783808399261e-14,99.9999043833195
766|1.6545681980062454e-07,1.0103029524088925e-13,99.999938938573
767|5.544015690972515e-07,1.0602629885170245e-13,99.99998087554135
768|1.8472701768246225e-07,1.1102230246251565e-13,99.99993989926116
769|3.5133948772525514e-07,1.162403506782539e-13,99.99996691509075
770|1.3865513759370174e-07,1.2145839889399213e-13,99.99991240252542
771|2.4411301691174003e-07,1.270095140171179e-13,99.99994797101948
772|2.8821899267228446e-07,1.3233858453531866e-13,99.99995408401671
773|2.1832563357193635e-07,1.3788969965844444e-13,99.99993684218504
774|3.4348931166050534e-07,1.4366285938649526e-13,99.99995817544986
775|7.0682457664617e-08,1.4932499681208355e-13,99.99978873825027
776|8.016892172335588e-08,1.5520917884259688e-13,99.99980639732267
777|9.132114575649553e-08,1.609823385706477e-13,99.99982371844195
778|4.616325828266099e-07,1.6708856520608606e-13,99.9999638048588
779|3.828928791804742e-07,1.7286172493413687e-13,99.99995485376346
780|2.0222805563463453e-07,1.7896795156957523e-13,99.99991150191747
781|4.1696626440490547e-07,1.8485213360008856e-13,99.99995566736463
782|6.65096415719546e-08,1.908473379330644e-13,99.99971305312519
783|6.365511673322999e-09,1.9673151996357774e-13,99.99690941545535
784|1.7166494936660115e-07,2.0261570199409107e-13,99.999881970255
785|3.29160382728233e-07,2.084998840246044e-13,99.99993665705384
786|2.974416268841651e-10,2.1393997684526767e-13,99.92807328984635
787|5.515965051383631e-07,2.1960211427085596e-13,99.99996018790688
788|1.445786805831517e-07,2.248201624865942e-13,99.9998444997827
789|1.0406760742043275e-07,2.3026025530725747e-13,99.9997787397433
790|4.658339158858382e-08,2.3514523661560816e-13,99.99949521658128
791|2.931647242743196e-07,2.4003021792395884e-13,99.99991812445425
792|5.488998873204309e-07,2.44582132324922e-13,99.99995544139506
793|8.325304268197442e-08,2.490230244234226e-13,99.99970088417624
794|1.327642966675313e-07,2.531308496145357e-13,99.99980933816096
795|2.0933724753646743e-07,2.567945855957987e-13,99.999877329721
796|3.6837913230947095e-07,2.602362769721367e-13,99.99992935640101
797|3.172862395039999e-08,2.6356694604601216e-13,99.99916930861401
798|4.814247838158536e-07,2.665645482125001e-13,99.99994463007366
799|3.0451010579746196e-07,2.6911806116913795e-13,99.99991162261743
800|2.206446367836179e-07,2.7133850721838826e-13,99.99987702465323
801|2.5365774081187453e-07,2.728928194528635e-13,99.99989241691637
802|2.4897964112646775e-07,2.745581539898012e-13,99.9998897266649
803|1.0631313229758632e-07,2.7566837701442637e-13,99.9997407014815
804|2.435153290125669e-07,2.7633451082920146e-13,99.99988652274502
805|2.1994305332562192e-07,2.76667577736589e-13,99.99987420944942
806|1.649630609890096e-07,2.765565554341265e-13,99.99983235243468
807|5.764765105276126e-07,2.7622348852673895e-13,99.99995208417282
808|1.1163709290329393e-08,2.753353101070388e-13,99.99753365747041
809|4.6049260782332624e-07,2.7400304247748863e-13,99.99994049784127
810|1.7880608305098633e-07,2.723377079405509e-13,99.99984769102745
811|4.742273644886552e-07,2.7056135110115065e-13,99.99994294691294
812|1.852241715560865e-08,2.6845192735436285e-13,99.99855066471564
813|3.056293491621176e-07,2.6567636979279996e-13,99.99991307236346
814|2.6615865178492015e-07,2.6267876762631204e-13,99.99990130744732
815|5.830107530080397e-08,2.595701431573616e-13,99.99955477640538
816|5.093579671378023e-07,2.559064071760986e-13,99.99994975902534
817|1.6756797527328615e-07,2.5213164889237305e-13,99.99984953470467
818|5.855571574286955e-07,2.4802382370125997e-13,99.99995764310613
819|2.684067181846217e-07,2.4369395390522186e-13,99.99990920720779
820|1.003189211701283e-07,2.3925306180672123e-13,99.99976150754114
821|1.2147731287548424e-07,2.3447910280083306e-13,99.99980697704184
822|9.4532150995974e-09,2.2959412149248237e-13,99.9975712588884
823|5.201600130622097e-07,2.2448709557920665e-13,99.99995684268495
824|1.0990091259266421e-07,2.1938006966593093e-13,99.99980038375979
825|6.233598983662603e-07,2.1393997684526767e-13,99.99996567954123
826|1.877886008916363e-07,2.0872192862952943e-13,99.9998888527165
827|6.708908917296696e-08,2.0339285811132868e-13,99.99969683168959
828|4.0287624436530223e-07,1.9739765377835283e-13,99.9999510029056
829|5.991748608380476e-08,1.9206858326015208e-13,99.9996794448569
830|9.184114380111907e-08,1.8629542353210127e-13,99.99979715472192
831|1.0328361743638936e-07,1.8074430840897548e-13,99.99982500195782
832|2.3116318303983974e-07,1.751931932858497e-13,99.99992421232872
833|3.273447330975898e-07,1.6986412276764895e-13,99.99994810849066
834|2.5415524951277746e-07,1.6409096303959814e-13,99.99993543672092
835|2.0575993775473478e-07,1.5853984791647235e-13,99.99992294911748
836|4.625514942180331e-07,1.5298873279334657e-13,99.9999669250376
837|3.861478323763379e-07,1.4788170688007085e-13,99.99996170334404
838|5.890159322508026e-07,1.4299672557172016e-13,99.9999757227746
839|4.1514430959566084e-07,1.3788969965844444e-13,99.99996678511629
840|4.146905041579885e-08,1.3278267374516872e-13,99.99967980295567
841|3.7764454119404434e-07,1.2811973704174306e-13,99.99996607398676
842|1.3322552550043554e-07,1.2301271112846734e-13,99.99990766580903
843|1.8435332416188999e-07,1.1857181902996672e-13,99.99993568229942
844|9.747099460888364e-08,1.141309269314661e-13,99.99988290780514
845|7.709327154437062e-08,1.0969003483296547e-13,99.99985771775846
846|1.8159473036405416e-07,1.0547118733938987e-13,99.99994191946698
847|6.173282978139127e-07,1.0147438445073931e-13,99.99998356233064
848|4.2998926574888685e-07,9.769962616701378e-14,99.9999772785895
849|1.6752957998633633e-07,9.414691248821327e-14,99.99994380281231
850|1.480355074079398e-07,9.059419880941277e-14,99.99993880238573
851|1.4263154568538994e-07,8.681944052568724e-14,99.99993913026735
852|4.093645975533633e-07,8.348877145181177e-14,99.99997960527804
853|3.9838638310474295e-07,8.08242361927114e-14,99.9999797120987
854|1.5590887170180423e-07,7.771561172376096e-14,99.99995015318187
855|4.24299596679667e-07,7.482903185973555e-14,99.99998236410488
856|1.9911283954954229e-07,7.238654120556021e-14,99.99996364546789
857|3.935375584296352e-07,6.994405055138486e-14,99.99998222684238
858|2.0688729007733997e-07,6.727951529228449e-14,99.99996748011186
859|5.387523419608797e-07,6.483702463810914e-14,99.99998796533777
860|1.0756037216452796e-07,6.306066779870889e-14,99.99994137183934
861|8.394055261984334e-08,6.17284001691587e-14,99.99992646176581
862|4.394224205617192e-07,5.950795411990839e-14,99.99998645768824
863|2.5429443606395097e-07,5.773159728050814e-14,99.99997729734154
864|5.263847070446914e-07,5.639932965095795e-14,99.99998928553036
865|6.003586811020867e-07,5.5067062021407764e-14,99.99999082763958
866|6.813595865295952e-08,5.3734794391857577e-14,99.99992113592374
867|3.316326464553043e-07,5.284661597215745e-14,99.99998406471241
868|2.8858843692525227e-07,5.1514348342607263e-14,99.99998214954525
869|1.402038841691322e-07,5.10702591327572e-14,99.9999635742908
870|2.8083620307040036e-07,5.0182080713057076e-14,99.99998213119243
871|5.316437352576031e-07,5.0182080713057076e-14,99.99999056095702
872|2.990139864600394e-07,4.929390229335695e-14,99.9999835145162
873|1.0624803192804677e-07,4.929390229335695e-14,99.99995360487964
874|4.104341921884469e-07,4.884981308350689e-14,99.9999880980157
875|5.53844329398423e-07,4.884981308350689e-14,99.9999911798658
876|3.528886116654917e-08,4.929390229335695e-14,99.99986031313944
877|1.7296987020465338e-07,4.973799150320701e-14,99.99997124470785
878|3.619020111367277e-08,5.10702591327572e-14,99.99985888373769
879|2.409845668016608e-07,5.10702591327572e-14,99.999978807664
880|2.2956200279589112e-07,5.1958437552457326e-14,99.99997736627276
881|5.622917708114628e-07,5.284661597215745e-14,99.99999060156689
882|5.59117750931204e-07,5.417888360170764e-14,99.9999903099332
883|1.4061693043299073e-07,5.5067062021407764e-14,99.99996083895314
884|1.243491031255317e-07,5.684341886080802e-14,99.99995428723052
885|6.14975388724126e-07,5.81756864903582e-14,99.99999054016021
886|4.4419662670325266e-08,5.906386491005833e-14,99.99986703216243
887|3.245977825971913e-07,5.995204332975845e-14,99.99998153035956
888|6.829732690505352e-08,6.128431095930864e-14,99.99991026836081
