result_new_OneBody2_E-0.25_ecc0.4_RK4.txt
geod|
newt|
num|numerrical|theoretical|relative difference(%)
1|1.5889411453251512e-07,8.881784197001252e-15,99.99999441024973
2|7.067737743948754e-07,8.881784197001252e-15,99.99999874333422
3|2.8253745121276097e-07,8.881784197001252e-15,99.99999685642234
4|5.345521827404554e-07,9.325873406851315e-15,99.99999825538578
5|3.1596531613331535e-07,9.325873406851315e-15,99.99999704845028
6|3.243947754860699e-08,8.881784197001252e-15,99.99997262044623
7|3.309140050866688e-08,8.881784197001252e-15,99.99997315984196
8|4.214483053655016e-07,8.881784197001252e-15,99.99999789255668
9|4.45964569051327e-07,9.325873406851315e-15,99.99999790883086
10|3.1538088074434256e-07,8.881784197001252e-15,99.99999718379118
11|7.497961809210807e-07,8.881784197001252e-15,99.9999988154402
12|1.4558625438532147e-07,9.325873406851315e-15,99.99999359426242
13|2.1202305111600595e-07,9.325873406851315e-15,99.99999560148137
14|6.436136734677689e-08,9.325873406851315e-15,99.99998551013785
15|7.12363498411861e-07,9.325873406851315e-15,99.99999869085468
16|3.576282181505519e-07,9.325873406851315e-15,99.99999739229933
17|2.9815392132981344e-07,9.769962616701378e-15,99.99999672318158
18|3.1972457237294805e-07,9.769962616701378e-15,99.99999694425657
19|9.604301332011289e-08,9.325873406851315e-15,99.9999902898992
20|8.852874988640735e-08,1.021405182655144e-14,99.99998846244657
21|9.949741319736916e-08,9.769962616701378e-15,99.99999018068681
22|4.0156277791858486e-07,9.769962616701378e-15,99.99999756701489
23|4.070504335818015e-07,1.021405182655144e-14,99.9999974907159
24|2.6304033151625106e-07,1.021405182655144e-14,99.99999611692559
25|5.451493569896826e-07,1.021405182655144e-14,99.99999812637552
26|1.4350676447172361e-07,1.021405182655144e-14,99.99999288252936
27|6.366467866225634e-07,9.769962616701378e-15,99.99999846540298
28|1.754597711567385e-08,1.021405182655144e-14,99.99994178693065
29|3.862136490617729e-07,1.021405182655144e-14,99.99999735533639
30|5.4776567726122494e-08,1.0658141036401503e-14,99.99998054251758
31|7.425606651789707e-07,1.021405182655144e-14,99.99999862448252
32|1.463306531501729e-07,1.1102230246251565e-14,99.99999241291555
33|2.2760073958849603e-07,1.0658141036401503e-14,99.99999531717644
34|5.509276372883676e-07,1.1102230246251565e-14,99.99999798481153
35|4.45540041305037e-07,1.1546319456101628e-14,99.9999974084665
36|1.333456163266078e-07,1.1102230246251565e-14,99.99999167409432
37|2.690203184663176e-07,1.1546319456101628e-14,99.99999570801212
38|9.010553547739164e-07,1.1546319456101628e-14,99.99999871857823
39|2.3604379673081155e-07,1.1546319456101628e-14,99.99999510839953
40|2.7289534387797687e-07,1.1102230246251565e-14,99.99999593168938
41|4.053317264052225e-07,1.199040866595169e-14,99.99999704182824
42|4.212729123320713e-07,1.199040866595169e-14,99.999997153767
43|1.0948127848742217e-07,1.2434497875801753e-14,99.99998864235233
44|4.493687602025176e-07,1.2434497875801753e-14,99.99999723289667
45|6.750254244458631e-07,1.2878587085651816e-14,99.99999809213304
46|2.088493231688915e-07,1.2434497875801753e-14,99.99999404618713
47|6.125723617245171e-08,1.2878587085651816e-14,99.99997897621915
48|2.7590369167107553e-07,1.3322676295501878e-14,99.99999517125842
49|3.9443518207171735e-07,1.3322676295501878e-14,99.99999662234077
50|4.4923839448429703e-07,1.3766765505351941e-14,99.9999969355323
51|8.814056928763137e-07,1.4210854715202004e-14,99.99999838770559
52|7.258347065608461e-07,1.3766765505351941e-14,99.99999810331948
53|8.474393000668101e-07,1.3766765505351941e-14,99.99999837548654
54|8.713757737588423e-07,1.4210854715202004e-14,99.99999836914738
55|1.2179926978106437e-07,1.4432899320127035e-14,99.99998815025792
56|2.0535903288987356e-07,1.4876988529977098e-14,99.99999275562008
57|8.373333759692514e-07,1.4876988529977098e-14,99.99999822328968
58|1.9483497459837906e-07,1.4876988529977098e-14,99.99999236431316
59|9.769145892235542e-08,1.532107773982716e-14,99.99998431687078
60|3.712658951382508e-07,1.532107773982716e-14,99.99999587328706
61|3.337652194623786e-07,1.5765166949677223e-14,99.99999527656986
62|7.13790777595591e-08,1.5765166949677223e-14,99.99997791346226
63|9.534599954008627e-08,1.5987211554602254e-14,99.99998323242545
64|3.1072473971605064e-07,1.6209256159527285e-14,99.99999478340341
65|3.340723826461556e-07,1.6431300764452317e-14,99.99999508151478
66|6.43216059081908e-07,1.6653345369377348e-14,99.99999741092513
67|1.129477866790296e-07,1.6653345369377348e-14,99.99998525571341
68|2.7551900538824725e-07,1.709743457922741e-14,99.99999379446272
69|7.7466565673312e-07,1.7319479184152442e-14,99.99999776426397
70|2.474427471810259e-07,1.7541523789077473e-14,99.99999291087575
71|6.185582630546804e-07,1.7985612998927536e-14,99.99999709233325
72|4.0207394946811803e-07,1.7985612998927536e-14,99.99999552678977
73|4.577411716333302e-08,1.8207657603852567e-14,99.99996022280989
74|2.6633700334066646e-07,1.865174681370263e-14,99.9999929969375
75|5.397791671413188e-07,1.84297022087776e-14,99.99999658569591
76|4.301613791835024e-07,1.887379141862766e-14,99.99999561239285
77|8.312350776584765e-07,1.9095836023552692e-14,99.99999770271533
78|4.288862820445161e-09,1.9539925233402755e-14,99.99954440311916
79|4.18268332191829e-07,1.9539925233402755e-14,99.99999532837566
80|2.9610343244002024e-07,1.9761969838327786e-14,99.99999332599096
81|2.355530186459731e-07,1.9984014443252818e-14,99.99999151612892
82|6.573530075826284e-08,1.9984014443252818e-14,99.99996959926521
83|3.254813187858474e-07,2.020605904817785e-14,99.99999379194507
84|1.50651992436579e-07,2.042810365310288e-14,99.99998644020346
85|1.5166171074554313e-07,2.0650148258027912e-14,99.99998638407271
86|3.840980835612129e-07,2.0872192862952943e-14,99.99999456592111
87|1.0454730636766385e-07,2.0872192862952943e-14,99.99998003564741
88|3.8167429838864564e-07,2.0872192862952943e-14,99.99999453141253
89|3.32325190921523e-07,2.1316282072803006e-14,99.99999358571584
90|2.588686227600334e-07,2.1094237467877974e-14,99.9999918513734
91|2.875082527609152e-08,2.1538326677728037e-14,99.99992508623154
92|3.3570853918973853e-07,2.1760371282653068e-14,99.99999351807632
93|5.0788167005322293e-08,2.1760371282653068e-14,99.99995715464337
94|4.293768118834862e-08,2.19824158875781e-14,99.99994880390538
95|4.067118997141961e-08,2.220446049250313e-14,99.99994540494018
96|6.087893011930134e-08,2.220446049250313e-14,99.99996352685494
97|1.8537323631662161e-07,2.220446049250313e-14,99.99998802175496
98|3.297239117294737e-07,2.2870594307278225e-14,99.99999306371376
99|2.030764716387523e-07,2.2870594307278225e-14,99.99998873793989
100|3.7615285375380836e-07,2.2648549702353193e-14,99.99999397889728
101|1.8179015559560696e-07,2.2648549702353193e-14,99.99998754137724
102|3.791493712324012e-07,2.2870594307278225e-14,99.99999396791976
103|2.407760326672559e-07,2.3092638912203256e-14,99.99999040907907
104|9.918178567325242e-08,2.2870594307278225e-14,99.99997694073146
105|1.502399431529966e-07,2.2870594307278225e-14,99.9999847772877
106|2.871941964244229e-07,2.3092638912203256e-14,99.99999195922508
107|3.5986077162597496e-07,2.3092638912203256e-14,99.9999935828963
108|6.55474619026819e-08,2.3092638912203256e-14,99.999964769591
109|2.920749904156139e-07,2.2870594307278225e-14,99.99999216961567
110|5.244324361441954e-07,2.3092638912203256e-14,99.99999559664175
111|2.648043202491124e-07,2.3314683517128287e-14,99.99999119550486
112|1.9741361967362536e-07,2.3092638912203256e-14,99.99998830240844
113|8.210002278019601e-08,2.3314683517128287e-14,99.9999716020986
114|1.7643407979051062e-07,2.3314683517128287e-14,99.9999867856122
115|1.3471089332917074e-07,2.2870594307278225e-14,99.99998302246111
116|6.209411056445902e-07,2.2870594307278225e-14,99.99999631678526
117|4.378293712026249e-07,2.3092638912203256e-14,99.99999472565332
118|2.0639814612977148e-07,2.2870594307278225e-14,99.99998891918618
119|3.051200736514659e-08,2.3092638912203256e-14,99.99992431622529
120|3.464369211503282e-07,2.2870594307278225e-14,99.99999339833808
121|1.1935402133289585e-07,2.2870594307278225e-14,99.99998083801948
122|2.404410337497609e-08,2.2426505097428162e-14,99.99990672762986
123|4.212949100690366e-08,2.2426505097428162e-14,99.99994676768088
124|4.1546835305439345e-07,2.2648549702353193e-14,99.9999945486703
125|1.478546263200542e-07,2.2426505097428162e-14,99.99998483205724
126|1.3490729555698522e-07,2.19824158875781e-14,99.99998370553958
127|5.825637126033456e-07,2.220446049250313e-14,99.99999618849235
128|1.2329889553797102e-08,2.19824158875781e-14,99.99982171441364
129|2.5408997128550936e-07,2.1538326677728037e-14,99.99999152334641
130|3.6717764184679424e-07,2.1760371282653068e-14,99.99999407361211
131|2.0622804508541037e-07,2.1316282072803006e-14,99.99998966373266
132|4.267110182976097e-07,2.1316282072803006e-14,99.99999500451567
133|2.0786350352075544e-07,2.1094237467877974e-14,99.99998985188014
134|7.059930418051863e-11,2.0650148258027912e-14,99.970750209938
135|3.233554706216779e-07,2.0872192862952943e-14,99.99999354512455
136|2.506458238737963e-07,2.042810365310288e-14,99.99999184981289
137|3.7186976475922506e-07,2.020605904817785e-14,99.99999456636141
138|5.4851917674625383e-08,1.9984014443252818e-14,99.99996356733676
139|1.6867721397417768e-07,1.9984014443252818e-14,99.99998815251095
140|3.759352140697558e-08,1.9539925233402755e-14,99.99994802315797
141|6.716407114915057e-07,1.9317880628477724e-14,99.99999712377759
142|3.604758536113195e-08,1.9317880628477724e-14,99.9999464100565
143|1.1536492428021461e-07,1.9095836023552692e-14,99.99998344745065
144|3.738053733215452e-08,1.887379141862766e-14,99.99994950904197
145|2.8325763601344534e-07,1.84297022087776e-14,99.99999349366094
146|5.686324278109112e-07,1.8207657603852567e-14,99.99999679799168
147|2.605659101817537e-07,1.7985612998927536e-14,99.99999309748041
148|8.79318684532393e-08,1.7763568394002505e-14,99.99997979848636
149|2.2907079877398928e-07,1.7319479184152442e-14,99.99999243924617
150|4.778183995135521e-07,1.7319479184152442e-14,99.99999637530091
151|2.5885067689301877e-07,1.709743457922741e-14,99.9999933948658
152|4.1178517706796924e-07,1.6653345369377348e-14,99.99999595581718
153|3.434021742521054e-07,1.6431300764452317e-14,99.99999521514364
154|1.6881188091844024e-07,1.5987211554602254e-14,99.99999052956969
155|7.316678418689548e-08,1.5987211554602254e-14,99.99997814963206
156|2.5297785111177973e-07,1.5987211554602254e-14,99.9999936803908
157|1.788957559867299e-08,1.554312234475219e-14,99.99991311631592
158|3.273113544643991e-07,1.532107773982716e-14,99.99999531911206
159|6.09953590302581e-07,1.4876988529977098e-14,99.99999756096386
160|3.7020357845918284e-07,1.4876988529977098e-14,99.99999598140337
161|4.6979304935135247e-07,1.4210854715202004e-14,99.99999697508196
162|2.9493005193614863e-07,1.3988810110276972e-14,99.99999525690582
163|3.861584154662978e-07,1.3766765505351941e-14,99.99999643494355
164|2.8194745471665783e-07,1.354472090042691e-14,99.99999519601235
165|2.2765381801903573e-07,1.354472090042691e-14,99.99999405029926
166|3.147509373135904e-07,1.3100631690576847e-14,99.99999583777834
167|4.166594900212317e-07,1.3100631690576847e-14,99.99999685579424
168|3.3050693515335183e-07,1.2656542480726785e-14,99.99999617056675
169|9.089435870635043e-09,1.2434497875801753e-14,99.99986319835408
170|6.713679656655813e-08,1.2212453270876722e-14,99.99998180959787
171|1.794387083364768e-08,1.199040866595169e-14,99.99993317824912
172|4.5202861054249865e-07,1.176836406102666e-14,99.99999739654443
173|2.765008928484747e-07,1.176836406102666e-14,99.99999574382421
174|1.9220264979580293e-07,1.1102230246251565e-14,99.99999422368512
175|9.926066901755348e-08,1.1102230246251565e-14,99.99998881507615
176|1.218348022469229e-07,1.0880185641326534e-14,99.99999106972274
177|5.574733670243859e-07,1.0658141036401503e-14,99.99999808813449
178|1.7053271061939768e-07,1.021405182655144e-14,99.99999401050286
179|1.801367224274486e-07,9.992007221626409e-15,99.99999445309813
180|4.894106053754399e-08,9.992007221626409e-15,99.99997958359073
181|9.08448583025745e-08,9.992007221626409e-15,99.99998900102064
182|3.752008148616426e-07,9.547918011776346e-15,99.99999745525126
183|2.3104335555856892e-07,9.103828801926284e-15,99.99999605968812
184|3.6987735452242987e-07,9.325873406851315e-15,99.99999747865792
185|6.998770940569443e-08,8.881784197001252e-15,99.99998730950867
186|8.150031982623318e-08,8.659739592076221e-15,99.99998937459435
187|1.3831481471271445e-07,8.43769498715119e-15,99.9999938996448
188|4.5055507236213543e-07,7.993605777301127e-15,99.99999822583159
189|1.0615402734615031e-07,8.215650382226158e-15,99.99999226063241
190|3.0458516286913095e-07,7.993605777301127e-15,99.99999737557611
191|1.910109728164855e-07,7.771561172376096e-15,99.99999593135355
192|2.6665641073009283e-07,7.549516567451064e-15,99.9999971688224
193|2.7503755317681566e-07,7.327471962526033e-15,99.99999733582855
194|9.785043797450044e-08,7.105427357601002e-15,99.99999273848181
195|4.667057851293066e-08,6.8833827526759706e-15,99.99998525113043
196|7.286972536491021e-07,7.105427357601002e-15,99.99999902491366
197|3.305177997958708e-07,6.8833827526759706e-15,99.99999791739424
198|3.1319085413983316e-07,6.439293542825908e-15,99.9999979439714
199|2.549758724157414e-07,6.217248937900877e-15,99.99999756163245
200|4.392762464888733e-08,6.217248937900877e-15,99.99998584660794
201|5.864179697390171e-07,5.995204332975845e-15,99.99999897765679
202|4.075510160461704e-07,5.773159728050814e-15,99.99999858345103
203|1.7172065946979842e-07,5.773159728050814e-15,99.99999663805174
204|2.5149257565360017e-07,5.773159728050814e-15,99.99999770444128
205|4.857205655461883e-07,5.551115123125783e-15,99.99999885713814
206|3.6081545351507316e-07,5.551115123125783e-15,99.99999846150848
207|2.3501797175029537e-07,5.329070518200751e-15,99.99999773248383
208|2.8164257948049e-07,5.329070518200751e-15,99.99999810786049
209|1.302876286857213e-07,4.884981308350689e-15,99.99999625061768
210|5.914524976446955e-07,4.884981308350689e-15,99.9999991740704
211|1.431079699187876e-08,4.6629367034256575e-15,99.99996741665257
212|2.0110366216741227e-07,4.884981308350689e-15,99.9999975709138
213|4.3510135983027e-07,4.440892098500626e-15,99.99999897934309
214|2.288354608026566e-07,4.440892098500626e-15,99.99999805935143
215|4.4693006184814976e-07,4.440892098500626e-15,99.99999900635636
216|3.381601691998526e-07,4.440892098500626e-15,99.99999868674891
217|3.27630237162424e-07,4.218847493575595e-15,99.99999871231437
218|2.4949266208551535e-08,3.9968028886505635e-15,99.9999839802788
219|4.0567146841752333e-07,3.774758283725532e-15,99.99999906950363
220|2.1560109253471182e-07,3.9968028886505635e-15,99.99999814620472
221|1.671972262862198e-07,3.552713678800501e-15,99.99999787513599
222|5.376078826557773e-08,3.774758283725532e-15,99.99999297860317
223|2.3503855306472587e-08,3.774758283725532e-15,99.99998393983356
224|6.488957593475675e-08,3.552713678800501e-15,99.99999452498552
225|1.2284852202171237e-07,3.3306690738754696e-15,99.99999728880005
226|8.183037047970743e-08,3.552713678800501e-15,99.99999565844116
227|1.1830365354015271e-07,3.1086244689504383e-15,99.99999737233435
228|1.1697726964854382e-07,3.1086244689504383e-15,99.99999734253973
229|1.1192021531769569e-07,3.3306690738754696e-15,99.99999702406838
230|4.6326190883405616e-08,2.886579864025407e-15,99.99999376901098
231|8.836045273241666e-08,2.886579864025407e-15,99.99999673317669
232|2.4459366354534495e-07,3.1086244689504383e-15,99.99999872906582
233|1.0291450402988289e-07,2.6645352591003757e-15,99.99999741092348
234|1.4355473165750254e-07,2.886579864025407e-15,99.99999798921301
235|3.086498852056252e-07,2.886579864025407e-15,99.9999990647721
236|5.4897615342497375e-09,2.886579864025407e-15,99.99994741884787
237|2.891295070028832e-08,2.6645352591003757e-15,99.99999078428456
238|4.944986713439903e-07,2.4424906541753444e-15,99.9999995060673
239|3.5115542473818095e-07,2.6645352591003757e-15,99.99999924120914
240|1.9913710191943323e-07,2.220446049250313e-15,99.99999888496617
241|8.5184749920586e-08,2.4424906541753444e-15,99.99999713271372
242|1.345001781061228e-07,2.220446049250313e-15,99.99999834911293
243|2.4878359372593195e-07,2.220446049250313e-15,99.99999910747891
244|3.597701399016273e-07,2.4424906541753444e-15,99.9999993210969
245|2.1009727690923796e-07,2.6645352591003757e-15,99.99999873176117
246|9.281416879503013e-08,1.7763568394002505e-15,99.99999808611459
247|2.1689071605379695e-07,2.220446049250313e-15,99.99999897623739
248|1.3864807923980038e-07,2.220446049250313e-15,99.99999839850211
249|9.145120394293826e-08,2.220446049250313e-15,99.99999757198817
250|1.7559376619402656e-07,1.7763568394002505e-15,99.99999898837136
251|1.5594784530392758e-07,2.6645352591003757e-15,99.99999829139335
252|2.937764036481383e-07,2.220446049250313e-15,99.9999992441714
253|2.3291159489957636e-07,1.3322676295501878e-15,99.99999942799428
254|1.0393338456538004e-07,1.7763568394002505e-15,99.99999829086983
255|1.3224168649017543e-07,1.7763568394002505e-15,99.99999865673459
256|5.014069137665444e-07,1.3322676295501878e-15,99.99999973429412
257|1.9371153925362705e-07,1.7763568394002505e-15,99.99999908298864
258|9.329075645325702e-08,1.7763568394002505e-15,99.99999809589191
259|1.3142490651318894e-08,1.7763568394002505e-15,99.99998648386453
260|2.9435998039062383e-07,1.7763568394002505e-15,99.99999939653588
261|1.8746820762416405e-07,1.7763568394002505e-15,99.99999905244901
262|1.9965339781435887e-07,1.7763568394002505e-15,99.99999911027969
263|1.719215845241706e-07,1.7763568394002505e-15,99.99999896676334
264|2.7543658465134513e-07,1.7763568394002505e-15,99.99999935507593
265|1.7841826860376386e-07,1.3322676295501878e-15,99.99999925328967
266|2.6280043030624256e-08,1.7763568394002505e-15,99.99999324066236
267|1.5798117214416152e-07,1.3322676295501878e-15,99.99999915669214
268|2.6230894478729283e-07,8.881784197001252e-16,99.99999966139987
269|1.240886606801439e-07,1.7763568394002505e-15,99.99999856847771
270|5.9389968498635426e-08,1.7763568394002505e-15,99.99999700899515
271|3.088731963529767e-07,1.3322676295501878e-15,99.99999956866843
272|3.497171467969906e-07,1.3322676295501878e-15,99.99999961904423
273|1.0856964660632684e-08,1.3322676295501878e-15,99.99998772891253
274|1.3295065270924056e-07,8.881784197001252e-16,99.99999933194881
275|1.4149279614628085e-07,1.3322676295501878e-15,99.99999905842017
276|3.709710263422039e-07,1.3322676295501878e-15,99.99999964087017
277|4.0130874179311604e-08,8.881784197001252e-16,99.99999778679523
278|6.40636228510516e-08,1.3322676295501878e-15,99.99999792039918
279|1.9243005411340164e-08,1.7763568394002505e-15,99.99999076881807
280|1.747750846270435e-07,1.3322676295501878e-15,99.99999923772451
281|1.7342021418897957e-07,1.3322676295501878e-15,99.99999923176912
282|1.316317175259485e-07,1.3322676295501878e-15,99.99999898788252
283|7.914195698788262e-08,1.3322676295501878e-15,99.9999983166102
284|1.1705272395801103e-07,1.3322676295501878e-15,99.99999886182262
285|2.7104333000238512e-08,1.3322676295501878e-15,99.9999950846692
286|2.28544220881588e-07,1.7763568394002505e-15,99.99999922275137
287|1.9549060858992107e-07,1.7763568394002505e-15,99.99999909133392
288|2.2374041641626263e-07,8.881784197001252e-16,99.99999960303175
289|1.765846122658843e-07,8.881784197001252e-16,99.9999994970239
290|1.5342265680118317e-07,8.881784197001252e-16,99.99999942109045
291|1.6204548236586902e-07,8.881784197001252e-16,99.9999994518956
292|1.947010108693803e-09,1.3322676295501878e-15,99.99993157366653
293|2.4014219546231175e-07,8.881784197001252e-16,99.99999963014479
294|2.6853927925785115e-07,8.881784197001252e-16,99.99999966925567
295|1.2107639468794673e-07,8.881784197001252e-16,99.99999926643139
296|1.9867499156944746e-07,8.881784197001252e-16,99.99999955294906
297|1.141440111318559e-07,4.440892098500626e-16,99.99999961093954
298|2.1623571644369122e-07,1.3322676295501878e-15,99.99999938388179
299|4.9524619960550353e-08,1.3322676295501878e-15,99.99999730988823
300|2.100834279872288e-07,4.440892098500626e-16,99.99999978861293
301|6.258678197923473e-08,8.881784197001252e-16,99.99999858088499
302|2.83631482744795e-07,1.3322676295501878e-15,99.99999953028218
303|2.5722973440167607e-07,4.440892098500626e-16,99.99999982735697
304|2.5132657599513664e-07,8.881784197001252e-16,99.99999964660385
305|2.998030748102565e-07,1.3322676295501878e-15,99.99999955561908
306|1.3805252008225466e-07,8.881784197001252e-16,99.9999993566373
307|7.289845660451988e-08,8.881784197001252e-16,99.99999878162247
308|2.4751453864269024e-07,8.881784197001252e-16,99.99999964116111
309|2.0266396605350678e-07,8.881784197001252e-16,99.99999956174823
310|3.327653308460299e-08,8.881784197001252e-16,99.9999973309166
311|1.267096356727393e-07,8.881784197001252e-16,99.99999929904429
312|2.2365696006332314e-07,1.3322676295501878e-15,99.99999940432544
313|2.5390346847231626e-07,1.3322676295501878e-15,99.99999947528578
314|1.6252016976636696e-07,8.881784197001252e-16,99.9999994534965
315|1.9222556435494198e-08,8.881784197001252e-16,99.99999537949896
316|2.9305884785557623e-07,8.881784197001252e-16,99.9999996969283
317|8.22379506715265e-08,8.881784197001252e-16,99.9999989199896
318|1.1322587312179166e-08,8.881784197001252e-16,99.99999215569379
319|4.9659108825039766e-08,8.881784197001252e-16,99.99999821144914
320|2.285976878901863e-07,1.3322676295501878e-15,99.99999941719987
321|5.520278145709767e-08,8.881784197001252e-16,99.99999839106219
322|1.8933945167276534e-07,8.881784197001252e-16,99.99999953090683
323|1.8304612670050346e-07,1.3322676295501878e-15,99.99999927216835
324|2.954668953947248e-08,8.881784197001252e-16,99.9999969939833
325|2.5221521893215026e-07,1.3322676295501878e-15,99.99999947177349
326|1.0279282269820555e-07,8.881784197001252e-16,99.99999913595289
327|3.780727242386206e-08,8.881784197001252e-16,99.99999765077361
328|1.456040914504797e-07,1.3322676295501878e-15,99.99999908500673
329|2.247519215181626e-07,4.440892098500626e-16,99.99999980240916
330|5.6047007923609726e-08,8.881784197001252e-16,99.99999841529736
331|1.2752751743505542e-07,1.3322676295501878e-15,99.99999895530968
332|1.8756733188851626e-07,8.881784197001252e-16,99.99999952647488
333|2.0844401760200526e-07,1.3322676295501878e-15,99.9999993608511
334|1.6513846778920538e-07,8.881784197001252e-16,99.9999994621614
335|1.2851578512496076e-07,1.3322676295501878e-15,99.9999989633432
336|2.963892820062597e-08,8.881784197001252e-16,99.99999700333827
337|1.4559403060943055e-07,8.881784197001252e-16,99.99999938996234
338|2.2781422526207962e-07,1.3322676295501878e-15,99.99999941519559
339|2.5495947753029213e-07,8.881784197001252e-16,99.99999965163938
340|2.413011408464172e-07,1.3322676295501878e-15,99.99999944788175
341|3.17191041432352e-07,8.881784197001252e-16,99.99999971998629
342|1.0545531248240536e-07,8.881784197001252e-16,99.99999915776797
343|1.5772178629802625e-07,8.881784197001252e-16,99.99999943687017
344|5.477397690967223e-08,8.881784197001252e-16,99.99999837846643
345|5.265958380462621e-08,8.881784197001252e-16,99.99999831335845
346|2.481333045700751e-07,8.881784197001252e-16,99.99999964205594
347|2.3352051270464358e-07,8.881784197001252e-16,99.99999961965722
348|5.6806014114840764e-08,4.440892098500626e-16,99.99999921823557
349|9.344977369707408e-08,1.3322676295501878e-15,99.99999857434901
350|1.7884286451774756e-07,8.881784197001252e-16,99.99999950337498
351|1.851522886120449e-07,1.3322676295501878e-15,99.99999928044765
352|2.5373850576215773e-07,1.3322676295501878e-15,99.99999947494464
353|3.4987595576296826e-07,1.3322676295501878e-15,99.99999961921715
354|1.2424346618189475e-07,8.881784197001252e-16,99.99999928513068
355|7.59464278132782e-08,1.3322676295501878e-15,99.99999824577974
356|9.708255621632134e-08,1.3322676295501878e-15,99.99999862769617
357|1.921020147399588e-07,1.3322676295501878e-15,99.9999993064791
358|1.011375729831343e-07,1.3322676295501878e-15,99.99999868271742
359|5.322537743879252e-08,1.3322676295501878e-15,99.99999749693156
360|2.4335460757640703e-08,1.3322676295501878e-15,99.99999452540618
361|1.812276551049763e-07,1.3322676295501878e-15,99.99999926486517
362|3.940818640302268e-07,8.881784197001252e-16,99.99999977462083
363|7.50235078506023e-08,1.3322676295501878e-15,99.99999822419976
364|2.877747045104684e-07,8.881784197001252e-16,99.99999969136327
365|3.735142017902149e-08,8.881784197001252e-16,99.99999762210268
366|3.1518907928074213e-07,1.3322676295501878e-15,99.99999957731161
367|1.1444178804609351e-07,1.3322676295501878e-15,99.99999883585564
368|1.2518496017577263e-07,1.3322676295501878e-15,99.99999893576063
369|1.9028925102304584e-09,8.881784197001252e-16,99.99995332482445
370|1.8668784784736658e-07,1.3322676295501878e-15,99.99999928636618
371|1.4014177418530949e-07,1.3322676295501878e-15,99.99999904934297
372|2.0959876945170208e-08,1.3322676295501878e-15,99.999993643724
373|8.950823193742963e-09,8.881784197001252e-16,99.99999007713144
374|1.9022624586639836e-07,1.7763568394002505e-15,99.9999990661873
375|7.598326323687843e-08,1.3322676295501878e-15,99.99999824663014
376|1.801289717384691e-07,1.3322676295501878e-15,99.99999926038126
377|1.5713308210152377e-07,1.3322676295501878e-15,99.99999915214059
378|1.0594934263252753e-07,1.3322676295501878e-15,99.9999987425428
379|1.613055347071679e-07,1.7763568394002505e-15,99.99999889876263
380|1.7526848283822005e-07,1.3322676295501878e-15,99.99999923987039
381|8.833367681759796e-08,1.7763568394002505e-15,99.99999798903781
382|1.2369475221873927e-08,1.3322676295501878e-15,99.99998922939247
383|2.756451689123196e-08,1.7763568394002505e-15,99.99999355563949
384|1.8712356508743255e-07,1.7763568394002505e-15,99.99999905070383
385|1.589016656033948e-07,1.7763568394002505e-15,99.99999888210307
386|4.768468309102047e-07,1.7763568394002505e-15,99.99999962747853
387|1.7505092930747423e-08,1.7763568394002505e-15,99.99998985234271
388|5.406612357816698e-08,1.7763568394002505e-15,99.99999671447345
389|5.47036069775686e-08,1.7763568394002505e-15,99.99999675276104
390|1.9128968542503344e-07,1.3322676295501878e-15,99.999999303534
391|1.4055991215400354e-07,2.220446049250313e-15,99.99999842028498
392|4.0781204280193606e-07,2.220446049250313e-15,99.9999994555222
393|4.2061471994259136e-07,2.220446049250313e-15,99.99999947209503
394|1.6100248556583097e-07,2.220446049250313e-15,99.99999862086226
395|1.1078556694243957e-07,2.220446049250313e-15,99.99999799572623
396|8.08316169553791e-09,1.7763568394002505e-15,99.99997802398484
397|2.2558774093184297e-07,2.220446049250313e-15,99.99999901570624
398|7.092151310672534e-09,2.220446049250313e-15,99.99996869150203
399|2.817468658378175e-07,2.220446049250313e-15,99.99999921190036
400|1.9496372383187577e-07,1.9984014443252818e-15,99.99999897498806
401|5.321489915388611e-10,2.220446049250313e-15,99.99958273978068
402|9.828467417705156e-08,2.220446049250313e-15,99.99999774080133
403|2.1557069773692206e-07,2.6645352591003757e-15,99.99999876396222
404|4.5920767055562806e-07,2.4424906541753444e-15,99.9999994681076
405|2.389174298400576e-07,2.4424906541753444e-15,99.99999897768419
406|3.237275469913925e-08,2.220446049250313e-15,99.9999931410037
407|1.625587553455432e-07,2.6645352591003757e-15,99.99999836087865
408|2.1631319579995534e-07,2.886579864025407e-15,99.99999866555535
409|6.3273732919810755e-09,2.6645352591003757e-15,99.99995788876149
410|2.3117798475524864e-07,2.6645352591003757e-15,99.9999988474096
411|3.789173597112949e-07,2.886579864025407e-15,99.99999923820332
412|1.7723072076591961e-07,3.1086244689504383e-15,99.99999824600134
413|2.8477176794439174e-07,2.886579864025407e-15,99.99999898635322
414|5.9398504781427164e-08,3.1086244689504383e-15,99.99999476649373
415|1.3665828335618357e-07,2.886579864025407e-15,99.99999788773883
416|5.7758028582099996e-08,3.1086244689504383e-15,99.99999461784873
417|3.0979181619983365e-07,3.3306690738754696e-15,99.9999989248686
418|9.095696640315509e-08,3.3306690738754696e-15,99.99999633819243
419|2.790287689791171e-08,3.3306690738754696e-15,99.99998806334885
420|1.2873237409394278e-07,3.3306690738754696e-15,99.99999741271836
421|1.7646312855390534e-08,3.774758283725532e-15,99.99997860879883
422|4.555736397016119e-07,3.552713678800501e-15,99.99999922016698
423|4.28849724176672e-07,3.774758283725532e-15,99.99999911979464
424|1.0513573833748069e-07,3.9968028886505635e-15,99.99999619843551
425|2.243539980462117e-07,3.9968028886505635e-15,99.99999821852835
426|1.1084585516130119e-07,4.218847493575595e-15,99.99999619395106
427|1.475371385062374e-07,3.9968028886505635e-15,99.99999729098522
428|3.90321726051468e-08,4.218847493575595e-15,99.9999891913588
429|5.550231829687391e-08,4.440892098500626e-15,99.99999199872684
430|3.760987392631421e-07,4.218847493575595e-15,99.99999887826067
431|6.475791458626645e-09,4.440892098500626e-15,99.99993142317619
432|1.2730533516247533e-07,4.440892098500626e-15,99.99999651162138
433|2.0051222771044763e-07,4.884981308350689e-15,99.99999756374892
434|1.6675109559827206e-07,4.884981308350689e-15,99.99999707049523
435|3.473170107071155e-07,5.10702591327572e-15,99.99999852957795
436|1.2602541499262543e-07,5.10702591327572e-15,99.99999594762222
437|1.3919564256781314e-07,5.329070518200751e-15,99.9999961715249
438|5.7056754432238677e-08,5.329070518200751e-15,99.99999066005319
439|3.32059630459014e-07,5.329070518200751e-15,99.99999839514652
440|1.9570884601805005e-07,5.329070518200751e-15,99.99999727704157
441|2.6612020365135436e-07,5.551115123125783e-15,99.99999791405723
442|2.53385962878383e-07,5.995204332975845e-15,99.99999763396352
443|3.6285912097255846e-07,5.773159728050814e-15,99.9999984089804
444|1.210737958778907e-07,5.995204332975845e-15,99.99999504830564
445|3.352950375123953e-07,5.995204332975845e-15,99.99999821196151
446|2.954263766952181e-08,6.439293542825908e-15,99.99997820338992
447|2.225601689609391e-07,6.661338147750939e-15,99.99999700694954
448|2.9054405681350204e-07,6.8833827526759706e-15,99.99999763086437
449|3.4980491969704985e-07,6.8833827526759706e-15,99.99999803222242
450|2.690514908643138e-07,7.105427357601002e-15,99.9999973590827
451|1.475983055776453e-07,7.549516567451064e-15,99.99999488509266
452|8.895450998025467e-08,7.327471962526033e-15,99.99999176267514
453|4.2565897162560873e-07,7.771561172376096e-15,99.99999817422827
454|2.013690871827123e-07,7.771561172376096e-15,99.99999614063843
455|1.7002005892052807e-07,7.771561172376096e-15,99.99999542903278
456|2.2001305666208282e-08,7.993605777301127e-15,99.99996366758455
457|4.4466988313729416e-08,8.43769498715119e-15,99.99998102481119
458|1.3315261604418538e-07,8.43769498715119e-15,99.9999936631399
459|2.2005126654178753e-07,8.43769498715119e-15,99.99999616557763
460|2.690379332648263e-07,9.103828801926284e-15,99.9999966161542
461|4.7404287428776115e-07,9.325873406851315e-15,99.99999803269411
462|1.9091751868316464e-07,9.325873406851315e-15,99.99999511523433
463|2.2514102537840586e-07,9.325873406851315e-15,99.99999585776364
464|1.5004948483721137e-07,9.769962616701378e-15,99.9999934888396
465|1.0600187660969596e-07,9.992007221626409e-15,99.99999057374498
466|6.533882812576053e-07,9.992007221626409e-15,99.99999847073975
467|9.519989641049165e-08,1.0436096431476471e-14,99.99998903770191
468|2.2776752350850415e-07,1.0880185641326534e-14,99.99999522311808
469|1.687341124601005e-07,1.0658141036401503e-14,99.99999368346988
470|7.229891130222654e-08,1.1102230246251565e-14,99.99998464398696
471|4.1513228143941205e-07,1.1102230246251565e-14,99.99999732561626
472|4.5522104530348884e-07,1.176836406102666e-14,99.99999741480228
473|2.7354491205500153e-07,1.176836406102666e-14,99.99999569783112
474|4.565803042311245e-07,1.176836406102666e-14,99.99999742249852
475|3.0549696550252747e-07,1.2212453270876722e-14,99.99999600243058
476|1.6298608151998906e-07,1.2656542480726785e-14,99.99999223458693
477|4.1607433054480225e-09,1.2656542480726785e-14,99.99969581054269
478|4.5151616268057637e-07,1.3100631690576847e-14,99.99999709852432
479|5.243700096357884e-07,1.3100631690576847e-14,99.9999975016436
480|3.6622052190793397e-07,1.3322676295501878e-14,99.9999963621164
481|1.6416720072243152e-07,1.354472090042691e-14,99.99999174943542
482|1.2871584376128453e-07,1.3988810110276972e-14,99.9999891320216
483|4.670906523784879e-07,1.4210854715202004e-14,99.999996957581
484|2.711281377187902e-08,1.4432899320127035e-14,99.99994676723914
485|6.381724659831889e-08,1.4432899320127035e-14,99.99997738401437
486|4.041114021191561e-08,1.4876988529977098e-14,99.99996318592237
487|5.446926598651203e-08,1.532107773982716e-14,99.99997187206866
488|3.547910236711971e-07,1.532107773982716e-14,99.99999568166139
489|4.86878531713586e-07,1.5765166949677223e-14,99.99999676199177
490|5.991046148068335e-08,1.6209256159527285e-14,99.99997294419745
491|4.297547779863464e-07,1.6209256159527285e-14,99.99999622825457
492|1.3334326087743875e-07,1.6431300764452317e-14,99.99998767744192
493|3.701619957219293e-07,1.6653345369377348e-14,99.9999955010656
494|4.639491590907596e-07,1.709743457922741e-14,99.99999631480428
495|2.4578385904305833e-07,1.7319479184152442e-14,99.99999295336998
496|4.990933226700633e-07,1.7319479184152442e-14,99.99999652981148
497|1.5087569504856901e-07,1.7763568394002505e-14,99.99998822635521
498|3.7353394199968193e-07,1.7763568394002505e-14,99.99999524445668
499|2.076850824650478e-07,1.8207657603852567e-14,99.99999123304505
500|2.034948813900428e-07,1.84297022087776e-14,99.99999094340748
501|1.681299921507673e-07,1.887379141862766e-14,99.99998877428638
502|2.0167921244151898e-07,1.865174681370263e-14,99.99999075177526
503|6.592190260334974e-08,1.9095836023552692e-14,99.99997103263821
504|6.9960746085229175e-09,1.9317880628477724e-14,99.9997238754343
505|6.958825615743791e-07,1.9539925233402755e-14,99.99999719206569
506|3.3233915619490517e-07,1.9984014443252818e-14,99.9999939868613
507|1.3538008825086933e-07,2.020605904817785e-14,99.99998507457093
508|1.2013695727119966e-07,2.020605904817785e-14,99.99998318081337
509|3.213781047950448e-07,2.042810365310288e-14,99.99999364359198
510|1.0294007579680908e-07,2.0650148258027912e-14,99.99997993964149
511|1.4864678554715738e-07,2.0872192862952943e-14,99.99998595853063
512|2.801957428300028e-07,2.0650148258027912e-14,99.99999263009921
513|6.457499894807484e-07,2.1316282072803006e-14,99.9999966989884
514|1.9310971355324114e-07,2.1094237467877974e-14,99.99998907655286
515|5.081181690957948e-07,2.1538326677728037e-14,99.99999576115793
516|2.372425123020605e-07,2.1538326677728037e-14,99.99999092138822
517|5.96920523898703e-07,2.1760371282653068e-14,99.99999635456139
518|6.22726243904026e-08,2.19824158875781e-14,99.99996469971178
519|2.7383349276988156e-07,2.19824158875781e-14,99.99999197234214
520|3.4894423861508983e-07,2.220446049250313e-14,99.99999363667371
521|6.030620798291864e-07,2.220446049250313e-14,99.99999631804731
522|2.9888623975793394e-07,2.2648549702353193e-14,99.99999242235116
523|1.0565326125089314e-07,2.220446049250313e-14,99.99997898364875
524|3.782579192090907e-07,2.2648549702353193e-14,99.99999401240568
525|9.18853193532243e-09,2.2648549702353193e-14,99.99975351285862
526|4.1602938982698845e-07,2.2870594307278225e-14,99.99999450264936
527|7.771965959690874e-08,2.3092638912203256e-14,99.99997028726189
528|2.198728688007634e-08,2.3092638912203256e-14,99.99989497276749
529|2.528106750609993e-07,2.3092638912203256e-14,99.99999086563932
530|1.6564190774559506e-07,2.2870594307278225e-14,99.99998619274879
531|4.2858742155260643e-07,2.3092638912203256e-14,99.99999461191865
532|2.3826650519254144e-07,2.2870594307278225e-14,99.99999040125498
533|1.6319178497425924e-07,2.3092638912203256e-14,99.9999858493864
534|4.4079610650449297e-07,2.2648549702353193e-14,99.99999486189887
535|9.528002165026805e-08,2.2870594307278225e-14,99.999975996443
536|1.9267696815816748e-07,2.3092638912203256e-14,99.99998801484207
537|2.3009505589755008e-07,2.3092638912203256e-14,99.99998996387001
538|4.1146299611938275e-07,2.3092638912203256e-14,99.99999438767541
539|3.391478853309593e-08,2.2870594307278225e-14,99.99993256453807
540|6.933346181625666e-07,2.2870594307278225e-14,99.9999967013627
541|3.852055454611758e-07,2.2870594307278225e-14,99.99999406275569
542|3.050459551623419e-08,2.2648549702353193e-14,99.99992575364689
543|1.3879024907126336e-07,2.2870594307278225e-14,99.99998352146893
544|1.0221257507048165e-07,2.2648549702353193e-14,99.9999778417189
545|2.929881175450788e-07,2.2426505097428162e-14,99.99999234559228
546|4.1486727253570166e-07,2.2426505097428162e-14,99.99999459429398
547|2.5617643717446015e-07,2.2426505097428162e-14,99.99999124568
548|4.257157095732822e-07,2.2426505097428162e-14,99.99999473204662
549|4.2218737150712116e-07,2.19824158875781e-14,99.99999479320857
550|3.294260864095122e-08,2.19824158875781e-14,99.99993327056723
551|4.183958004499999e-07,2.1760371282653068e-14,99.99999479909424
552|1.2439192342839078e-08,2.1760371282653068e-14,99.99982506604381
553|5.090886272540729e-07,2.1538326677728037e-14,99.9999957692383
554|5.692102411636313e-08,2.1094237467877974e-14,99.99996294121935
555|1.544737902037241e-07,2.1316282072803006e-14,99.99998620071273
556|2.4212560312264486e-07,2.1094237467877974e-14,99.99999128789472
557|4.834166760225855e-07,2.0872192862952943e-14,99.99999568235977
558|6.973959005840413e-07,2.0650148258027912e-14,99.99999703896334
559|4.19265321127682e-07,2.0650148258027912e-14,99.99999507468249
560|1.9374480575429232e-07,2.042810365310288e-14,99.99998945617996
561|3.5377265272806824e-07,2.042810365310288e-14,99.99999422564082
562|2.2478248196122763e-07,1.9984014443252818e-14,99.99999110962106
563|2.95879269085475e-07,1.9984014443252818e-14,99.99999324588894
564|3.408659776660272e-08,1.9761969838327786e-14,99.9999420242232
565|3.0165648334801176e-07,1.9317880628477724e-14,99.99999359606649
566|5.239022415892691e-08,1.887379141862766e-14,99.99996397459311
567|5.277434849126905e-07,1.887379141862766e-14,99.99999642368083
568|1.8162004611355087e-07,1.887379141862766e-14,99.99998960809017
569|2.8933326068347753e-07,1.865174681370263e-14,99.99999355354211
570|5.384027137456115e-07,1.84297022087776e-14,99.99999657696706
571|9.90058546257444e-08,1.84297022087776e-14,99.99998138524002
572|5.215498186661449e-07,1.7763568394002505e-14,99.99999659408023
573|1.3582978808379664e-07,1.7541523789077473e-14,99.9999870856577
574|1.4149356863946139e-07,1.7541523789077473e-14,99.99998760259992
575|3.8655680190124997e-07,1.7319479184152442e-14,99.9999955195513
576|4.773866078000566e-07,1.709743457922741e-14,99.99999641853493
577|4.0794036815228196e-07,1.687538997430238e-14,99.9999958632704
578|5.609983704246702e-07,1.687538997430238e-14,99.99999699190036
579|2.846159117275704e-07,1.6653345369377348e-14,99.99999414883544
580|6.578876865503958e-08,1.5987211554602254e-14,99.99997569917802
581|1.9996348199491365e-07,1.6209256159527285e-14,99.99999189389183
582|6.844077875545196e-07,1.5765166949677223e-14,99.99999769652432
583|8.815397189998464e-08,1.5765166949677223e-14,99.99998211632827
584|2.5198625519529116e-07,1.532107773982716e-14,99.99999391987562
585|1.9825671215834006e-07,1.532107773982716e-14,99.99999227210137
586|6.04497600864562e-08,1.4876988529977098e-14,99.99997538949947
587|6.970911137216262e-07,1.4654943925052066e-14,99.99999789770037
588|9.672313683317668e-08,1.4432899320127035e-14,99.99998507813146
589|3.356345528171545e-07,1.4432899320127035e-14,99.99999569981719
590|4.2586190063254037e-07,1.4654943925052066e-14,99.99999655875675
591|1.2095242141185736e-07,1.3766765505351941e-14,99.99998861803233
592|4.320462585472029e-07,1.4210854715202004e-14,99.9999967108025
593|3.7764512694771213e-07,1.3766765505351941e-14,99.99999635457615
594|2.927085960280351e-07,1.3766765505351941e-14,99.99999529676761
595|4.441417282841087e-07,1.3766765505351941e-14,99.99999690036657
596|2.5110639612080377e-07,1.3322676295501878e-14,99.99999469440982
597|4.5904333112467555e-07,1.3322676295501878e-14,99.99999709773013
598|2.66135262938505e-07,1.2434497875801753e-14,99.99999532775261
599|2.8683415886909813e-07,1.2434497875801753e-14,99.99999566491735
600|2.0003640255339405e-07,1.2434497875801753e-14,99.99999378388247
601|3.263795957941795e-07,1.199040866595169e-14,99.99999632623827
602|2.239104350820753e-07,1.199040866595169e-14,99.99999464499783
603|3.041629077493724e-07,1.199040866595169e-14,99.99999605789912
604|6.465624353690913e-07,1.2434497875801753e-14,99.99999807682953
605|1.2031367724318898e-07,1.1546319456101628e-14,99.99999040315306
606|2.3034836371671474e-07,1.199040866595169e-14,99.99999479466297
607|5.8202775932159057e-11,1.199040866595169e-14,99.979398905853
608|2.1951901429950738e-07,1.1102230246251565e-14,99.99999494247444
609|2.8137779839454424e-07,1.0658141036401503e-14,99.99999621215991
610|1.6210349573775318e-07,1.1102230246251565e-14,99.99999315114692
611|2.5839052630871606e-07,1.0658141036401503e-14,99.99999587518118
612|3.399251313762619e-07,1.1102230246251565e-14,99.99999673391896
613|3.5982829205138955e-07,1.0658141036401503e-14,99.99999703799249
614|8.747929558516887e-08,1.0658141036401503e-14,99.99998781638448
615|1.2110486968808232e-07,1.021405182655144e-14,99.99999156594458
616|6.395899965205842e-07,1.021405182655144e-14,99.99999840303134
617|2.7383289746829576e-07,1.021405182655144e-14,99.99999626996905
618|2.1436054264967197e-08,1.021405182655144e-14,99.99995235106377
619|1.2954815664656394e-08,9.769962616701378e-15,99.99992458431775
620|2.310965543372845e-07,1.021405182655144e-14,99.99999558017996
621|6.106735086497395e-07,9.769962616701378e-15,99.99999840013322
622|7.136552595543577e-07,9.769962616701378e-15,99.9999986309969
623|1.9063234946159469e-07,9.769962616701378e-15,99.9999948749713
624|2.8225019188532485e-07,9.325873406851315e-15,99.99999669588412
625|1.768944271063333e-07,9.769962616701378e-15,99.99999447695285
626|8.935645101626477e-07,9.325873406851315e-15,99.99999895632902
627|5.258918998052309e-07,9.325873406851315e-15,99.99999822665582
628|6.278644317792015e-07,9.325873406851315e-15,99.99999851466767
629|1.4796104386149977e-07,9.325873406851315e-15,99.99999369707514
630|1.3801747678066079e-07,9.325873406851315e-15,99.99999324297646
631|4.44538723609611e-08,9.325873406851315e-15,99.99997902123502
632|3.516300808303896e-07,9.325873406851315e-15,99.99999734781694
633|2.9324052741586115e-08,9.325873406851315e-15,99.99996819718785
634|4.0376321353008393e-07,9.325873406851315e-15,99.99999769026175
635|6.064558271123843e-07,8.881784197001252e-15,99.99999853546066
636|4.510482132236149e-07,8.881784197001252e-15,99.99999803085703
637|4.434093596739075e-07,8.881784197001252e-15,99.99999799693353
638|5.744633673199218e-07,8.881784197001252e-15,99.99999845389894
639|2.686169491283863e-07,8.881784197001252e-15,99.99999669351311
640|3.675006277070736e-07,8.43769498715119e-15,99.9999977040325
641|1.4113901558587827e-07,9.325873406851315e-15,99.99999339241997
642|9.13297060201046e-09,8.881784197001252e-15,99.99990275032535
643|4.0731574380004076e-07,8.881784197001252e-15,99.99999781943508
644|2.155762630628999e-07,9.325873406851315e-15,99.99999567397947
1|1.5889411453251512e-07,8.881784197001252e-15,99.99999441024973
2|6.258596330077637e-07,8.881784197001252e-15,99.99999858086642
3|6.557112843808e-07,8.43769498715119e-15,99.99999871319967
4|3.659473799544344e-07,8.881784197001252e-15,99.99999757293406
5|6.753526793357167e-07,8.881784197001252e-15,99.99999868486726
6|4.852164925406299e-07,8.881784197001252e-15,99.99999816952138
7|6.181001017679932e-07,8.881784197001252e-15,99.99999856305084
8|3.010267126679622e-07,9.325873406851315e-15,99.99999690197812
9|7.414198837096819e-07,9.325873406851315e-15,99.99999874216033
10|4.809031803887365e-07,8.881784197001252e-15,99.99999815310346
11|1.122996229341311e-07,9.325873406851315e-15,99.99999169554344
12|3.262822891869632e-07,8.881784197001252e-15,99.99999727788345
13|6.379753436647206e-07,8.881784197001252e-15,99.99999860781702
14|7.142626088363357e-07,8.881784197001252e-15,99.99999875650998
15|4.4687049083336206e-07,8.881784197001252e-15,99.99999801244782
16|3.033616546854745e-07,8.881784197001252e-15,99.99999707221264
17|3.4054170217068247e-07,8.881784197001252e-15,99.99999739186592
18|7.170600901940105e-07,8.881784197001252e-15,99.99999876136124
19|3.5796966746382e-07,8.43769498715119e-15,99.99999764290224
20|3.6747529774672216e-07,8.881784197001252e-15,99.99999758302552
21|1.0333673183815506e-07,8.881784197001252e-15,99.99999140500765
22|4.4808740540247527e-07,8.881784197001252e-15,99.9999980178456
23|3.228547926781289e-07,8.881784197001252e-15,99.99999724898487
24|6.374949523824114e-08,8.881784197001252e-15,99.99998606767917
25|2.408817205701297e-07,8.43769498715119e-15,99.9999964971626
26|7.489342919164699e-07,8.43769498715119e-15,99.99999887337313
27|5.576712698296404e-07,8.881784197001252e-15,99.99999840734414
28|6.520376101271097e-07,8.881784197001252e-15,99.99999863784174
29|5.054309548668812e-07,8.881784197001252e-15,99.99999824273047
30|2.831933252345209e-07,8.881784197001252e-15,99.99999686370285
31|6.764282933779953e-07,8.43769498715119e-15,99.99999875261058
32|6.268468528691784e-07,8.881784197001252e-15,99.99999858310142
33|2.794326656729851e-07,8.881784197001252e-15,99.99999682149395
34|1.510092717538214e-08,8.881784197001252e-15,99.99994118384855
35|3.568935142972407e-07,8.881784197001252e-15,99.99999751136296
36|4.112929929966924e-08,8.881784197001252e-15,99.99997840521392
37|3.2687385842500305e-07,8.43769498715119e-15,99.99999741866938
38|2.0776432752001028e-07,8.43769498715119e-15,99.99999593881438
39|6.368685028235177e-07,8.43769498715119e-15,99.9999986751276
40|1.1649603748331572e-07,8.881784197001252e-15,99.99999237589158
41|7.307374831899693e-07,8.43769498715119e-15,99.99999884531789
42|8.481121183123719e-08,8.43769498715119e-15,99.99999005120337
43|8.355251335245839e-08,8.43769498715119e-15,99.99998990132714
44|2.3536316695604853e-07,8.881784197001252e-15,99.99999622634913
45|1.4350653576578054e-07,8.43769498715119e-15,99.99999412034097
46|9.210907230272625e-07,8.43769498715119e-15,99.99999908394528
47|4.424623165633079e-07,8.43769498715119e-15,99.99999809301387
48|2.156033547251468e-07,7.993605777301127e-15,99.99999629244833
49|1.9253525884721512e-07,7.993605777301127e-15,99.99999584823797
50|7.893553977122991e-07,7.993605777301127e-15,99.99999898732487
51|1.5848952927832727e-07,8.43769498715119e-15,99.99999467618143
52|6.688953657629781e-08,8.43769498715119e-15,99.99998738562797
53|5.776844180793717e-07,7.993605777301127e-15,99.99999861626772
54|7.895965548065931e-08,8.43769498715119e-15,99.99998931391616
55|3.1295029745415093e-07,7.993605777301127e-15,99.99999744572673
56|3.660715128805947e-07,7.993605777301127e-15,99.99999781638137
57|1.699801461807482e-07,7.993605777301127e-15,99.99999529732975
58|5.747677001011198e-08,8.215650382226158e-15,99.99998570613766
59|6.358434252451417e-07,7.771561172376096e-15,99.99999877775552
60|1.877772715097592e-07,7.771561172376096e-15,99.99999586128763
61|1.0914650672155801e-07,7.771561172376096e-15,99.99999287969776
62|3.318607384450445e-07,7.993605777301127e-15,99.99999759127705
63|1.938317193417305e-07,7.771561172376096e-15,99.99999599056274
64|4.949689249578171e-07,7.549516567451064e-15,99.99999847474939
65|7.134167279154724e-08,7.549516567451064e-15,99.99998941780271
66|3.53531563801468e-07,7.993605777301127e-15,99.99999773892728
67|2.0626193486528166e-07,7.549516567451064e-15,99.99999633984012
68|3.4827296158113086e-07,7.771561172376096e-15,99.99999776854305
69|1.7265053342541137e-07,7.771561172376096e-15,99.99999549867526
70|1.7727022560976025e-07,7.771561172376096e-15,99.99999561598055
71|2.581053841765879e-07,7.549516567451064e-15,99.99999707502553
72|4.408160840796427e-07,7.549516567451064e-15,99.99999828737724
73|4.275489062788296e-07,7.327471962526033e-15,99.99999828616754
74|1.6035474881270773e-07,7.327471962526033e-15,99.99999543046151
75|4.736774548153022e-07,7.549516567451064e-15,99.99999840619044
76|3.2977693487090676e-07,7.327471962526033e-15,99.99999777805202
77|5.0408767160448065e-08,7.105427357601002e-15,99.9999859043818
78|3.7124742457983473e-07,7.105427357601002e-15,99.9999980860669
79|2.696598979667897e-07,7.105427357601002e-15,99.99999736504114
80|2.5084129551267154e-07,7.327471962526033e-15,99.99999707884145
81|2.2296248025632792e-07,7.327471962526033e-15,99.99999671358519
82|1.6077994913210603e-07,7.105427357601002e-15,99.99999558065082
83|4.048008768187117e-07,7.105427357601002e-15,99.99999824471048
84|1.6318027684647518e-07,6.8833827526759706e-15,99.99999578173117
85|4.509512314676556e-07,6.8833827526759706e-15,99.99999847358599
86|5.890583010259576e-07,6.8833827526759706e-15,99.99999883145985
87|3.758732014524924e-08,6.661338147750939e-15,99.99998227769865
88|2.1194420818382298e-07,6.661338147750939e-15,99.99999685703223
89|1.6573268091235605e-08,6.661338147750939e-15,99.99995980673147
90|1.4557613603471964e-07,6.8833827526759706e-15,99.99999527162697
91|1.4355421429357307e-07,6.8833827526759706e-15,99.99999520502914
92|6.186560834731125e-07,6.661338147750939e-15,99.99999892325667
93|1.0413947792997647e-07,6.661338147750939e-15,99.9999936034458
94|1.9767017622740468e-07,6.661338147750939e-15,99.99999663007426
95|2.9840608983811023e-07,6.439293542825908e-15,99.99999784210384
96|3.0382276294815824e-07,6.217248937900877e-15,99.99999795365927
97|6.579521130145594e-07,6.217248937900877e-15,99.99999905506057
98|5.226703294614055e-07,6.439293542825908e-15,99.99999876800094
99|3.264579029327308e-08,6.217248937900877e-15,99.99998095543444
100|5.229061350586761e-07,6.217248937900877e-15,99.99999881102008
101|5.817370818395062e-07,6.217248937900877e-15,99.99999893126137
102|2.2545104982896191e-07,5.995204332975845e-15,99.99999734079556
103|4.2500791552768646e-08,6.217248937900877e-15,99.99998537145142
104|3.998351880696305e-07,5.995204332975845e-15,99.99999850058111
105|9.262583722247086e-08,5.773159728050814e-15,99.99999376722532
106|6.240902949983251e-08,5.773159728050814e-15,99.99999074948005
107|4.957433388241839e-07,5.773159728050814e-15,99.9999988354539
108|4.1252596361118776e-07,5.551115123125783e-15,99.99999865435981
109|1.0772106406875537e-07,5.773159728050814e-15,99.9999946406399
110|5.487004839377363e-07,5.773159728050814e-15,99.99999894784862
111|5.646249048307794e-07,5.329070518200751e-15,99.99999905617508
112|3.449777694619627e-07,5.773159728050814e-15,99.99999832651254
113|1.3485479666286437e-07,5.329070518200751e-15,99.99999604828997
114|1.846275532457753e-08,5.329070518200751e-15,99.99997113610388
115|2.0119815369312732e-07,5.329070518200751e-15,99.9999973513323
116|2.3919773406433364e-07,5.551115123125783e-15,99.99999767927771
117|5.446140249887321e-08,5.10702591327572e-15,99.99999062266912
118|1.7598288115650007e-07,5.10702591327572e-15,99.99999709799846
119|1.5100054695516008e-07,5.329070518200751e-15,99.99999647082701
120|2.744902694029605e-07,4.884981308350689e-15,99.99999822034445
121|5.985619977444401e-07,5.329070518200751e-15,99.99999910968779
122|1.7310509581314193e-07,4.884981308350689e-15,99.99999717802571
123|3.179577285905566e-07,4.884981308350689e-15,99.99999846363814
124|1.4142424920038366e-07,4.6629367034256575e-15,99.99999670287329
125|3.4198654108585913e-07,4.6629367034256575e-15,99.99999863651456
126|2.109115881943069e-07,4.884981308350689e-15,99.9999976838725
127|5.075515849828349e-07,4.440892098500626e-15,99.99999912503631
128|4.559578381524432e-08,4.440892098500626e-15,99.999990260301
129|4.235524497797627e-07,4.440892098500626e-15,99.99999895151306
130|4.05534917424788e-07,4.6629367034256575e-15,99.99999885017627
131|1.3315646540945636e-07,4.218847493575595e-15,99.99999683166155
132|6.240084271524893e-08,4.218847493575595e-15,99.99999323911776
133|1.990111606620104e-07,4.440892098500626e-15,99.99999776852108
134|3.790142815152109e-07,4.218847493575595e-15,99.99999888688957
135|2.0229792507819866e-08,4.218847493575595e-15,99.99997914537437
136|3.1745116091386194e-08,3.9968028886505635e-15,99.99998740970776
137|4.161930355905952e-09,3.9968028886505635e-15,99.99990396756921
138|4.880409965046795e-07,3.774758283725532e-15,99.99999922654894
139|4.719249770968048e-07,3.774758283725532e-15,99.99999920013595
140|5.60926463055722e-07,3.9968028886505635e-15,99.99999928746402
141|1.9689614250140153e-07,3.9968028886505635e-15,99.99999797009589
142|1.455845015652102e-07,3.774758283725532e-15,99.99999740717024
143|5.976034656018925e-07,3.774758283725532e-15,99.99999936835067
144|4.585680946078696e-09,3.774758283725532e-15,99.99991768380033
145|3.803701578153351e-07,3.552713678800501e-15,99.99999906598516
146|1.171775223518523e-07,3.552713678800501e-15,99.99999696809284
147|3.172608011858813e-07,3.552713678800501e-15,99.99999888019141
148|2.972544432822133e-09,3.3306690738754696e-15,99.99988795225272
149|2.762698514402473e-08,3.3306690738754696e-15,99.99998794414572
150|1.0606528211276611e-07,3.3306690738754696e-15,99.99999685979331
151|1.3503198093012259e-07,3.3306690738754696e-15,99.99999753342205
152|1.4790691560406799e-08,3.3306690738754696e-15,99.99997748131614
153|2.6850300316461073e-07,3.3306690738754696e-15,99.99999875954123
154|3.1784203335938344e-07,3.3306690738754696e-15,99.99999895209925
155|4.2553489909558095e-07,3.3306690738754696e-15,99.99999921729825
156|3.386734557242477e-07,3.1086244689504383e-15,99.99999908211747
157|1.6488930842939453e-07,3.1086244689504383e-15,99.99999811472041
158|1.47464326971658e-07,3.1086244689504383e-15,99.99999789194815
159|6.671204753061488e-07,2.886579864025407e-15,99.99999956730755
160|1.2156860407230852e-08,3.1086244689504383e-15,99.99997442905187
161|1.7900342141885517e-07,3.1086244689504383e-15,99.99999826337148
162|4.4841170021570065e-07,2.6645352591003757e-15,99.99999940578374
163|3.1513811582506435e-07,2.886579864025407e-15,99.99999908402707
164|1.6501783228761724e-07,2.6645352591003757e-15,99.99999838530465
165|2.78888136362454e-07,2.6645352591003757e-15,99.99999904458637
166|8.951816488078634e-08,2.6645352591003757e-15,99.99999702346975
167|3.9963147102639596e-07,2.886579864025407e-15,99.99999927768955
168|4.878483741421746e-07,2.6645352591003757e-15,99.99999945381897
169|4.6961070765405566e-07,2.4424906541753444e-15,99.99999947989033
170|4.487216354043255e-07,2.220446049250313e-15,99.99999950516181
171|2.90411270142954e-07,2.6645352591003757e-15,99.99999908249592
172|5.874503772318462e-07,2.4424906541753444e-15,99.9999995842218
173|1.9859681721356992e-07,2.4424906541753444e-15,99.99999877012598
174|1.4093836986361907e-07,2.220446049250313e-15,99.99999842452694
175|2.033050114924606e-07,2.220446049250313e-15,99.99999890782523
176|1.357888943509522e-07,2.220446049250313e-15,99.99999836478082
177|9.950365820188267e-08,2.220446049250313e-15,99.99999776847797
178|4.788559291313277e-07,2.220446049250313e-15,99.99999953630186
179|3.815596683054423e-07,1.9984014443252818e-15,99.99999947625454
180|1.52931936447942e-07,2.220446049250313e-15,99.99999854808217
181|7.073859449313602e-07,2.220446049250313e-15,99.99999968610544
182|5.621088408069852e-07,1.7763568394002505e-15,99.99999968398348
183|4.1859688915124593e-07,1.9984014443252818e-15,99.99999952259525
184|3.521816371865327e-07,1.7763568394002505e-15,99.99999949561344
185|6.586609977432545e-07,1.7763568394002505e-15,99.99999973030788
186|5.63409487064348e-07,1.7763568394002505e-15,99.999999684713
187|6.227158029226132e-07,1.7763568394002505e-15,99.99999971474037
188|1.2993349729484294e-07,1.7763568394002505e-15,99.99999863287229
189|3.337634488786989e-07,1.5543122344752192e-15,99.99999953430724
190|3.3213720262992297e-07,1.7763568394002505e-15,99.99999946517379
191|2.142918793524018e-07,1.5543122344752192e-15,99.99999927467516
192|8.619788127717243e-08,1.7763568394002505e-15,99.99999793921056
193|2.8112257099977e-07,1.5543122344752192e-15,99.99999944710514
194|6.670723360358011e-07,1.5543122344752192e-15,99.99999976699495
195|1.2467757093403975e-07,1.5543122344752192e-15,99.99999875333452
196|4.5698777961789006e-07,1.3322676295501878e-15,99.99999970846756
197|4.385931822170619e-07,1.5543122344752192e-15,99.99999964561414
198|5.543095284998856e-07,1.3322676295501878e-15,99.99999975965277
199|3.103425583184105e-07,1.5543122344752192e-15,99.9999994991624
200|1.7296509113862157e-08,1.5543122344752192e-15,99.99999101372292
201|6.214487147104819e-08,1.1102230246251565e-15,99.99999821349212
202|4.45528347103874e-07,1.1102230246251565e-15,99.99999975080755
203|4.929134709286132e-07,1.3322676295501878e-15,99.99999972971573
204|1.0181252019236808e-07,1.3322676295501878e-15,99.9999986914501
205|4.939354059096956e-07,8.881784197001252e-16,99.99999982018329
206|1.5401569886108746e-07,1.3322676295501878e-15,99.99999913497933
207|3.007587938697043e-07,1.3322676295501878e-15,99.9999995570312
208|2.701643584401836e-07,1.1102230246251565e-15,99.99999958905644
209|1.7002459662407432e-07,1.1102230246251565e-15,99.99999934702211
210|2.0635929987022905e-07,1.1102230246251565e-15,99.99999946199516
211|1.1628776475092195e-07,1.3322676295501878e-15,99.9999988543355
212|1.837317977759767e-07,1.1102230246251565e-15,99.99999939573713
213|3.11385583540158e-07,1.1102230246251565e-15,99.99999964345716
214|5.911769784816556e-08,8.881784197001252e-16,99.99999849760994
215|3.319306252080878e-08,8.881784197001252e-16,99.99999732420466
216|3.3048859471307424e-07,1.1102230246251565e-15,99.99999966406617
217|2.7997728979656245e-07,8.881784197001252e-16,99.9999996827677
218|1.2568989937733477e-07,8.881784197001252e-16,99.99999929335736
219|1.9203112966437175e-07,6.661338147750939e-16,99.99999965311154
220|2.7353183318368224e-07,6.661338147750939e-16,99.99999975646936
221|2.223517996391422e-07,8.881784197001252e-16,99.99999960055263
222|3.147133225134269e-07,8.881784197001252e-16,99.99999971778175
223|1.0251424775731266e-07,6.661338147750939e-16,99.99999935020368
224|3.560357875187492e-07,8.881784197001252e-16,99.99999975053676
225|2.2860923465373162e-07,8.881784197001252e-16,99.9999996114862
226|1.773093485368804e-07,6.661338147750939e-16,99.99999962430982
227|1.2085477907319842e-07,8.881784197001252e-16,99.99999926508623
228|1.570657448546342e-07,6.661338147750939e-16,99.99999957588855
229|2.861140879772961e-07,8.881784197001252e-16,99.99999968957194
230|2.530098295316918e-07,8.881784197001252e-16,99.99999964895497
231|1.8219920328022e-07,6.661338147750939e-16,99.99999963439258
232|2.5215733723271683e-07,8.881784197001252e-16,99.99999964776816
233|4.125559458501016e-07,8.881784197001252e-16,99.99999978471322
234|4.399773931851314e-07,6.661338147750939e-16,99.99999984859818
235|1.0865164012940909e-07,6.661338147750939e-16,99.99999938690864
236|4.0242327337125516e-07,6.661338147750939e-16,99.99999983446936
237|1.3040893520610553e-07,4.440892098500626e-16,99.99999965946412
238|2.5860963370760714e-07,6.661338147750939e-16,99.99999974241724
239|5.041883399670155e-08,6.661338147750939e-16,99.99999867879964
240|1.1617239126238132e-07,4.440892098500626e-16,99.99999961773257
241|6.650291326515401e-07,8.881784197001252e-16,99.99999986644518
242|1.174121080360635e-07,6.661338147750939e-16,99.99999943265323
243|2.900920885728908e-07,6.661338147750939e-16,99.9999997703716
244|1.512116676316566e-07,4.440892098500626e-16,99.99999970631286
245|2.5104241929696514e-07,8.881784197001252e-16,99.99999964620385
246|3.7755976034503647e-07,4.440892098500626e-16,99.9999998823791
247|4.841180301085046e-08,4.440892098500626e-16,99.99999908268401
248|3.0131197936711374e-07,4.440892098500626e-16,99.99999985261482
249|2.0819837276420117e-07,4.440892098500626e-16,99.99999978669901
250|3.1742492634379005e-08,4.440892098500626e-16,99.99999860096302
251|2.897467408224941e-07,4.440892098500626e-16,99.99999984673194
252|5.169736176924289e-07,4.440892098500626e-16,99.99999991409828
253|1.1768820051827333e-07,2.220446049250313e-16,99.99999981132807
254|4.782006470804845e-07,4.440892098500626e-16,99.99999990713329
255|2.4423306932419564e-08,4.440892098500626e-16,99.9999981816991
256|5.987171824983761e-08,4.440892098500626e-16,99.99999925826546
257|4.990879336475018e-07,2.220446049250313e-16,99.99999995550992
258|4.4919473607407667e-07,4.440892098500626e-16,99.99999990113659
259|4.884266955329508e-07,2.220446049250313e-16,99.99999995453881
260|2.7701780913602647e-07,4.440892098500626e-16,99.9999998396893
261|7.571917937099215e-08,4.440892098500626e-16,99.999999413505
262|3.578212455224161e-07,2.220446049250313e-16,99.99999993794539
263|5.519917403162822e-07,4.440892098500626e-16,99.99999991954785
264|3.3880033800670617e-07,2.220446049250313e-16,99.99999993446151
265|2.7657078227605325e-07,2.220446049250313e-16,99.9999999197151
266|1.96613697767134e-07,4.440892098500626e-16,99.9999997741311
267|1.8617166031020815e-07,2.220446049250313e-16,99.99999988073125
268|6.418851494771616e-08,2.220446049250313e-16,99.99999965407424
269|1.3721591507476205e-07,2.220446049250313e-16,99.99999983817868
270|3.38780862030319e-07,4.440892098500626e-16,99.9999998689155
271|6.829415033493547e-08,4.440892098500626e-16,99.99999934974049
272|2.1256930970992016e-07,4.440892098500626e-16,99.99999979108499
273|1.6543427161508362e-07,2.220446049250313e-16,99.99999986578077
274|4.226580094801591e-07,2.220446049250313e-16,99.99999994746472
275|1.8743901941675745e-07,4.440892098500626e-16,99.99999976307537
276|1.655110462017717e-07,2.220446049250313e-16,99.99999986584302
277|1.0547931816873302e-07,4.440892098500626e-16,99.99999957897982
278|2.0926510391205966e-07,4.440892098500626e-16,99.99999978778631
279|2.657394224669929e-07,2.220446049250313e-16,99.99999991644273
280|3.712361968943867e-07,0.0,100.0
281|5.779166389885404e-08,4.440892098500626e-16,99.99999923156874
282|3.532126378047451e-07,2.220446049250313e-16,99.99999993713571
283|1.8894170050742787e-07,4.440892098500626e-16,99.99999976495967
284|3.344793824133774e-07,2.220446049250313e-16,99.99999993361486
285|2.226272957095432e-07,2.220446049250313e-16,99.99999990026173
286|1.773316200548436e-07,0.0,100.0
287|1.5500070826846013e-07,2.220446049250313e-16,99.99999985674607
288|4.2998530336291196e-07,2.220446049250313e-16,99.99999994835996
289|7.165851956258962e-08,2.220446049250313e-16,99.9999996901351
290|2.459437333790504e-07,2.220446049250313e-16,99.99999990971732
291|1.4629620670447707e-07,2.220446049250313e-16,99.99999984822259
292|7.679361413437391e-08,2.220446049250313e-16,99.99999971085538
293|2.0456151084147223e-07,2.220446049250313e-16,99.99999989145338
294|1.841624572840317e-07,2.220446049250313e-16,99.99999987943004
295|1.7704063992596275e-08,2.220446049250313e-16,99.99999874579868
296|1.2778802904733766e-07,4.440892098500626e-16,99.9999996524798
297|3.899561482612057e-07,2.220446049250313e-16,99.99999994305908
298|1.1234666263959525e-07,0.0,100.0
299|1.8831602366375932e-07,0.0,100.0
300|2.349974685955658e-07,0.0,100.0
301|2.4064280124136417e-07,4.440892098500626e-16,99.9999998154571
302|3.919354618631132e-09,4.440892098500626e-16,99.99998866932816
303|6.174183031504299e-08,0.0,100.0
304|3.8756022835428894e-08,2.220446049250313e-16,99.99999942707072
305|2.2114905817716135e-07,2.220446049250313e-16,99.99999989959505
306|3.448352439150426e-07,2.220446049250313e-16,99.9999999356085
307|3.4628817502380116e-07,2.220446049250313e-16,99.99999993587866
308|3.049659511589198e-07,2.220446049250313e-16,99.99999992719036
309|2.5718065854718475e-07,2.220446049250313e-16,99.99999991366201
310|5.5274891330725495e-08,0.0,100.0
311|1.0756276269674458e-07,2.220446049250313e-16,99.9999997935674
312|2.645788694799478e-07,0.0,100.0
313|4.122525432137536e-09,4.440892098500626e-16,99.99998922773875
314|1.9975268639171873e-07,2.220446049250313e-16,99.99999988884024
315|2.1502220937108518e-07,0.0,100.0
316|2.0304568515427945e-07,2.220446049250313e-16,99.99999989064302
317|1.177505337679463e-08,2.220446049250313e-16,99.99999811427942
318|2.535181256035912e-07,2.220446049250313e-16,99.99999991241471
319|6.034727029202713e-08,2.220446049250313e-16,99.99999963205526
320|1.10137373443564e-07,0.0,100.0
321|2.0934278888162794e-07,4.440892098500626e-16,99.99999978786505
322|8.123158812267661e-08,0.0,100.0
323|9.883259100007535e-08,4.440892098500626e-16,99.99999955066521
324|3.6837380745780024e-07,4.440892098500626e-16,99.99999987944604
325|4.4103365848258136e-08,0.0,100.0
326|2.50347240271509e-07,0.0,100.0
327|3.7567289723483555e-07,0.0,100.0
328|1.1985197145847337e-07,0.0,100.0
329|2.6549734721825757e-07,0.0,100.0
330|2.639386100788954e-07,0.0,100.0
331|1.496773425202491e-07,4.440892098500626e-16,99.99999970330232
332|1.2034176899433646e-07,0.0,100.0
333|2.7467231600297737e-08,4.440892098500626e-16,99.9999983832036
334|2.0252413390764445e-07,4.440892098500626e-16,99.99999978072282
335|1.5570279732202152e-08,0.0,100.0
336|2.526756008869313e-07,4.440892098500626e-16,99.99999982424531
337|9.398603495469615e-08,4.440892098500626e-16,99.99999952749447
338|2.7824220660832566e-07,0.0,100.0
339|1.3150392330629757e-08,4.440892098500626e-16,99.99999662299649
340|1.2989164677179588e-07,0.0,100.0
341|1.8678723234799577e-07,4.440892098500626e-16,99.99999976224862
342|1.7745593039464325e-07,4.440892098500626e-16,99.99999974974676
343|4.3782485681376215e-07,0.0,100.0
344|2.612722598271944e-07,0.0,100.0
345|1.9206324353149284e-07,4.440892098500626e-16,99.9999997687797
346|2.2885722206211767e-08,4.440892098500626e-16,99.99999805953595
347|3.503997487719346e-07,0.0,100.0
348|4.424114630197096e-08,4.440892098500626e-16,99.99999899620772
349|1.7459853429713235e-07,4.440892098500626e-16,99.99999974565124
350|1.656374184477727e-07,0.0,100.0
351|3.831244481666829e-07,0.0,100.0
352|1.5364687300234436e-08,0.0,100.0
353|1.7448185030133345e-07,4.440892098500626e-16,99.99999974548115
354|1.4735501574492105e-07,4.440892098500626e-16,99.99999969862634
355|2.4677482279855667e-07,4.440892098500626e-16,99.99999982004275
356|2.4376329355035864e-07,0.0,100.0
357|6.5782511882162e-08,0.0,100.0
358|3.884099997186752e-07,0.0,100.0
359|2.550329338824042e-07,4.440892098500626e-16,99.99999982586986
360|2.2948395406174882e-07,0.0,100.0
361|3.855172270306184e-08,0.0,100.0
362|8.042858778978257e-08,0.0,100.0
363|2.0640264608573489e-07,0.0,100.0
364|2.3648954838861869e-07,0.0,100.0
365|1.8084328123890714e-07,4.440892098500626e-16,99.99999975443423
366|1.2191418630180806e-07,4.440892098500626e-16,99.99999963573623
367|2.1737119526576976e-07,0.0,100.0
368|1.9748758850468562e-07,4.440892098500626e-16,99.99999977513058
369|5.2856703014469986e-08,0.0,100.0
370|2.708137887275086e-07,0.0,100.0
371|1.2618795075525213e-07,0.0,100.0
372|2.3497724033205714e-07,0.0,100.0
373|1.1950974787566793e-07,0.0,100.0
374|8.245249194516191e-08,0.0,100.0
375|3.1823592649971033e-09,0.0,100.0
376|2.2879197780767413e-07,0.0,100.0
377|7.531613555045169e-08,0.0,100.0
378|5.776338474206e-08,4.440892098500626e-16,99.99999923119255
379|3.440397877696455e-08,0.0,100.0
380|6.500102234241467e-08,0.0,100.0
381|1.0222707036433576e-07,0.0,100.0
382|8.847997756689097e-08,4.440892098500626e-16,99.99999949809073
383|1.923645891466208e-07,4.440892098500626e-16,99.99999976914191
384|7.24426398868161e-08,0.0,100.0
385|1.3848736779564774e-07,0.0,100.0
386|3.4464823839286396e-07,4.440892098500626e-16,99.99999987114711
387|3.201472544844819e-07,0.0,100.0
388|3.2879319622480807e-07,4.440892098500626e-16,99.99999986493357
389|7.664415546670966e-08,4.440892098500626e-16,99.99999942058308
390|2.466471071826959e-07,0.0,100.0
391|2.5674315917711965e-07,0.0,100.0
392|1.0256790572427121e-07,0.0,100.0
393|1.84281072179715e-07,4.440892098500626e-16,99.99999975901528
394|1.1655509002395092e-08,4.440892098500626e-16,99.99999618987717
395|4.624866356550683e-08,4.440892098500626e-16,99.99999903977937
396|9.402954148640674e-08,0.0,100.0
397|8.39473086600151e-08,4.440892098500626e-16,99.99999947099053
398|2.732303538977021e-07,0.0,100.0
399|3.779348283217132e-07,4.440892098500626e-16,99.99999988249583
400|2.690431561980233e-07,4.440892098500626e-16,99.99999983493755
401|1.2614545852329684e-08,4.440892098500626e-16,99.99999647954658
402|2.8523892048326616e-07,0.0,100.0
403|1.0272218275986233e-07,0.0,100.0
404|2.6213995862889305e-08,0.0,100.0
405|1.2343708233331085e-07,4.440892098500626e-16,99.99999964023031
406|2.2549236389224347e-07,4.440892098500626e-16,99.99999980305799
407|1.2036205321308557e-07,4.440892098500626e-16,99.99999963103886
408|1.3435785506388243e-07,0.0,100.0
409|2.0060233474339384e-08,0.0,100.0
410|1.877224931057242e-07,0.0,100.0
411|1.8060032402900106e-07,4.440892098500626e-16,99.99999975410387
412|1.9967475761717424e-07,0.0,100.0
413|1.2906692425929123e-07,4.440892098500626e-16,99.9999996559233
414|8.165214104849383e-08,0.0,100.0
415|3.0913564508239233e-07,4.440892098500626e-16,99.99999985634487
416|4.9118816569659884e-08,4.440892098500626e-16,99.9999990958878
417|3.032573956396334e-07,0.0,100.0
418|1.1023083157368774e-07,0.0,100.0
419|8.650419669464782e-08,0.0,100.0
420|1.9751945945500893e-07,4.440892098500626e-16,99.99999977516686
421|2.2695971058084297e-07,0.0,100.0
422|2.2998620474723452e-07,4.440892098500626e-16,99.99999980690615
423|2.107041217058736e-07,0.0,100.0
424|1.7247139183496074e-07,4.440892098500626e-16,99.99999974251428
425|7.957456560347964e-08,4.440892098500626e-16,99.99999944192066
426|6.013703401919201e-08,4.440892098500626e-16,99.9999992615379
427|2.0521816379570623e-07,0.0,100.0
428|2.399963201504818e-07,0.0,100.0
429|6.1624998437537215e-09,0.0,100.0
430|2.2229881668778262e-07,4.440892098500626e-16,99.99999980022871
431|1.0887666146430774e-07,4.440892098500626e-16,99.99999959211716
432|1.784622907230471e-07,0.0,100.0
433|1.1495736496058839e-07,0.0,100.0
434|1.669705480544792e-07,4.440892098500626e-16,99.9999997340314
435|5.993888141375692e-08,4.440892098500626e-16,99.9999992590966
436|2.885725187695698e-07,0.0,100.0
437|6.276325814624784e-08,0.0,100.0
438|1.423926025978517e-07,4.440892098500626e-16,99.9999996881234
439|2.506972571758581e-07,4.440892098500626e-16,99.99999982285837
440|7.22006827658106e-08,4.440892098500626e-16,99.99999938492381
441|9.878179652034191e-08,4.440892098500626e-16,99.99999955043417
442|2.506114924472058e-07,4.440892098500626e-16,99.99999982279775
443|2.025152725515511e-07,4.440892098500626e-16,99.99999978071322
444|7.253377409810469e-08,0.0,100.0
445|4.69793848267841e-08,0.0,100.0
446|1.5743467107753872e-07,4.440892098500626e-16,99.9999997179216
447|2.4896478167946157e-07,4.440892098500626e-16,99.99999982162569
448|2.700452630399752e-07,0.0,100.0
449|2.053777858890271e-07,0.0,100.0
450|1.4879468457351663e-07,0.0,100.0
451|9.818275614748018e-08,0.0,100.0
452|8.071943424781125e-08,4.440892098500626e-16,99.99999944983607
453|5.73273686299558e-08,0.0,100.0
454|7.73785679974992e-08,0.0,100.0
455|1.1315765124919608e-07,4.440892098500626e-16,99.99999960754823
456|1.1974788627355792e-07,4.440892098500626e-16,99.99999962914652
457|1.850713786666347e-07,4.440892098500626e-16,99.99999976004436
458|2.6883761750085e-07,0.0,100.0
459|1.9653531069252494e-07,0.0,100.0
460|5.995853236129278e-08,4.440892098500626e-16,99.99999925933943
461|4.49106547506517e-08,0.0,100.0
462|2.4323588609931335e-07,0.0,100.0
463|1.1681250366990525e-07,4.440892098500626e-16,99.99999961982734
464|9.779509424490129e-08,0.0,100.0
465|2.3917824432118096e-07,0.0,100.0
466|1.1666369426066581e-07,0.0,100.0
467|1.424935573979269e-07,4.440892098500626e-16,99.99999968834436
468|2.618820666988597e-07,4.440892098500626e-16,99.99999983042397
469|5.607738540192031e-08,0.0,100.0
470|7.260267897990502e-08,0.0,100.0
471|1.0558366847490674e-07,4.440892098500626e-16,99.99999957939593
472|9.326076755300505e-08,0.0,100.0
473|2.091828843475696e-08,0.0,100.0
474|6.047633238637218e-08,0.0,100.0
475|1.5387028540203573e-07,0.0,100.0
476|1.0175441023108078e-07,0.0,100.0
477|9.049853355591608e-08,0.0,100.0
478|1.6282937354006322e-07,0.0,100.0
479|2.8359798687205284e-07,4.440892098500626e-16,99.9999998434089
480|2.4411580801242394e-07,0.0,100.0
481|1.9455781918864545e-07,4.440892098500626e-16,99.99999977174436
482|2.0099355646507888e-07,0.0,100.0
483|1.7234799187804128e-07,0.0,100.0
484|1.3351367300629136e-07,0.0,100.0
485|1.4980519935647862e-07,4.440892098500626e-16,99.99999970355555
486|2.530374394460466e-07,4.440892098500626e-16,99.99999982449664
487|2.4443166868337585e-07,4.440892098500626e-16,99.99999981831765
488|1.1214001949255703e-07,0.0,100.0
489|6.701050070390124e-08,0.0,100.0
490|2.973038850662135e-07,0.0,100.0
491|2.637865237353765e-07,4.440892098500626e-16,99.99999983164825
492|2.1439101560716267e-07,0.0,100.0
493|2.463505301975033e-07,0.0,100.0
494|7.630610365794155e-08,0.0,100.0
495|1.8245087307633412e-07,0.0,100.0
496|1.2564102247480946e-07,0.0,100.0
497|1.3469076831640336e-07,0.0,100.0
498|2.047213620848254e-07,0.0,100.0
499|9.923158739155724e-08,4.440892098500626e-16,99.99999955247193
500|7.404003632416334e-08,4.440892098500626e-16,99.99999940020396
501|3.402613741876337e-07,4.440892098500626e-16,99.99999986948586
502|9.341725659695044e-08,0.0,100.0
503|3.8695542325939414e-08,0.0,100.0
504|1.533681053267344e-07,0.0,100.0
505|3.6227123523246973e-09,0.0,100.0
506|1.9302174969482166e-08,4.440892098500626e-16,99.99999769927891
507|2.462071155839851e-07,0.0,100.0
508|8.946443186275133e-08,4.440892098500626e-16,99.99999950361367
509|9.58232204695264e-09,4.440892098500626e-16,99.99999536553658
510|2.2426434354017033e-07,0.0,100.0
511|1.931439581603911e-07,0.0,100.0
512|8.047329824734106e-08,4.440892098500626e-16,99.99999944815333
513|1.1411873312994203e-07,4.440892098500626e-16,99.99999961085337
514|9.992912364253925e-08,0.0,100.0
515|4.208830528540375e-08,0.0,100.0
516|2.79171835870784e-07,0.0,100.0
517|2.8627863191132974e-08,0.0,100.0
518|8.56807602644949e-09,0.0,100.0
519|8.907799653457005e-08,0.0,100.0
520|4.143101195452914e-08,0.0,100.0
521|9.714135362770548e-08,0.0,100.0
522|1.4713849250114208e-08,0.0,100.0
523|1.8584255956355378e-07,4.440892098500626e-16,99.99999976104009
524|5.252443768810622e-08,4.440892098500626e-16,99.99999915450935
525|1.70361519558071e-07,4.440892098500626e-16,99.9999997393254
526|1.5777181294751585e-07,4.440892098500626e-16,99.99999971852436
527|2.8808342245056906e-07,0.0,100.0
528|3.2517899928308225e-08,4.440892098500626e-16,99.99999863432383
529|1.754732106284962e-07,0.0,100.0
530|5.5535413157059565e-08,4.440892098500626e-16,99.99999920034949
531|3.5493931083152575e-07,0.0,100.0
532|3.703571369584324e-07,4.440892098500626e-16,99.99999988009164
533|5.782398249110088e-08,0.0,100.0
534|2.6485575643775405e-07,4.440892098500626e-16,99.9999998323279
535|2.772641263248943e-07,4.440892098500626e-16,99.99999983983172
536|3.357743940668456e-07,0.0,100.0
537|1.1804845545526632e-08,0.0,100.0
538|1.2924629988475544e-07,4.440892098500626e-16,99.99999965640083
539|3.080732984273027e-07,0.0,100.0
540|1.6283113657422632e-07,4.440892098500626e-16,99.9999997272701
541|8.596486100742595e-08,0.0,100.0
542|2.3762246836867007e-08,0.0,100.0
543|3.424255989870062e-07,4.440892098500626e-16,99.99999987031075
544|2.825993856703235e-07,0.0,100.0
545|2.3232072221546218e-07,4.440892098500626e-16,99.9999998088465
546|4.3904328617117017e-08,8.881784197001252e-16,99.999997977014
547|3.357370306211749e-07,4.440892098500626e-16,99.99999986772707
548|4.23088089007706e-08,0.0,100.0
549|1.36433211395115e-07,4.440892098500626e-16,99.99999967450066
550|2.460979051654988e-07,4.440892098500626e-16,99.99999981954775
551|3.8756841558296173e-07,0.0,100.0
552|4.7365507116481353e-07,0.0,100.0
553|3.074568026839586e-07,4.440892098500626e-16,99.99999985556046
554|3.7157272725352186e-07,4.440892098500626e-16,99.99999988048391
555|2.421416560594025e-07,0.0,100.0
556|1.7944497310296015e-07,4.440892098500626e-16,99.99999975252068
557|1.8102339627290576e-08,0.0,100.0
558|8.232258563722894e-08,0.0,100.0
559|1.2770044577337103e-07,0.0,100.0
560|2.9615954577622006e-08,0.0,100.0
561|6.295385857058022e-08,0.0,100.0
562|2.8591363498975397e-07,4.440892098500626e-16,99.99999984467715
563|2.000646861510802e-07,4.440892098500626e-16,99.99999977802719
564|4.5589587704952805e-07,0.0,100.0
565|2.3262469772689087e-07,0.0,100.0
566|7.255856449006615e-08,4.440892098500626e-16,99.99999938795756
567|8.461499501066783e-08,0.0,100.0
568|8.74430217123745e-08,0.0,100.0
569|1.6272297109765077e-07,2.220446049250313e-16,99.9999998635444
570|1.6370382871500055e-07,0.0,100.0
571|4.3435390839619004e-08,2.220446049250313e-16,99.99999948879335
572|4.5041947949187033e-07,2.220446049250313e-16,99.9999999507027
573|1.493003645158808e-07,0.0,100.0
574|2.800695955151866e-07,2.220446049250313e-16,99.99999992071807
575|4.5738905818382136e-07,2.220446049250313e-16,99.99999995145389
576|3.91319501247267e-08,0.0,100.0
577|4.19060771417179e-07,2.220446049250313e-16,99.99999994701375
578|3.9649979566291904e-07,2.220446049250313e-16,99.99999994399882
579|8.035903542591427e-08,2.220446049250313e-16,99.99999972368433
580|2.847566706876137e-07,0.0,100.0
581|1.0393965377275549e-07,2.220446049250313e-16,99.99999978637162
582|2.995394319249556e-07,2.220446049250313e-16,99.99999992587132
583|5.858668119529398e-07,2.220446049250313e-16,99.99999996209982
584|4.6512342866122935e-07,4.440892098500626e-16,99.99999990452228
585|2.460070813725679e-09,0.0,100.0
586|1.1708208136340659e-07,4.440892098500626e-16,99.99999962070267
587|1.503936912783388e-07,0.0,100.0
588|3.449783609887902e-07,4.440892098500626e-16,99.99999987127042
589|3.5334503589723454e-07,2.220446049250313e-16,99.99999993715927
590|1.0928703275681073e-08,2.220446049250313e-16,99.99999796824382
591|2.1892986623583965e-07,2.220446049250313e-16,99.99999989857729
592|1.7678561148315453e-07,4.440892098500626e-16,99.99999974879788
593|9.757216901107313e-08,2.220446049250313e-16,99.99999977243039
594|7.452269024099678e-09,2.220446049250313e-16,99.99999702044298
595|2.3840197238556016e-07,2.220446049250313e-16,99.99999990686125
596|3.0631701930516897e-07,2.220446049250313e-16,99.9999999275115
597|2.0762901309367976e-07,2.220446049250313e-16,99.99999989305704
598|8.124320771685234e-09,2.220446049250313e-16,99.99999726691485
599|3.071921641506492e-07,2.220446049250313e-16,99.99999992771801
600|1.1502997265822046e-07,2.220446049250313e-16,99.99999980696805
601|4.797365544817467e-07,2.220446049250313e-16,99.9999999537153
602|1.4541365889186864e-08,2.220446049250313e-16,99.99999847301412
603|1.1360649887492968e-07,2.220446049250313e-16,99.99999980454938
604|1.7294313758853264e-07,2.220446049250313e-16,99.99999987160832
605|3.972782649519502e-07,2.220446049250313e-16,99.99999994410854
606|3.718783019301952e-07,2.220446049250313e-16,99.99999994029106
607|1.4881225407492593e-07,2.220446049250313e-16,99.99999985078877
608|3.8358785126035855e-07,4.440892098500626e-16,99.9999998842275
609|1.1433799507187814e-07,2.220446049250313e-16,99.9999998057998
610|5.844800043952603e-07,4.440892098500626e-16,99.99999992401978
611|2.2228682539093825e-07,2.220446049250313e-16,99.99999990010896
612|3.52256725566491e-07,2.220446049250313e-16,99.99999993696512
613|2.557854803519888e-07,2.220446049250313e-16,99.99999991319109
614|6.646190442438638e-08,4.440892098500626e-16,99.9999993318139
615|4.280559284808305e-08,2.220446049250313e-16,99.99999948127198
616|3.1420279755778324e-07,2.220446049250313e-16,99.9999999293308
617|1.7830764198478732e-07,2.220446049250313e-16,99.99999987547106
618|3.540330961726568e-08,4.440892098500626e-16,99.99999874562798
619|3.2910798664076424e-07,2.220446049250313e-16,99.99999993253138
620|1.7275085228973808e-07,2.220446049250313e-16,99.9999998714654
621|2.089105626268406e-07,4.440892098500626e-16,99.99999978742616
622|5.366776578696886e-08,4.440892098500626e-16,99.99999917252153
623|2.4422121747136316e-07,2.220446049250313e-16,99.99999990908054
624|1.279916883589749e-08,2.220446049250313e-16,99.99999826516387
625|1.6926959167662403e-07,2.220446049250313e-16,99.99999986882192
626|2.729013268698566e-07,4.440892098500626e-16,99.99999983727115
627|2.7037861727308155e-08,4.440892098500626e-16,99.99999835752837
628|1.0875252565156757e-07,4.440892098500626e-16,99.99999959165159
629|2.0080830953617124e-07,4.440892098500626e-16,99.99999977884919
630|5.967034866216636e-08,4.440892098500626e-16,99.99999925576233
631|8.095000003649488e-08,2.220446049250313e-16,99.99999972570154
632|1.1912767661215184e-07,4.440892098500626e-16,99.99999962721576
633|2.759595543189164e-07,4.440892098500626e-16,99.99999983907453
634|1.7227362247851374e-07,2.220446049250313e-16,99.99999987110934
635|2.01615715234027e-08,6.661338147750939e-16,99.99999669602236
636|1.7023449672137758e-07,6.661338147750939e-16,99.99999960869634
637|3.8998391360678397e-07,6.661338147750939e-16,99.9999998291894
638|3.451053345315813e-07,4.440892098500626e-16,99.99999987131778
639|3.8489639120342645e-07,4.440892098500626e-16,99.9999998846211
640|7.921518152542717e-08,4.440892098500626e-16,99.99999943938876
641|3.917004853803974e-08,6.661338147750939e-16,99.99999829937966
642|1.5878490122744893e-07,4.440892098500626e-16,99.99999972032025
643|1.4262465697356674e-07,6.661338147750939e-16,99.99999953294625
644|1.1731895277478088e-07,4.440892098500626e-16,99.99999962146849
645|1.0171405762093855e-07,4.440892098500626e-16,99.99999956339445
646|9.039288295653591e-08,4.440892098500626e-16,99.9999995087122
647|2.628005257854227e-07,4.440892098500626e-16,99.99999983101662
648|1.1041318526139321e-08,6.661338147750939e-16,99.99999396689975
649|1.5696547306376374e-07,6.661338147750939e-16,99.99999957561762
650|2.415716373604937e-07,6.661338147750939e-16,99.99999972424999
651|5.666376479140922e-08,8.881784197001252e-16,99.99999843254605
652|1.9559199593288668e-08,6.661338147750939e-16,99.99999659426854
653|4.683705556729478e-08,4.440892098500626e-16,99.99999905184217
654|5.876980342378602e-07,6.661338147750939e-16,99.99999988665373
655|1.2104864621775846e-07,6.661338147750939e-16,99.99999944969743
656|2.840594781616801e-08,6.661338147750939e-16,99.99999765494952
657|2.0013825796638685e-07,6.661338147750939e-16,99.99999966716318
658|1.2213183708809083e-07,4.440892098500626e-16,99.99999963638538
659|7.712314120666974e-08,6.661338147750939e-16,99.99999913627245
660|1.699080875994241e-08,6.661338147750939e-16,99.9999960794461
661|1.2866457765881023e-07,8.881784197001252e-16,99.99999930969469
662|1.4446770180143176e-07,8.881784197001252e-16,99.99999938520624
663|6.878913394459119e-08,1.1102230246251565e-15,99.99999838604884
664|7.118482869827858e-08,1.1102230246251565e-15,99.99999844036567
665|8.244621430009147e-09,6.661338147750939e-16,99.99999192038324
666|1.0429564945013681e-07,8.881784197001252e-16,99.99999914840319
667|5.222906214186196e-07,6.661338147750939e-16,99.99999987245917
668|2.469998525711503e-07,8.881784197001252e-16,99.99999964041338
669|1.779283462788328e-07,1.3322676295501878e-15,99.99999925123362
670|1.4106735068963872e-07,6.661338147750939e-16,99.99999952779022
671|2.482631087374898e-07,1.1102230246251565e-15,99.99999955280387
672|1.8975836013623848e-08,1.1102230246251565e-15,99.99999414928004
673|2.471039972640199e-07,1.1102230246251565e-15,99.99999955070616
674|1.463283849645336e-07,1.1102230246251565e-15,99.9999992412798
675|1.9639502912838225e-08,8.881784197001252e-16,99.99999547759217
676|3.779555113325728e-08,1.1102230246251565e-15,99.99999706255633
677|5.266229985423365e-08,1.1102230246251565e-15,99.9999978918068
678|3.071937926257817e-07,1.1102230246251565e-15,99.99999963859197
679|4.151556920461985e-08,1.1102230246251565e-15,99.99999732576707
680|4.087097855709487e-07,1.1102230246251565e-15,99.99999972835909
681|2.593549170981646e-07,1.3322676295501878e-15,99.99999948631488
682|1.4624422250975044e-07,1.3322676295501878e-15,99.99999908901178
683|1.3274952692654551e-07,1.1102230246251565e-15,99.99999916367082
684|1.8672445856182662e-07,1.1102230246251565e-15,99.99999940542175
685|4.506252588853954e-07,1.5543122344752192e-15,99.99999965507654
686|2.598320056890202e-07,1.5543122344752192e-15,99.99999940180109
687|1.3736602078040505e-08,1.3322676295501878e-15,99.99999030133054
688|2.821031985789091e-08,1.3322676295501878e-15,99.99999527737496
689|2.841133328601586e-08,1.3322676295501878e-15,99.99999531078807
690|9.623732655228423e-08,1.3322676295501878e-15,99.99999861564356
691|6.546612896229931e-08,1.5543122344752192e-15,99.99999762577647
692|1.2712360364375286e-07,1.3322676295501878e-15,99.99999895199035
693|9.565481695616995e-08,1.5543122344752192e-15,99.99999837508211
694|6.148241782355512e-08,1.5543122344752192e-15,99.99999747194029
695|9.289617475261025e-08,1.5543122344752192e-15,99.99999832682859
696|1.1614979777974099e-07,1.5543122344752192e-15,99.99999866180376
697|4.4231742002409646e-07,1.5543122344752192e-15,99.999999648598
698|3.2485667933457307e-07,1.3322676295501878e-15,99.99999958989065
699|2.532857172887759e-07,1.5543122344752192e-15,99.99999938634035
700|8.494991066143598e-08,1.5543122344752192e-15,99.99999817031916
701|1.913920306684247e-07,1.7763568394002505e-15,99.99999907187524
702|2.8840819199515977e-07,1.7763568394002505e-15,99.99999938408239
703|1.3709198132261236e-07,1.7763568394002505e-15,99.99999870425913
704|6.718167968600142e-07,1.7763568394002505e-15,99.9999997355891
705|4.109944304886426e-07,1.7763568394002505e-15,99.99999956779054
706|2.024858369864546e-08,1.7763568394002505e-15,99.99999122725389
707|3.079159291985434e-07,1.9984014443252818e-15,99.99999935099122
708|1.02214051889149e-07,1.9984014443252818e-15,99.9999980448858
709|2.3248041181034296e-07,1.9984014443252818e-15,99.99999914040008
710|5.38203632327594e-07,1.9984014443252818e-15,99.99999962869046
711|4.221424778627636e-07,2.220446049250313e-15,99.99999947400553
712|3.776536816602061e-08,2.220446049250313e-15,99.99999412041731
713|2.636119327270592e-07,2.220446049250313e-15,99.99999915768379
714|1.925534953706176e-07,2.220446049250313e-15,99.99999884684199
715|2.644454895062154e-07,2.220446049250313e-15,99.99999916033885
716|3.572405971041803e-08,2.220446049250313e-15,99.99999378445209
717|5.140015137961029e-07,2.220446049250313e-15,99.99999956800788
718|1.4388791802488754e-07,2.220446049250313e-15,99.99999845682245
719|1.0642676961936104e-08,2.4424906541753444e-15,99.99997705003484
720|2.7533264157497683e-07,2.4424906541753444e-15,99.99999911289463
721|1.7274295194269484e-07,2.4424906541753444e-15,99.99999858605482
722|5.898856878516767e-07,2.4424906541753444e-15,99.99999958593831
723|7.737506635407954e-09,2.4424906541753444e-15,99.99996843310424
724|1.7852016398478554e-07,2.886579864025407e-15,99.99999838305108
725|1.9365955306049898e-07,2.6645352591003757e-15,99.9999986241137
726|4.140205132063812e-07,2.886579864025407e-15,99.99999930279303
727|1.5779102868762607e-07,2.886579864025407e-15,99.99999817063119
728|1.158027251868532e-07,3.1086244689504383e-15,99.99999731558609
729|1.0325988064607827e-07,2.886579864025407e-15,99.99999720454852
730|4.2965580338005793e-07,3.1086244689504383e-15,99.99999927648493
731|3.221498052763394e-07,2.886579864025407e-15,99.99999910396349
732|1.4812145976428326e-07,3.1086244689504383e-15,99.9999979013004
733|4.60116950540268e-07,3.1086244689504383e-15,99.99999932438384
734|1.6652519607696092e-07,3.1086244689504383e-15,99.99999813324077
735|1.6196198648898985e-07,3.3306690738754696e-15,99.99999794354889
736|4.664912887086814e-07,3.3306690738754696e-15,99.99999928601687
737|3.786355500245975e-07,3.1086244689504383e-15,99.99999917899298
738|6.652785433658437e-08,3.3306690738754696e-15,99.99999499357207
739|2.9116845201571095e-07,3.3306690738754696e-15,99.99999885610235
740|3.504315748692477e-07,3.3306690738754696e-15,99.99999904955223
741|4.6993518276750024e-07,3.552713678800501e-15,99.99999924399921
742|1.8069901064343696e-07,3.552713678800501e-15,99.9999980339053
743|1.321254656794224e-07,3.552713678800501e-15,99.99999731110603
744|1.5430417144024489e-07,3.552713678800501e-15,99.99999769759064
745|6.382962918216606e-07,3.552713678800501e-15,99.99999944340681
746|2.562157488394945e-07,3.3306690738754696e-15,99.99999870005294
747|6.536022234548966e-08,3.774758283725532e-15,99.99999422468568
748|3.014214347007993e-07,3.774758283725532e-15,99.99999874768088
749|3.6321544083506296e-07,3.552713678800501e-15,99.99999902187152
750|5.205841195898842e-07,3.774758283725532e-15,99.99999927489945
751|1.3664747888775253e-07,3.9968028886505635e-15,99.99999707509943
752|5.464704266877618e-08,3.9968028886505635e-15,99.99999268614971
753|7.69850849735576e-10,3.9968028886505635e-15,99.9994808341265
754|9.406951884116665e-09,4.218847493575595e-15,99.9999551518117
755|1.8506517829308677e-07,3.9968028886505635e-15,99.9999978403269
756|6.280862532292986e-07,3.9968028886505635e-15,99.99999936365381
757|6.531117555663712e-07,4.218847493575595e-15,99.99999935403896
758|3.3709886371191544e-07,4.218847493575595e-15,99.99999874848362
759|2.5756095900497655e-07,4.440892098500626e-15,99.99999827578989
760|7.322637911588714e-07,4.440892098500626e-15,99.9999993935393
761|1.9321208521994038e-07,4.6629367034256575e-15,99.99999758662265
762|3.417051410714578e-07,4.6629367034256575e-15,99.9999986353917
763|3.2951119099955406e-07,4.440892098500626e-15,99.99999865227882
764|5.747164877334399e-07,4.884981308350689e-15,99.99999915001894
765|1.9311490051521218e-07,4.6629367034256575e-15,99.99999758540812
766|3.699987289884632e-07,4.884981308350689e-15,99.99999867973024
767|2.6754011672736056e-08,4.884981308350689e-15,99.9999817411259
768|1.5501783834359628e-07,5.10702591327572e-15,99.99999670552371
769|1.1155667500872823e-08,4.884981308350689e-15,99.99995621076634
770|1.0121010252106544e-08,5.329070518200751e-15,99.99994734645668
771|4.886509337165279e-07,5.10702591327572e-15,99.99999895487237
772|5.902969903992528e-07,5.329070518200751e-15,99.99999909722214
773|1.5225395944007403e-07,5.329070518200751e-15,99.99999649988051
774|2.060940995640692e-07,5.329070518200751e-15,99.99999741425371
775|9.049830840268669e-08,5.329070518200751e-15,99.99999411141422
776|3.11094181970617e-07,5.329070518200751e-15,99.99999828699126
777|3.2466748911552656e-07,5.551115123125783e-15,99.99999829021527
778|6.356832504827992e-08,5.551115123125783e-15,99.99999126748247
779|3.2691686935315545e-07,5.551115123125783e-15,99.9999983019796
780|3.189727333374748e-07,5.551115123125783e-15,99.99999825968976
781|6.364815070547536e-07,5.773159728050814e-15,99.9999990929572
782|1.682988535200991e-07,5.773159728050814e-15,99.99999656969753
783|1.1392190968351201e-08,5.773159728050814e-15,99.99994932353448
784|7.0077470493146166e-09,5.773159728050814e-15,99.9999176174641
785|5.53197689878715e-08,5.995204332975845e-15,99.99998916263672
786|6.626518955776817e-08,5.773159728050814e-15,99.99999128779415
787|2.031694317228272e-07,5.995204332975845e-15,99.99999704916026
788|3.0214779522808044e-07,5.995204332975845e-15,99.99999801580404
789|5.579936475097469e-07,5.995204332975845e-15,99.9999989255784
790|4.062896497014634e-07,5.995204332975845e-15,99.9999985244014
791|2.3506455315569497e-07,6.217248937900877e-15,99.9999973550887
792|2.281934561310095e-07,5.995204332975845e-15,99.99999737275361
793|1.299790672870671e-07,6.439293542825908e-15,99.99999504589957
794|3.1002068578978026e-07,6.439293542825908e-15,99.99999792294713
795|2.580002178564911e-07,6.439293542825908e-15,99.99999750415189
796|1.4780925172708237e-07,6.661338147750939e-15,99.99999549328741
797|1.3172547808082413e-07,6.661338147750939e-15,99.99999494301464
798|6.522880626746996e-07,6.661338147750939e-15,99.99999897877356
799|1.8327018014296925e-07,6.439293542825908e-15,99.99999648644774
800|3.739005525194017e-07,6.661338147750939e-15,99.99999821841982
801|2.1126599736298601e-07,6.8833827526759706e-15,99.99999674184069
802|8.404789153537706e-08,6.8833827526759706e-15,99.99999181016605
803|4.0267136691696237e-07,6.8833827526759706e-15,99.99999829057059
804|2.5176551954331217e-08,7.105427357601002e-15,99.99997177759937
805|2.700679302414244e-07,7.105427357601002e-15,99.99999736902217
806|4.804099644761806e-07,6.8833827526759706e-15,99.99999856718568
807|1.6098924882079757e-07,7.105427357601002e-15,99.99999558639635
808|5.182294264827192e-07,7.105427357601002e-15,99.99999862890314
809|8.236242177162012e-08,7.105427357601002e-15,99.99999137297422
810|2.755747319227453e-08,7.105427357601002e-15,99.99997421596926
811|4.769177430752336e-07,7.105427357601002e-15,99.99999851013567
812|8.819629513379112e-07,7.327471962526033e-15,99.99999916918597
813|1.3439520785141212e-07,7.105427357601002e-15,99.99999471303518
814|2.2507278885086635e-07,7.327471962526033e-15,99.999996744399
815|3.1030626712613696e-07,7.327471962526033e-15,99.9999976386323
816|2.0440840486912748e-07,7.549516567451064e-15,99.99999630665062
817|5.165546415053512e-07,7.549516567451064e-15,99.99999853848635
818|7.226886533651111e-07,7.549516567451064e-15,99.99999895535699
819|3.552105540816086e-07,7.549516567451064e-15,99.9999978746362
820|4.743924062466931e-07,7.549516567451064e-15,99.99999840859245
821|1.3723177705315948e-07,7.771561172376096e-15,99.99999433690844
822|8.177216326288317e-08,7.993605777301127e-15,99.99999022453919
823|9.637760056691036e-08,7.549516567451064e-15,99.99999216673115
824|2.159692322756257e-07,7.549516567451064e-15,99.99999650435551
825|4.465366891803768e-07,7.771561172376096e-15,99.99999825959179
826|2.2322843418187688e-07,7.771561172376096e-15,99.99999651856126
827|4.19878431801024e-07,7.771561172376096e-15,99.99999814909255
828|5.493860835148467e-07,7.771561172376096e-15,99.9999985854099
829|2.3940849325221336e-07,7.771561172376096e-15,99.999996753849
830|1.6867583796376096e-07,7.771561172376096e-15,99.99999539260557
831|3.6526029889571987e-07,7.771561172376096e-15,99.99999787232251
832|2.0992096327887566e-07,7.993605777301127e-15,99.99999619208789
833|3.60815572753026e-07,7.993605777301127e-15,99.99999778457295
834|8.081951916594221e-07,8.43769498715119e-15,99.99999895598303
835|4.983126349333844e-07,7.993605777301127e-15,99.99999839586532
836|2.5842093509531594e-07,7.993605777301127e-15,99.99999690674993
837|8.398861712777261e-07,8.43769498715119e-15,99.99999899537636
838|6.554001485969962e-07,7.993605777301127e-15,99.99999878034727
839|4.158980422275249e-07,8.43769498715119e-15,99.9999979712107
840|4.2059929650228867e-07,8.43769498715119e-15,99.99999799388752
841|5.989897207125949e-07,8.43769498715119e-15,99.99999859134562
842|6.384525055302959e-07,8.43769498715119e-15,99.99999867841461
843|3.13354296954671e-07,7.993605777301127e-15,99.9999974490199
844|2.6718799861491505e-07,8.43769498715119e-15,99.99999684203817
845|1.6452929374466407e-07,8.43769498715119e-15,99.99999487161539
846|4.8296579624462765e-08,8.43769498715119e-15,99.99998252941502
847|2.3217162858912843e-08,8.43769498715119e-15,99.99996365751045
848|9.806386258581767e-08,8.881784197001252e-15,99.99999094285707
849|4.4220880468515134e-07,8.43769498715119e-15,99.99999809192063
850|1.240808693570017e-07,7.993605777301127e-15,99.99999355774519
851|5.022169848878377e-07,7.993605777301127e-15,99.99999840833624
852|2.2785277775660973e-07,8.43769498715119e-15,99.99999629686543
853|3.717337717645819e-07,8.43769498715119e-15,99.99999773017798
854|7.488750264350585e-08,8.43769498715119e-15,99.99998873283967
855|4.01949982187233e-07,8.43769498715119e-15,99.99999790080972
856|3.590495609717692e-07,7.993605777301127e-15,99.99999777367621
857|6.032286625767824e-08,8.43769498715119e-15,99.99998601244353
858|5.444608341953483e-08,8.881784197001252e-15,99.9999836870099
859|2.9575768123457635e-07,8.43769498715119e-15,99.99999714709185
860|5.1145867097091013e-08,8.881784197001252e-15,99.99998263440489
861|2.8953187758418153e-07,8.43769498715119e-15,99.99999708574578
862|1.0988087106866828e-07,8.881784197001252e-15,99.9999919168968
863|8.785737048988551e-08,8.43769498715119e-15,99.99999039614441
864|3.3955203337932005e-07,8.43769498715119e-15,99.99999751505096
865|6.385345800996589e-07,8.881784197001252e-15,99.99999860903631
866|3.615976786885966e-07,8.43769498715119e-15,99.99999766655168
867|1.333620591736917e-08,8.881784197001252e-15,99.99993340096687
868|4.6967269384801114e-07,8.43769498715119e-15,99.99999820349467
869|5.501774174021534e-07,8.881784197001252e-15,99.9999983856509
870|2.163796852805433e-07,8.881784197001252e-15,99.99999589527816
871|8.072475066178697e-08,8.881784197001252e-15,99.99998899744611
872|4.5840108331418605e-07,8.881784197001252e-15,99.99999806244259
873|2.52937169431533e-07,8.881784197001252e-15,99.99999648854131
874|9.518619337178791e-08,8.881784197001252e-15,99.99999066904151
875|7.854536343554486e-07,8.881784197001252e-15,99.99999886921597
876|1.2087707101926526e-07,8.881784197001252e-15,99.99999265221756
877|6.494791435773806e-07,8.881784197001252e-15,99.99999863247584
878|5.275305388074969e-07,8.881784197001252e-15,99.99999831634692
879|5.950402000021171e-07,8.881784197001252e-15,99.99999850736401
880|4.541589821993597e-07,8.881784197001252e-15,99.99999804434471
881|5.854526143878047e-07,9.325873406851315e-15,99.99999840706606
882|2.2849500380672794e-07,8.43769498715119e-15,99.99999630727375
883|6.501881699705336e-07,8.881784197001252e-15,99.99999863396712
884|6.549969120417387e-07,8.881784197001252e-15,99.99999864399602
885|4.133965909591808e-07,9.325873406851315e-15,99.99999774408556
886|3.0919653748462395e-07,8.43769498715119e-15,99.99999727109008
887|2.7332769292343073e-07,8.881784197001252e-15,99.9999967504997
888|2.509536285444369e-07,9.325873406851315e-15,99.99999628382604
