OneBody2_E-0.25_ecc0.4_EU1.txt
initial value : [x, y, v_x, v_y] = [1.20,0.00,0.00,1.08] , numerical interval dt = 0.02000 , [M, m] = [ 1, 1]

num|geodesic|
num|newtonian
num|degree, x, y, simple error, relative error
  1|0.000000,1.200000,0.000000,0.000000,0.000000
  2|0.018000,1.200000,0.021602,0.000056,0.004629
  3|0.035999,1.199583,0.043202,0.000639,0.053225
  4|0.053995,1.198889,0.064797,0.001611,0.134184
  5|0.071985,1.197917,0.086382,0.002972,0.247450
  6|0.089969,1.196668,0.107954,0.004721,0.392940
  7|0.107943,1.195141,0.129511,0.006858,0.570549
  8|0.125907,1.193337,0.151048,0.009383,0.780146
  9|0.143857,1.191257,0.172563,0.012295,1.021578
 10|0.161793,1.188900,0.194052,0.015594,1.294668
 11|0.179713,1.186268,0.215513,0.019279,1.599216
 12|0.197614,1.183360,0.236940,0.023350,1.934999
 13|0.215494,1.180178,0.258332,0.027805,2.301771
 14|0.233352,1.176721,0.279686,0.032644,2.699265
 15|0.251186,1.172991,0.300996,0.037866,3.127191
 16|0.268994,1.168988,0.322262,0.043470,3.585240
 17|0.286775,1.164713,0.343478,0.049454,4.073080
 18|0.304525,1.160167,0.364642,0.055818,4.590361
 19|0.322245,1.155351,0.385751,0.062561,5.136713
 20|0.339931,1.150265,0.406802,0.069680,5.711747
 21|0.357583,1.144911,0.427791,0.077175,6.315056
 22|0.375197,1.139290,0.448714,0.085045,6.946215
 23|0.392774,1.133402,0.469570,0.093287,7.604782
 24|0.410311,1.127249,0.490354,0.101900,8.290300
 25|0.427806,1.120833,0.511064,0.110883,9.002296
 26|0.445257,1.114154,0.531695,0.120233,9.740283
 27|0.462664,1.107214,0.552246,0.129949,10.503758
 28|0.480025,1.100013,0.572714,0.140028,11.292207
 29|0.497337,1.092555,0.593094,0.150469,12.105102
 30|0.514600,1.084839,0.613384,0.161270,12.941906
 31|0.531812,1.076869,0.633580,0.172429,13.802068
 32|0.548972,1.068644,0.653681,0.183943,14.685029
 33|0.566078,1.060167,0.673682,0.195810,15.590221
 34|0.583128,1.051440,0.693581,0.208027,16.517066
 35|0.600122,1.042464,0.713375,0.220593,17.464979
 36|0.617058,1.033241,0.733060,0.233504,18.433371
 37|0.633934,1.023773,0.752635,0.246758,19.421642
 38|0.650750,1.014062,0.772095,0.260353,20.429191
 39|0.667504,1.004110,0.791439,0.274285,21.455411
 40|0.684195,0.993919,0.810663,0.288552,22.499691
 41|0.700822,0.983490,0.829765,0.303151,23.561418
 42|0.717383,0.972827,0.848741,0.318079,24.639976
 43|0.733878,0.961931,0.867590,0.333333,25.734750
 44|0.750305,0.950804,0.886308,0.348910,26.845120
 45|0.766664,0.939449,0.904892,0.364806,27.970471
 46|0.782953,0.927867,0.923341,0.381019,29.110186
 47|0.799171,0.916062,0.941651,0.397546,30.263649
 48|0.815318,0.904036,0.959819,0.414382,31.430248
 49|0.831393,0.891790,0.977845,0.431525,32.609372
 50|0.847394,0.879328,0.995724,0.448971,33.800416
 51|0.863322,0.866653,1.013454,0.466716,35.002775
 52|0.879174,0.853765,1.031034,0.484757,36.215852
 53|0.894951,0.840669,1.048460,0.503091,37.439054
 54|0.910651,0.827367,1.065731,0.521714,38.671792
 55|0.926274,0.813861,1.082843,0.540621,39.913486
 56|0.941820,0.800154,1.099796,0.559810,41.163561
 57|0.957287,0.786250,1.116586,0.579275,42.421448
 58|0.972676,0.772149,1.133212,0.599015,43.686588
 59|0.987985,0.757857,1.149671,0.619024,44.958427
 60|1.003214,0.743374,1.165962,0.639298,46.236422
 61|1.018362,0.728705,1.182082,0.659835,47.520036
 62|1.033430,0.713852,1.198029,0.680628,48.808743
 63|1.048417,0.698818,1.213803,0.701675,50.102026
 64|1.063322,0.683605,1.229400,0.722972,51.399376
 65|1.078144,0.668218,1.244818,0.744514,52.700295
 66|1.092885,0.652658,1.260058,0.766296,54.004294
 67|1.107543,0.636929,1.275115,0.788316,55.310896
 68|1.122118,0.621034,1.289990,0.810568,56.619632
 69|1.136610,0.604977,1.304679,0.833049,57.930045
 70|1.151019,0.588759,1.319183,0.855753,59.241688
 71|1.165344,0.572384,1.333498,0.878677,60.554126
 72|1.179586,0.555855,1.347625,0.901817,61.866934
 73|1.193745,0.539175,1.361561,0.925167,63.179698
 74|1.207819,0.522348,1.375305,0.948725,64.492014
 75|1.221810,0.505377,1.388856,0.972484,65.803491
 76|1.235717,0.488264,1.402212,0.996441,67.113748
 77|1.249541,0.471013,1.415373,1.020592,68.422415
 78|1.263280,0.453627,1.428337,1.044932,69.729133
 79|1.276936,0.436109,1.441103,1.069457,71.033555
 80|1.290509,0.418462,1.453671,1.094162,72.335344
 81|1.303998,0.400690,1.466039,1.119042,73.634175
 82|1.317403,0.382795,1.478206,1.144094,74.929732
 83|1.330726,0.364781,1.490171,1.169313,76.221711
 84|1.343965,0.346652,1.501934,1.194694,77.509819
 85|1.357122,0.328409,1.513494,1.220234,78.793774
 86|1.370196,0.310056,1.524850,1.245927,80.073302
 87|1.383187,0.291597,1.536002,1.271770,81.348142
 88|1.396097,0.273034,1.546949,1.297757,82.618043
 89|1.408925,0.254371,1.557689,1.323885,83.882762
 90|1.421671,0.235611,1.568224,1.350148,85.142068
 91|1.434336,0.216757,1.578552,1.376544,86.395738
 92|1.446920,0.197812,1.588673,1.403067,87.643561
 93|1.459424,0.178778,1.598586,1.429713,88.885333
 94|1.471847,0.159661,1.608292,1.456478,90.120860
 95|1.484191,0.140461,1.617790,1.483357,91.349959
 96|1.496455,0.121183,1.627079,1.510346,92.572452
 97|1.508640,0.101829,1.636160,1.537441,93.788172
 98|1.520747,0.082402,1.645032,1.564638,94.996962
 99|1.532775,0.062906,1.653695,1.591933,96.198671
100|1.544726,0.043343,1.662149,1.619320,97.393156
101|1.556599,0.023717,1.670395,1.646797,98.580283
102|1.568396,0.004029,1.678432,1.674359,99.759926
103|1.580116,-0.015716,1.686260,1.670570,99.068035
104|1.591760,-0.035515,1.693879,1.658690,97.903712
105|1.603329,-0.055367,1.701290,1.646779,96.747208
106|1.614823,-0.075268,1.708492,1.634838,95.598622
107|1.626243,-0.095216,1.715487,1.622870,94.458045
108|1.637589,-0.115206,1.722273,1.610875,93.325562
109|1.648861,-0.135238,1.728851,1.598856,92.201250
110|1.660061,-0.155307,1.735223,1.586814,91.085181
111|1.671189,-0.175411,1.741387,1.574752,89.977423
112|1.682244,-0.195548,1.747345,1.562669,88.878034
113|1.693229,-0.215715,1.753096,1.550569,87.787070
114|1.704143,-0.235909,1.758642,1.538453,86.704580
115|1.714987,-0.256127,1.763983,1.526322,85.630609
116|1.725761,-0.276367,1.769118,1.514178,84.565196
117|1.736467,-0.296626,1.774050,1.502022,83.508375
118|1.747104,-0.316902,1.778778,1.489857,82.460175
119|1.757673,-0.337192,1.783302,1.477683,81.420623
120|1.768175,-0.357494,1.787625,1.465502,80.389738
121|1.778611,-0.377805,1.791745,1.453315,79.367537
122|1.788980,-0.398123,1.795664,1.441124,78.354034
123|1.799284,-0.418445,1.799383,1.428931,77.349237
124|1.809523,-0.438769,1.802902,1.416737,76.353152
125|1.819698,-0.459092,1.806222,1.404543,75.365779
126|1.829809,-0.479413,1.809344,1.392351,74.387118
127|1.839857,-0.499728,1.812269,1.380161,73.417163
128|1.849842,-0.520036,1.814996,1.367977,72.455905
129|1.859766,-0.540334,1.817528,1.355798,71.503335
130|1.869628,-0.560621,1.819865,1.343626,70.559438
131|1.879429,-0.580893,1.822008,1.331462,69.624198
132|1.889170,-0.601150,1.823958,1.319309,68.697595
133|1.898851,-0.621388,1.825715,1.307166,67.779608
134|1.908474,-0.641605,1.827280,1.295036,66.870212
135|1.918037,-0.661800,1.828656,1.282919,65.969382
136|1.927543,-0.681970,1.829841,1.270817,65.077089
137|1.936992,-0.702114,1.830838,1.258731,64.193302
138|1.946384,-0.722229,1.831648,1.246662,63.317990
139|1.955720,-0.742313,1.832271,1.234612,62.451119
140|1.965000,-0.762365,1.832708,1.222581,61.592652
141|1.974225,-0.782382,1.832960,1.210570,60.742553
142|1.983396,-0.802363,1.833029,1.198582,59.900782
143|1.992513,-0.822306,1.832916,1.186616,59.067300
144|2.001576,-0.842209,1.832621,1.174675,58.242064
145|2.010587,-0.862070,1.832145,1.162758,57.425031
146|2.019546,-0.881887,1.831490,1.150868,56.616159
147|2.028453,-0.901659,1.830657,1.139005,55.815400
148|2.037309,-0.921384,1.829646,1.127170,55.022710
149|2.046114,-0.941061,1.828460,1.115365,54.238042
150|2.054869,-0.960686,1.827098,1.103590,53.461346
151|2.063575,-0.980260,1.825562,1.091846,52.692574
152|2.072232,-0.999780,1.823854,1.080134,51.931677
153|2.080841,-1.019244,1.821974,1.068455,51.178605
154|2.089402,-1.038652,1.819924,1.056811,50.433306
155|2.097915,-1.058001,1.817704,1.045202,49.695729
156|2.106382,-1.077290,1.815316,1.033629,48.965822
157|2.114802,-1.096518,1.812761,1.022092,48.243533
158|2.123177,-1.115682,1.810040,1.010594,47.528808
159|2.131506,-1.134783,1.807154,0.999134,46.821594
160|2.139791,-1.153817,1.804104,0.987713,46.121838
161|2.148032,-1.172784,1.800892,0.976333,45.429486
162|2.156228,-1.191683,1.797519,0.964994,44.744484
163|2.164382,-1.210512,1.793986,0.953697,44.066777
164|2.172493,-1.229269,1.790293,0.942443,43.396311
165|2.180561,-1.247954,1.786443,0.931232,42.733032
166|2.188588,-1.266564,1.782437,0.920066,42.076884
167|2.196573,-1.285100,1.778275,0.908945,41.427813
168|2.204518,-1.303559,1.773959,0.897870,40.785765
169|2.212423,-1.321941,1.769489,0.886841,40.150684
170|2.220287,-1.340243,1.764868,0.875860,39.522516
171|2.228112,-1.358466,1.760097,0.864926,38.901206
172|2.235899,-1.376607,1.755176,0.854042,38.286700
173|2.243646,-1.394666,1.750106,0.843207,37.678943
174|2.251356,-1.412641,1.744890,0.832422,37.077881
175|2.259028,-1.430532,1.739527,0.821687,36.483460
176|2.266663,-1.448337,1.734020,0.811005,35.895626
177|2.274262,-1.466055,1.728370,0.800374,35.314325
178|2.281824,-1.483685,1.722577,0.789796,34.739504
179|2.289350,-1.501226,1.716643,0.779271,34.171110
180|2.296841,-1.518678,1.710569,0.768801,33.609089
181|2.304297,-1.536039,1.704356,0.758385,33.053389
182|2.311719,-1.553307,1.698006,0.748024,32.503957
183|2.319107,-1.570483,1.691520,0.737718,31.960742
184|2.326460,-1.587565,1.684898,0.727469,31.423692
185|2.333781,-1.604552,1.678142,0.717277,30.892755
186|2.341068,-1.621444,1.671253,0.707142,30.367880
187|2.348324,-1.638239,1.664233,0.697065,29.849017
188|2.355547,-1.654937,1.657082,0.687047,29.336114
189|2.362738,-1.671536,1.649802,0.677088,28.829123
190|2.369898,-1.688036,1.642394,0.667188,28.327993
191|2.377028,-1.704437,1.634859,0.657348,27.832675
192|2.384126,-1.720736,1.627198,0.647568,27.343122
193|2.391195,-1.736934,1.619412,0.637850,26.859283
194|2.398234,-1.753029,1.611503,0.628193,26.381111
195|2.405243,-1.769021,1.603471,0.618598,25.908560
196|2.412224,-1.784909,1.595319,0.609065,25.441581
197|2.419176,-1.800693,1.587046,0.599595,24.980127
198|2.426100,-1.816371,1.578654,0.590188,24.524154
199|2.432995,-1.831943,1.570145,0.580845,24.073615
200|2.439863,-1.847408,1.561519,0.571567,23.628464
201|2.446704,-1.862765,1.552778,0.562352,23.188658
202|2.453519,-1.878015,1.543922,0.553203,22.754151
203|2.460306,-1.893155,1.534954,0.544119,22.324899
204|2.467068,-1.908186,1.525873,0.535101,21.900859
205|2.473803,-1.923106,1.516681,0.526149,21.481989
206|2.480513,-1.937915,1.507380,0.517263,21.068245
207|2.487198,-1.952614,1.497970,0.508444,20.659585
208|2.493859,-1.967199,1.488452,0.499693,20.255969
209|2.500494,-1.981673,1.478828,0.491009,19.857354
210|2.507106,-1.996033,1.469098,0.482393,19.463700
211|2.513694,-2.010279,1.459265,0.473846,19.074967
212|2.520258,-2.024410,1.449328,0.465367,18.691115
213|2.526799,-2.038427,1.439289,0.456957,18.312105
214|2.533317,-2.052328,1.429150,0.448617,17.937898
215|2.539812,-2.066113,1.418910,0.440346,17.568456
216|2.546286,-2.079781,1.408572,0.432145,17.203742
217|2.552737,-2.093332,1.398136,0.424015,16.843716
218|2.559166,-2.106765,1.387604,0.415955,16.488344
219|2.565574,-2.120081,1.376976,0.407966,16.137588
220|2.571962,-2.133277,1.366254,0.400048,15.791413
221|2.578328,-2.146355,1.355438,0.392201,15.449782
222|2.584674,-2.159313,1.344530,0.384427,15.112662
223|2.590999,-2.172151,1.333531,0.376724,14.780016
224|2.597305,-2.184868,1.322442,0.369094,14.451812
225|2.603591,-2.197465,1.311263,0.361536,14.128016
226|2.609858,-2.209940,1.299997,0.354051,13.808595
227|2.616105,-2.222293,1.288643,0.346639,13.493515
228|2.622334,-2.234524,1.277204,0.339301,13.182744
229|2.628544,-2.246633,1.265680,0.332036,12.876252
230|2.634736,-2.258618,1.254072,0.324845,12.574006
231|2.640911,-2.270480,1.242381,0.317728,12.275975
232|2.647067,-2.282218,1.230608,0.310685,11.982129
233|2.653206,-2.293832,1.218754,0.303717,11.692439
234|2.659327,-2.305321,1.206821,0.296823,11.406874
235|2.665432,-2.316685,1.194809,0.290005,11.125405
236|2.671520,-2.327924,1.182719,0.283262,10.848003
237|2.677592,-2.339038,1.170552,0.276594,10.574641
238|2.683647,-2.350025,1.158310,0.270001,10.305291
239|2.689687,-2.360886,1.145993,0.263485,10.039924
240|2.695710,-2.371620,1.133603,0.257044,9.778515
241|2.701719,-2.382227,1.121139,0.250680,9.521036
242|2.707712,-2.392707,1.108604,0.244392,9.267461
243|2.713690,-2.403060,1.095999,0.238181,9.017765
244|2.719654,-2.413284,1.083323,0.232046,8.771923
245|2.725603,-2.423380,1.070579,0.225989,8.529909
246|2.731538,-2.433348,1.057767,0.220008,8.291699
247|2.737459,-2.443187,1.044889,0.214105,8.057268
248|2.743366,-2.452896,1.031944,0.208279,7.826594
249|2.749260,-2.462476,1.018935,0.202531,7.599653
250|2.755140,-2.471927,1.005862,0.196861,7.376422
251|2.761007,-2.481248,0.992726,0.191269,7.156879
252|2.766862,-2.490438,0.979528,0.185755,6.941001
253|2.772704,-2.499498,0.966269,0.180319,6.728767
254|2.778533,-2.508427,0.952950,0.174961,6.520156
255|2.784351,-2.517226,0.939573,0.169682,6.315146
256|2.790156,-2.525893,0.926137,0.164482,6.113717
257|2.795950,-2.534429,0.912644,0.159361,5.915850
258|2.801732,-2.542833,0.899094,0.154318,5.721523
259|2.807503,-2.551105,0.885490,0.149355,5.530718
260|2.813263,-2.559245,0.871831,0.144471,5.343416
261|2.819012,-2.567253,0.858119,0.139666,5.159599
262|2.824751,-2.575128,0.844354,0.134941,4.979246
263|2.830479,-2.582871,0.830538,0.130296,4.802342
264|2.836197,-2.590480,0.816671,0.125730,4.628869
265|2.841904,-2.597957,0.802755,0.121244,4.458808
266|2.847602,-2.605300,0.788790,0.116838,4.292144
267|2.853291,-2.612510,0.774777,0.112512,4.128860
268|2.858970,-2.619586,0.760718,0.108267,3.968939
269|2.864640,-2.626528,0.746612,0.104102,3.812367
270|2.870301,-2.633336,0.732461,0.100017,3.659127
271|2.875953,-2.640010,0.718267,0.096013,3.509205
272|2.881596,-2.646549,0.704029,0.092089,3.362585
273|2.887232,-2.652954,0.689748,0.088246,3.219254
274|2.892859,-2.659224,0.675427,0.084484,3.079198
275|2.898478,-2.665359,0.661065,0.080803,2.942402
276|2.904089,-2.671359,0.646663,0.077203,2.808854
277|2.909693,-2.677224,0.632223,0.073684,2.678540
278|2.915289,-2.682954,0.617744,0.070246,2.551447
279|2.920878,-2.688548,0.603229,0.066890,2.427564
280|2.926460,-2.694006,0.588678,0.063615,2.306879
281|2.932035,-2.699329,0.574092,0.060421,2.189379
282|2.937604,-2.704516,0.559472,0.057309,2.075053
283|2.943166,-2.709566,0.544818,0.054279,1.963891
284|2.948722,-2.714481,0.530133,0.051330,1.855881
285|2.954272,-2.719259,0.515415,0.048463,1.751014
286|2.959817,-2.723901,0.500667,0.045678,1.649279
287|2.965355,-2.728407,0.485889,0.042975,1.550666
288|2.970888,-2.732775,0.471082,0.040354,1.455166
289|2.976416,-2.737007,0.456248,0.037814,1.362769
290|2.981938,-2.741103,0.441386,0.035357,1.273469
291|2.987456,-2.745061,0.426498,0.032982,1.187254
292|2.992969,-2.748882,0.411584,0.030690,1.104118
293|2.998477,-2.752566,0.396646,0.028479,1.024053
294|3.003981,-2.756113,0.381685,0.026351,0.947051
295|3.009481,-2.759522,0.366701,0.024306,0.873104
296|3.014977,-2.762794,0.351695,0.022343,0.802207
297|3.020469,-2.765928,0.336668,0.020462,0.734352
298|3.025957,-2.768925,0.321621,0.018664,0.669533
299|3.031442,-2.771784,0.306554,0.016948,0.607744
300|3.036924,-2.774506,0.291470,0.015316,0.548980
301|3.042402,-2.777089,0.276368,0.013765,0.493234
302|3.047878,-2.779535,0.261249,0.012298,0.440503
303|3.053351,-2.781842,0.246114,0.010914,0.390780
304|3.058821,-2.784012,0.230965,0.009612,0.344062
305|3.064289,-2.786043,0.215802,0.008393,0.300345
306|3.069755,-2.787937,0.200625,0.007257,0.259624
307|3.075218,-2.789692,0.185436,0.006204,0.221897
308|3.080680,-2.791308,0.170236,0.005234,0.187159
309|3.086140,-2.792787,0.155025,0.004347,0.155408
310|3.091599,-2.794127,0.139805,0.003543,0.126642
311|3.097057,-2.795328,0.124575,0.002822,0.100857
312|3.102513,-2.796391,0.109338,0.002184,0.078052
313|3.107968,-2.797316,0.094094,0.001630,0.058224
314|3.113423,-2.798101,0.078843,0.001158,0.041374
315|3.118877,-2.798749,0.063587,0.000770,0.027498
316|3.124330,-2.799257,0.048327,0.000465,0.016598
317|3.129783,-2.799627,0.033063,0.000243,0.008671
318|3.135237,-2.799858,0.017796,0.000104,0.003717
319|3.140690,-2.799951,0.002527,0.000049,0.001738
320|3.146144,-2.799904,-0.012742,0.000077,0.002732
321|3.151598,-2.799719,-0.028012,0.000188,0.006701
322|3.157053,-2.799395,-0.043282,0.000382,0.013646
323|3.162508,-2.798932,-0.058549,0.000660,0.023567
324|3.167965,-2.798330,-0.073815,0.001021,0.036466
325|3.173422,-2.797590,-0.089077,0.001465,0.052346
326|3.178881,-2.796710,-0.104334,0.001993,0.071208
327|3.184342,-2.795692,-0.119587,0.002604,0.093054
328|3.189804,-2.794534,-0.134834,0.003298,0.117888
329|3.195269,-2.793238,-0.150074,0.004076,0.145713
330|3.200735,-2.791803,-0.165307,0.004937,0.176531
331|3.206204,-2.790229,-0.180531,0.005882,0.210346
332|3.211675,-2.788516,-0.195745,0.006909,0.247163
333|3.217148,-2.786664,-0.210950,0.008020,0.286985
334|3.222625,-2.784674,-0.226143,0.009215,0.329817
335|3.228104,-2.782544,-0.241324,0.010492,0.375665
336|3.233587,-2.780276,-0.256493,0.011853,0.424532
337|3.239073,-2.777868,-0.271648,0.013298,0.476425
338|3.244562,-2.775322,-0.286788,0.014825,0.531350
339|3.250055,-2.772637,-0.301912,0.016436,0.589311
340|3.255552,-2.769814,-0.317020,0.018130,0.650317
341|3.261053,-2.766851,-0.332111,0.019908,0.714374
342|3.266559,-2.763750,-0.347184,0.021768,0.781488
343|3.272068,-2.760511,-0.362238,0.023712,0.851667
344|3.277583,-2.757132,-0.377272,0.025739,0.924919
345|3.283102,-2.753615,-0.392285,0.027849,1.001251
346|3.288626,-2.749960,-0.407276,0.030043,1.080672
347|3.294156,-2.746166,-0.422245,0.032319,1.163191
348|3.299691,-2.742233,-0.437190,0.034679,1.248817
349|3.305231,-2.738162,-0.452111,0.037121,1.337558
350|3.310777,-2.733953,-0.467007,0.039647,1.429425
351|3.316329,-2.729606,-0.481876,0.042255,1.524427
352|3.321887,-2.725120,-0.496719,0.044946,1.622574
353|3.327452,-2.720496,-0.511533,0.047721,1.723878
354|3.333023,-2.715734,-0.526319,0.050578,1.828349
355|3.338601,-2.710834,-0.541074,0.053518,1.935998
356|3.344185,-2.705796,-0.555800,0.056541,2.046838
357|3.349777,-2.700620,-0.570493,0.059646,2.160879
358|3.355376,-2.695307,-0.585154,0.062834,2.278134
359|3.360983,-2.689855,-0.599782,0.066105,2.398616
360|3.366597,-2.684266,-0.614375,0.069458,2.522338
361|3.372219,-2.678540,-0.628933,0.072894,2.649313
362|3.377850,-2.672676,-0.643455,0.076412,2.779555
363|3.383488,-2.666675,-0.657940,0.080013,2.913078
364|3.389135,-2.660536,-0.672387,0.083696,3.049895
365|3.394791,-2.654261,-0.686795,0.087462,3.190023
366|3.400456,-2.647848,-0.701163,0.091309,3.333475
367|3.406130,-2.641298,-0.715490,0.095239,3.480268
368|3.411813,-2.634612,-0.729775,0.099251,3.630417
369|3.417506,-2.627789,-0.744018,0.103344,3.783939
370|3.423208,-2.620829,-0.758217,0.107520,3.940849
371|3.428921,-2.613733,-0.772372,0.111778,4.101166
372|3.434643,-2.606501,-0.786481,0.116117,4.264905
373|3.440376,-2.599132,-0.800543,0.120538,4.432086
374|3.446120,-2.591628,-0.814558,0.125041,4.602725
375|3.451874,-2.583987,-0.828525,0.129625,4.776842
376|3.457640,-2.576211,-0.842442,0.134291,4.954455
377|3.463416,-2.568300,-0.856309,0.139038,5.135583
378|3.469205,-2.560252,-0.870124,0.143866,5.320246
379|3.475005,-2.552070,-0.883888,0.148775,5.508465
380|3.480816,-2.543753,-0.897598,0.153766,5.700258
381|3.486640,-2.535300,-0.911254,0.158837,5.895648
382|3.492477,-2.526713,-0.924855,0.163989,6.094656
383|3.498326,-2.517992,-0.938399,0.169222,6.297302
384|3.504188,-2.509136,-0.951886,0.174536,6.503610
385|3.510062,-2.500145,-0.965316,0.179930,6.713602
386|3.515951,-2.491021,-0.978685,0.185404,6.927299
387|3.521852,-2.481763,-0.991995,0.190959,7.144727
388|3.527768,-2.472372,-1.005244,0.196594,7.365908
389|3.533698,-2.462847,-1.018430,0.202308,7.590866
390|3.539641,-2.453189,-1.031554,0.208103,7.819627
391|3.545600,-2.443398,-1.044613,0.213978,8.052215
392|3.551573,-2.433474,-1.057607,0.219932,8.288656
393|3.557561,-2.423418,-1.070534,0.225965,8.528975
394|3.563564,-2.413230,-1.083395,0.232078,8.773199
395|3.569583,-2.402910,-1.096187,0.238270,9.021355
396|3.575618,-2.392458,-1.108909,0.244541,9.273469
397|3.581669,-2.381874,-1.121561,0.250891,9.529570
398|3.587736,-2.371160,-1.134142,0.257320,9.789686
399|3.593819,-2.360314,-1.146651,0.263827,10.053846
400|3.599920,-2.349338,-1.159085,0.270413,10.322078
401|3.606037,-2.338231,-1.171446,0.277076,10.594412
402|3.612172,-2.326995,-1.183730,0.283818,10.870878
403|3.618324,-2.315629,-1.195938,0.290638,11.151506
404|3.624495,-2.304133,-1.208068,0.297535,11.436328
405|3.630683,-2.292508,-1.220119,0.304510,11.725376
406|3.636890,-2.280754,-1.232090,0.311562,12.018680
407|3.643116,-2.268872,-1.243981,0.318691,12.316274
408|3.649360,-2.256862,-1.255789,0.325897,12.618190
409|3.655624,-2.244724,-1.267513,0.333180,12.924462
410|3.661908,-2.232458,-1.279154,0.340539,13.235124
411|3.668211,-2.220066,-1.290709,0.347975,13.550210
412|3.674534,-2.207546,-1.302178,0.355486,13.869756
413|3.680878,-2.194900,-1.313558,0.363074,14.193797
414|3.687243,-2.182129,-1.324851,0.370737,14.522368
415|3.693629,-2.169232,-1.336053,0.378475,14.855507
416|3.700036,-2.156209,-1.347164,0.386288,15.193250
417|3.706465,-2.143062,-1.358183,0.394176,15.535634
418|3.712916,-2.129791,-1.369109,0.402139,15.882699
419|3.719389,-2.116396,-1.379940,0.410176,16.234483
420|3.725885,-2.102877,-1.390676,0.418287,16.591024
421|3.732404,-2.089235,-1.401315,0.426472,16.952363
422|3.738946,-2.075471,-1.411856,0.434730,17.318540
423|3.745511,-2.061585,-1.422298,0.443062,17.689595
424|3.752101,-2.047577,-1.432640,0.451466,18.065570
425|3.758715,-2.033448,-1.442880,0.459944,18.446506
426|3.765353,-2.019198,-1.453018,0.468493,18.832447
427|3.772017,-2.004829,-1.463052,0.477115,19.223435
428|3.778705,-1.990339,-1.472981,0.485808,19.619513
429|3.785420,-1.975731,-1.482804,0.494573,20.020725
430|3.792160,-1.961005,-1.492520,0.503409,20.427117
431|3.798926,-1.946160,-1.502127,0.512315,20.838733
432|3.805720,-1.931198,-1.511625,0.521292,21.255620
433|3.812540,-1.916120,-1.521011,0.530339,21.677822
434|3.819388,-1.900925,-1.530285,0.539456,22.105388
435|3.826264,-1.885615,-1.539446,0.548642,22.538364
436|3.833167,-1.870190,-1.548493,0.557896,22.976798
437|3.840100,-1.854650,-1.557423,0.567220,23.420739
438|3.847061,-1.838997,-1.566236,0.576612,23.870236
439|3.854051,-1.823231,-1.574931,0.586071,24.325338
440|3.861072,-1.807353,-1.583507,0.595598,24.786096
441|3.868122,-1.791363,-1.591961,0.605191,25.252560
442|3.875203,-1.775263,-1.600294,0.614852,25.724781
443|3.882315,-1.759052,-1.608503,0.624578,26.202811
444|3.889458,-1.742731,-1.616587,0.634370,26.686703
445|3.896633,-1.726303,-1.624546,0.644227,27.176508
446|3.903840,-1.709766,-1.632377,0.654149,27.672281
447|3.911079,-1.693122,-1.640080,0.664135,28.174075
448|3.918352,-1.676371,-1.647654,0.674185,28.681945
449|3.925657,-1.659515,-1.655096,0.684299,29.195945
450|3.932997,-1.642555,-1.662406,0.694475,29.716130
451|3.940371,-1.625490,-1.669582,0.704713,30.242558
452|3.947780,-1.608323,-1.676624,0.715013,30.775283
453|3.955224,-1.591054,-1.683529,0.725375,31.314362
454|3.962703,-1.573683,-1.690297,0.735797,31.859854
455|3.970219,-1.556212,-1.696926,0.746279,32.411815
456|3.977771,-1.538642,-1.703415,0.756821,32.970304
457|3.985360,-1.520973,-1.709762,0.767422,33.535379
458|3.992986,-1.503208,-1.715967,0.778082,34.107099
459|4.000651,-1.485345,-1.722028,0.788799,34.685524
460|4.008353,-1.467387,-1.727943,0.799573,35.270714
461|4.016095,-1.449335,-1.733711,0.810404,35.862727
462|4.023876,-1.431190,-1.739332,0.821291,36.461626
463|4.031697,-1.412952,-1.744803,0.832234,37.067470
464|4.039559,-1.394624,-1.750123,0.843231,37.680321
465|4.047461,-1.376205,-1.755292,0.854282,38.300240
466|4.055404,-1.357697,-1.760307,0.865386,38.927289
467|4.063390,-1.339102,-1.765167,0.876543,39.561530
468|4.071418,-1.320420,-1.769871,0.887752,40.203025
469|4.079489,-1.301653,-1.774418,0.899012,40.851835
470|4.087603,-1.282802,-1.778806,0.910322,41.508024
471|4.095761,-1.263868,-1.783033,0.921683,42.171654
472|4.103964,-1.244852,-1.787100,0.933092,42.842788
473|4.112212,-1.225756,-1.791004,0.944549,43.521488
474|4.120506,-1.206581,-1.794743,0.956054,44.207818
475|4.128846,-1.187329,-1.798317,0.967605,44.901839
476|4.137232,-1.168000,-1.801724,0.979202,45.603615
477|4.145666,-1.148597,-1.804964,0.990844,46.313209
478|4.154148,-1.129120,-1.808033,1.002529,47.030681
479|4.162678,-1.109572,-1.810932,1.014258,47.756096
480|4.171257,-1.089953,-1.813659,1.026030,48.489515
481|4.179886,-1.070265,-1.816212,1.037842,49.230999
482|4.188565,-1.050510,-1.818590,1.049695,49.980611
483|4.197295,-1.030688,-1.820793,1.061588,50.738411
484|4.206076,-1.010803,-1.822817,1.073519,51.504460
485|4.214909,-0.990855,-1.824663,1.085487,52.278817
486|4.223795,-0.970846,-1.826329,1.097492,53.061543
487|4.232734,-0.950778,-1.827814,1.109533,53.852696
488|4.241727,-0.930652,-1.829116,1.121608,54.652335
489|4.250774,-0.910471,-1.830234,1.133717,55.460517
490|4.259877,-0.890235,-1.831167,1.145858,56.277298
491|4.269035,-0.869947,-1.831913,1.158031,57.102734
492|4.278249,-0.849609,-1.832471,1.170234,57.936880
493|4.287521,-0.829222,-1.832841,1.182466,58.779789
494|4.296850,-0.808788,-1.833020,1.194726,59.631514
495|4.306237,-0.788310,-1.833007,1.207013,60.492105
496|4.315683,-0.767789,-1.832802,1.219325,61.361613
497|4.325189,-0.747227,-1.832402,1.231662,62.240085
498|4.334755,-0.726626,-1.831807,1.244023,63.127568
499|4.344382,-0.705989,-1.831016,1.256405,64.024108
500|4.354071,-0.685316,-1.830027,1.268808,64.929747
501|4.363821,-0.664612,-1.828840,1.281231,65.844526
502|4.373635,-0.643877,-1.827452,1.293672,66.768485
503|4.383512,-0.623113,-1.825864,1.306130,67.701662
504|4.393453,-0.602324,-1.824073,1.318603,68.644089
505|4.403460,-0.581511,-1.822078,1.331091,69.595801
506|4.413532,-0.560677,-1.819880,1.343591,70.556827
507|4.423670,-0.539824,-1.817475,1.356103,71.527194
508|4.433875,-0.518953,-1.814864,1.368625,72.506926
509|4.444148,-0.498069,-1.812046,1.381156,73.496045
510|4.454489,-0.477172,-1.809018,1.393694,74.494569
511|4.464899,-0.456267,-1.805781,1.406237,75.502513
512|4.475379,-0.435354,-1.802334,1.418785,76.519888
513|4.485929,-0.414437,-1.798675,1.431335,77.546701
514|4.496550,-0.393518,-1.794803,1.443887,78.582958
515|4.507243,-0.372599,-1.790718,1.456438,79.628657
516|4.518009,-0.351685,-1.786418,1.468987,80.683794
517|4.528847,-0.330776,-1.781903,1.481532,81.748362
518|4.539760,-0.309876,-1.777172,1.494072,82.822346
519|4.550747,-0.288988,-1.772224,1.506605,83.905729
520|4.561809,-0.268113,-1.767059,1.519129,84.998487
521|4.572947,-0.247257,-1.761675,1.531644,86.100594
522|4.584161,-0.226420,-1.756073,1.544146,87.212014
523|4.595453,-0.205606,-1.750250,1.556634,88.332709
524|4.606822,-0.184817,-1.744207,1.569108,89.462635
525|4.618270,-0.164058,-1.737943,1.581563,90.601739
526|4.629797,-0.143330,-1.731458,1.594000,91.749966
527|4.641404,-0.122637,-1.724750,1.606416,92.907250
528|4.653091,-0.101982,-1.717820,1.618809,94.073521
529|4.664860,-0.081368,-1.710666,1.631178,95.248702
530|4.676710,-0.060798,-1.703289,1.643520,96.432708
531|4.688642,-0.040275,-1.695688,1.655834,97.625447
532|4.700657,-0.019802,-1.687863,1.668118,98.826818
533|4.712756,0.000617,-1.679813,1.679137,99.963287
534|4.724939,0.020979,-1.671539,1.650630,98.744984
535|4.737207,0.041281,-1.663039,1.622207,97.518398
536|4.749559,0.061520,-1.654314,1.593873,96.283663
537|4.761998,0.081692,-1.645364,1.565632,95.040921
538|4.774523,0.101794,-1.636188,1.537490,93.790324
539|4.787135,0.121823,-1.626787,1.509450,92.532033
540|4.799834,0.141775,-1.617161,1.481518,91.266221
541|4.812622,0.161646,-1.607309,1.453698,89.993067
542|4.825497,0.181434,-1.597232,1.425995,88.712765
543|4.838462,0.201135,-1.586930,1.398415,87.425515
544|4.851515,0.220745,-1.576403,1.370961,86.131532
545|4.864659,0.240261,-1.565652,1.343639,84.831038
546|4.877892,0.259680,-1.554676,1.316454,83.524269
547|4.891217,0.278997,-1.543477,1.289411,82.211472
548|4.904632,0.298209,-1.532054,1.262514,80.892905
549|4.918138,0.317313,-1.520408,1.235769,79.568838
550|4.931736,0.336305,-1.508541,1.209181,78.239555
551|4.945426,0.355181,-1.496451,1.182755,76.905349
552|4.959208,0.373938,-1.484141,1.156496,75.566529
553|4.973082,0.392572,-1.471610,1.130408,74.223413
554|4.987049,0.411080,-1.458860,1.104498,72.876336
555|5.001109,0.429458,-1.445892,1.078769,71.525643
556|5.015262,0.447702,-1.432706,1.053228,70.171692
557|5.029508,0.465809,-1.419303,1.027880,68.814856
558|5.043848,0.483775,-1.405685,1.002728,67.455521
559|5.058281,0.501596,-1.391852,0.977780,66.094086
560|5.072807,0.519269,-1.377807,0.953039,64.730962
561|5.087427,0.536789,-1.363549,0.928510,63.366577
562|5.102141,0.554155,-1.349081,0.904200,62.001370
563|5.116948,0.571361,-1.334403,0.880112,60.635793
564|5.131848,0.588404,-1.319518,0.856252,59.270314
565|5.146841,0.605281,-1.304426,0.832626,57.905413
566|5.161928,0.621987,-1.289130,0.809237,56.541583
567|5.177107,0.638521,-1.273630,0.786091,55.179331
568|5.192380,0.654877,-1.257929,0.763194,53.819178
569|5.207744,0.671052,-1.242029,0.740549,52.461656
570|5.223201,0.687043,-1.225931,0.718163,51.107310
571|5.238750,0.702846,-1.209637,0.696039,49.756701
572|5.254390,0.718458,-1.193149,0.674183,48.410399
573|5.270121,0.733876,-1.176469,0.652600,47.068986
574|5.285943,0.749095,-1.159599,0.631294,45.733057
575|5.301855,0.764113,-1.142542,0.610270,44.403220
576|5.317857,0.778925,-1.125299,0.589533,43.080090
577|5.333947,0.793530,-1.107874,0.569088,41.764297
578|5.350126,0.807923,-1.090267,0.548938,40.456478
579|5.366393,0.822101,-1.072482,0.529090,39.157281
580|5.382746,0.836062,-1.054521,0.509546,37.867363
581|5.399186,0.849801,-1.036386,0.490312,36.587391
582|5.415711,0.863316,-1.018081,0.471393,35.318037
583|5.432321,0.876603,-0.999608,0.452792,34.059984
584|5.449014,0.889660,-0.980968,0.434513,32.813919
585|5.465790,0.902483,-0.962166,0.416561,31.580538
586|5.482648,0.915070,-0.943204,0.398941,30.360539
587|5.499587,0.927417,-0.924085,0.381655,29.154626
588|5.516605,0.939523,-0.904811,0.364709,27.963510
589|5.533702,0.951383,-0.885386,0.348106,26.787900
590|5.550877,0.962995,-0.865813,0.331849,25.628510
591|5.568127,0.974357,-0.846094,0.315944,24.486056
592|5.585453,0.985466,-0.826233,0.300393,23.361253
593|5.602853,0.996318,-0.806233,0.285199,22.254816
594|5.620324,1.006913,-0.786096,0.270368,21.167460
595|5.637867,1.017247,-0.765827,0.255901,20.099895
596|5.655479,1.027318,-0.745429,0.241803,19.052829
597|5.673160,1.037123,-0.724904,0.228077,18.026968
598|5.690907,1.046660,-0.704256,0.214726,17.023009
599|5.708719,1.055927,-0.683488,0.201753,16.041645
600|5.726595,1.064922,-0.662605,0.189160,15.083561
601|5.744533,1.073643,-0.641608,0.176952,14.149434
602|5.762531,1.082087,-0.620502,0.165131,13.239932
603|5.780588,1.090254,-0.599291,0.153699,12.355710
604|5.798701,1.098139,-0.577977,0.142660,11.497416
605|5.816870,1.105743,-0.556564,0.132015,10.665682
606|5.835091,1.113063,-0.535056,0.121768,9.861127
607|5.853365,1.120097,-0.513457,0.111921,9.084357
608|5.871688,1.126844,-0.491769,0.102476,8.335960
609|5.890058,1.133303,-0.469998,0.093435,7.616510
610|5.908475,1.139471,-0.448145,0.084800,6.926562
611|5.926935,1.145347,-0.426215,0.076574,6.266653
612|5.945437,1.150931,-0.404213,0.068757,5.637300
613|5.963979,1.156220,-0.382140,0.061354,5.039001
614|5.982559,1.161213,-0.360002,0.054363,4.472230
615|6.001175,1.165909,-0.337802,0.047789,3.937443
616|6.019824,1.170308,-0.315543,0.041631,3.435070
617|6.038505,1.174408,-0.293229,0.035892,2.965517
618|6.057216,1.178208,-0.270865,0.030572,2.529169
619|6.075953,1.181707,-0.248454,0.025674,2.126383
620|6.094716,1.184905,-0.226000,0.021197,1.757490
621|6.113502,1.187800,-0.203506,0.017144,1.422797
622|6.132309,1.190393,-0.180977,0.013515,1.122582
623|6.151135,1.192682,-0.158416,0.010311,0.857096
624|6.169976,1.194666,-0.135828,0.007533,0.626563
625|6.188833,1.196346,-0.113215,0.005181,0.431178
626|6.207701,1.197721,-0.090582,0.003256,0.271106
627|6.226578,1.198791,-0.067932,0.001759,0.146486
628|6.245464,1.199555,-0.045271,0.000689,0.057424
629|6.264354,1.200013,-0.022600,0.000048,0.004000
630|0.000063,1.200165,0.000075,0.000165,0.013738
  1|0.000000,1.200000,0.000000,0.000000,0.000000
  2|0.018000,1.200000,0.021602,0.000056,0.004629
  3|0.035999,1.199583,0.043202,0.000639,0.053225
  4|0.053993,1.198889,0.064795,0.001611,0.134175
  5|0.071980,1.197917,0.086375,0.002971,0.247405
  6|0.089955,1.196669,0.107937,0.004719,0.392805
  7|0.107915,1.195144,0.129477,0.006854,0.570232
  8|0.125858,1.193343,0.150990,0.009375,0.779511
  9|0.143780,1.191267,0.172471,0.012281,1.020432
 10|0.161678,1.188917,0.193914,0.015571,1.292753
 11|0.179548,1.186294,0.215315,0.019243,1.596201
 12|0.197387,1.183400,0.236669,0.023295,1.930471
 13|0.215193,1.180235,0.257972,0.027725,2.295231
 14|0.232961,1.176801,0.279219,0.032532,2.690115
 15|0.250690,1.173100,0.300404,0.037714,3.114733
 16|0.268376,1.169134,0.321524,0.043267,3.568666
 17|0.286016,1.164903,0.342574,0.049189,4.051469
 18|0.303608,1.160411,0.363549,0.055477,4.562673
 19|0.321148,1.155660,0.384446,0.062129,5.101785
 20|0.338633,1.150651,0.405259,0.069141,5.668290
 21|0.356062,1.145387,0.425985,0.076511,6.261653
 22|0.373431,1.139870,0.446619,0.084234,6.881316
 23|0.390739,1.134102,0.467158,0.092308,7.526706
 24|0.407981,1.128087,0.487597,0.100729,8.197233
 25|0.425157,1.121827,0.507932,0.109493,8.892291
 26|0.442263,1.115325,0.528160,0.118595,9.611258
 27|0.459298,1.108583,0.548277,0.128033,10.353502
 28|0.476259,1.101605,0.568280,0.137802,11.118379
 29|0.493144,1.094394,0.588164,0.147898,11.905235
 30|0.509952,1.086952,0.607927,0.158316,12.713407
 31|0.526679,1.079283,0.627565,0.169052,13.542226
 32|0.543325,1.071390,0.647075,0.180102,14.391017
 33|0.559888,1.063276,0.666454,0.191462,15.259098
 34|0.576366,1.054944,0.685699,0.203125,16.145788
 35|0.592757,1.046398,0.704808,0.215089,17.050402
 36|0.609059,1.037642,0.723776,0.227347,17.972253
 37|0.625272,1.028678,0.742602,0.239896,18.910656
 38|0.641395,1.019511,0.761283,0.252730,19.864926
 39|0.657424,1.010143,0.779816,0.265844,20.834384
 40|0.673361,1.000579,0.798200,0.279234,21.818350
 41|0.689202,0.990821,0.816432,0.292894,22.816151
 42|0.704948,0.980873,0.834510,0.306820,23.827119
 43|0.720597,0.970740,0.852431,0.321007,24.850593
 44|0.736149,0.960424,0.870195,0.335448,25.885918
 45|0.751602,0.949929,0.887798,0.350141,26.932447
 46|0.766956,0.939259,0.905240,0.365078,27.989543
 47|0.782211,0.928418,0.922518,0.380256,29.056576
 48|0.797365,0.917408,0.939631,0.395668,30.132928
 49|0.812418,0.906234,0.956579,0.411311,31.217989
 50|0.827369,0.894900,0.973358,0.427179,32.311163
 51|0.842218,0.883408,0.989969,0.443267,33.411863
 52|0.856966,0.871763,1.006409,0.459570,34.519515
 53|0.871610,0.859968,1.022678,0.476082,35.633555
 54|0.886152,0.848026,1.038775,0.492800,36.753434
 55|0.900591,0.835942,1.054699,0.509717,37.878615
 56|0.914927,0.823719,1.070449,0.526830,39.008573
 57|0.929159,0.811359,1.086024,0.544132,40.142797
 58|0.943289,0.798867,1.101424,0.561620,41.280790
 59|0.957315,0.786247,1.116648,0.579288,42.422066
 60|0.971238,0.773501,1.131695,0.597132,43.566156
 61|0.985058,0.760633,1.146566,0.615147,44.712600
 62|0.998775,0.747646,1.161259,0.633328,45.860957
 63|1.012390,0.734544,1.175775,0.651670,47.010795
 64|1.025902,0.721329,1.190112,0.670170,48.161698
 65|1.039312,0.708006,1.204272,0.688821,49.313262
 66|1.052621,0.694578,1.218254,0.707621,50.465097
 67|1.065828,0.681047,1.232058,0.726564,51.616828
 68|1.078934,0.667416,1.245683,0.745646,52.768090
 69|1.091939,0.653690,1.259130,0.764862,53.918534
 70|1.104844,0.639870,1.272400,0.784209,55.067821
 71|1.117649,0.625960,1.285491,0.803683,56.215627
 72|1.130356,0.611963,1.298405,0.823278,57.361639
 73|1.142963,0.597882,1.311142,0.842991,58.505557
 74|1.155473,0.583720,1.323702,0.862817,59.647093
 75|1.167885,0.569479,1.336085,0.882754,60.785972
 76|1.180200,0.555163,1.348292,0.902796,61.921927
 77|1.192418,0.540773,1.360323,0.922940,63.054707
 78|1.204542,0.526314,1.372179,0.943183,64.184069
 79|1.216570,0.511787,1.383860,0.963520,65.309781
 80|1.228503,0.497196,1.395367,0.983947,66.431624
 81|1.240343,0.482542,1.406700,1.004462,67.549386
 82|1.252090,0.467828,1.417860,1.025060,68.662868
 83|1.263745,0.453058,1.428848,1.045738,69.771879
 84|1.275309,0.438233,1.439665,1.066493,70.876239
 85|1.286781,0.423355,1.450310,1.087321,71.975776
 86|1.298163,0.408428,1.460785,1.108218,73.070327
 87|1.309457,0.393453,1.471091,1.129183,74.159739
 88|1.320661,0.378433,1.481228,1.150210,75.243867
 89|1.331778,0.363370,1.491198,1.171298,76.322574
 90|1.342808,0.348266,1.501000,1.192443,77.395731
 91|1.353751,0.333123,1.510636,1.213641,78.463216
 92|1.364610,0.317944,1.520107,1.234891,79.524916
 93|1.375383,0.302731,1.529414,1.256189,80.580725
 94|1.386073,0.287485,1.538557,1.277533,81.630542
 95|1.396679,0.272209,1.547538,1.298919,82.674276
 96|1.407203,0.256905,1.556357,1.320344,83.711840
 97|1.417646,0.241574,1.565016,1.341807,84.743153
 98|1.428008,0.226219,1.573515,1.363304,85.768143
 99|1.438291,0.210840,1.581855,1.384833,86.786741
100|1.448494,0.195441,1.590037,1.406390,87.798885
101|1.458618,0.180023,1.598063,1.427975,88.804516
102|1.468666,0.164588,1.605933,1.449584,89.803585
103|1.478636,0.149136,1.613649,1.471215,90.796043
104|1.488531,0.133671,1.621211,1.492866,91.781848
105|1.498350,0.118194,1.628620,1.514534,92.760964
106|1.508096,0.102705,1.635878,1.536217,93.733357
107|1.517767,0.087208,1.642985,1.557913,94.698997
108|1.527366,0.071703,1.649943,1.579619,95.657861
109|1.536893,0.056191,1.656752,1.601335,96.609927
110|1.546348,0.040675,1.663414,1.623056,97.555178
111|1.555733,0.025156,1.669929,1.644783,98.493600
112|1.565049,0.009635,1.676300,1.666512,99.425183
113|1.574295,-0.005887,1.682526,1.676468,99.650080
114|1.583473,-0.021408,1.688609,1.667154,98.732193
115|1.592584,-0.036926,1.694550,1.657843,97.821158
116|1.601628,-0.052442,1.700350,1.648533,96.916971
117|1.610606,-0.067952,1.706010,1.639226,96.019630
118|1.619519,-0.083457,1.711531,1.629922,95.129127
119|1.628367,-0.098954,1.716914,1.620623,94.245452
120|1.637152,-0.114443,1.722161,1.611329,93.368594
121|1.645873,-0.129923,1.727272,1.602041,92.498539
122|1.654532,-0.145392,1.732248,1.592759,91.635271
123|1.663130,-0.160849,1.737091,1.583484,90.778772
124|1.671666,-0.176293,1.741801,1.574216,89.929022
125|1.680142,-0.191724,1.746379,1.564957,89.085999
126|1.688559,-0.207140,1.750828,1.555707,88.249681
127|1.696916,-0.222540,1.755147,1.546466,87.420042
128|1.705216,-0.237924,1.759337,1.537236,86.597055
129|1.713457,-0.253289,1.763400,1.528016,85.780695
130|1.721642,-0.268636,1.767337,1.518807,84.970930
131|1.729771,-0.283963,1.771149,1.509610,84.167731
132|1.737843,-0.299270,1.774836,1.500425,83.371067
133|1.745861,-0.314556,1.778401,1.491253,82.580904
134|1.753825,-0.329819,1.781843,1.482094,81.797209
135|1.761734,-0.345059,1.785163,1.472950,81.019948
136|1.769591,-0.360275,1.788364,1.463819,80.249086
137|1.777395,-0.375467,1.791446,1.454703,79.484585
138|1.785147,-0.390633,1.794409,1.445603,78.726408
139|1.792847,-0.405774,1.797255,1.436518,77.974519
140|1.800497,-0.420887,1.799985,1.427450,77.228878
141|1.808097,-0.435973,1.802599,1.418397,76.489447
142|1.815647,-0.451030,1.805100,1.409362,75.756186
143|1.823148,-0.466059,1.807487,1.400345,75.029054
144|1.830601,-0.481057,1.809761,1.391345,74.308011
145|1.838006,-0.496026,1.811924,1.382363,73.593016
146|1.845363,-0.510963,1.813977,1.373400,72.884028
147|1.852674,-0.525869,1.815920,1.364455,72.181005
148|1.859938,-0.540743,1.817755,1.355531,71.483904
149|1.867157,-0.555584,1.819482,1.346625,70.792684
150|1.874330,-0.570392,1.821102,1.337740,70.107301
151|1.881459,-0.585166,1.822616,1.328875,69.427714
152|1.888543,-0.599906,1.824025,1.320031,68.753878
153|1.895584,-0.614610,1.825331,1.311207,68.085751
154|1.902582,-0.629279,1.826533,1.302405,67.423290
155|1.909537,-0.643912,1.827633,1.293625,66.766452
156|1.916450,-0.658509,1.828631,1.284866,66.115192
157|1.923321,-0.673069,1.829529,1.276130,65.469468
158|1.930150,-0.687591,1.830327,1.267416,64.829235
159|1.936939,-0.702075,1.831027,1.258725,64.194452
160|1.943688,-0.716521,1.831628,1.250056,63.565073
161|1.950397,-0.730928,1.832132,1.241411,62.941057
162|1.957066,-0.745296,1.832541,1.232790,62.322359
163|1.963697,-0.759625,1.832853,1.224192,61.708936
164|1.970288,-0.773913,1.833071,1.215619,61.100746
165|1.976842,-0.788161,1.833195,1.207069,60.497744
166|1.983359,-0.802368,1.833227,1.198544,59.899889
167|1.989837,-0.816534,1.833166,1.190044,59.307138
168|1.996280,-0.830659,1.833014,1.181569,58.719448
169|2.002685,-0.844741,1.832771,1.173119,58.136776
170|2.009055,-0.858782,1.832438,1.164694,57.559081
171|2.015389,-0.872780,1.832016,1.156295,56.986320
172|2.021688,-0.886734,1.831506,1.147921,56.418451
173|2.027953,-0.900646,1.830909,1.139574,55.855434
174|2.034183,-0.914514,1.830224,1.131252,55.297225
175|2.040378,-0.928339,1.829454,1.122957,54.743786
176|2.046541,-0.942119,1.828599,1.114688,54.195073
177|2.052670,-0.955855,1.827659,1.106446,53.651048
178|2.058766,-0.969546,1.826635,1.098231,53.111669
179|2.064829,-0.983192,1.825528,1.090043,52.576896
180|2.070861,-0.996793,1.824339,1.081881,52.046689
181|2.076860,-1.010349,1.823068,1.073748,51.521009
182|2.082828,-1.023859,1.821717,1.065641,50.999816
183|2.088765,-1.037323,1.820285,1.057562,50.483071
184|2.094672,-1.050740,1.818774,1.049511,49.970736
185|2.100548,-1.064112,1.817183,1.041488,49.462772
186|2.106393,-1.077436,1.815515,1.033493,48.959141
187|2.112209,-1.090714,1.813769,1.025525,48.459804
188|2.117996,-1.103945,1.811947,1.017587,47.964725
189|2.123753,-1.117128,1.810048,1.009676,47.473865
190|2.129482,-1.130264,1.808074,1.001794,46.987189
191|2.135182,-1.143352,1.806025,0.993941,46.504659
192|2.140854,-1.156392,1.803902,0.986116,46.026238
193|2.146499,-1.169385,1.801706,0.978320,45.551892
194|2.152115,-1.182329,1.799436,0.970553,45.081583
195|2.157705,-1.195224,1.797095,0.962815,44.615277
196|2.163267,-1.208071,1.794681,0.955107,44.152939
197|2.168803,-1.220870,1.792197,0.947427,43.694533
198|2.174312,-1.233619,1.789642,0.939777,43.240026
199|2.179795,-1.246320,1.787018,0.932156,42.789382
200|2.185253,-1.258971,1.784324,0.924565,42.342568
201|2.190685,-1.271573,1.781562,0.917004,41.899551
202|2.196091,-1.284125,1.778732,0.909472,41.460297
203|2.201473,-1.296628,1.775834,0.901970,41.024774
204|2.206830,-1.309081,1.772870,0.894497,40.592948
205|2.212162,-1.321484,1.769839,0.887055,40.164787
206|2.217470,-1.333837,1.766743,0.879643,39.740260
207|2.222755,-1.346140,1.763581,0.872260,39.319335
208|2.228015,-1.358393,1.760356,0.864908,38.901980
209|2.233253,-1.370596,1.757066,0.857586,38.488164
210|2.238467,-1.382748,1.753712,0.850295,38.077857
211|2.243658,-1.394849,1.750296,0.843033,37.671028
212|2.248826,-1.406900,1.746818,0.835803,37.267647
213|2.253972,-1.418900,1.743277,0.828602,36.867684
214|2.259095,-1.430850,1.739676,0.821432,36.471110
215|2.264197,-1.442748,1.736014,0.814293,36.077895
216|2.269277,-1.454595,1.732291,0.807184,35.688011
217|2.274335,-1.466391,1.728509,0.800106,35.301428
218|2.279372,-1.478136,1.724668,0.793059,34.918119
219|2.284388,-1.489830,1.720768,0.786042,34.538055
220|2.289384,-1.501473,1.716810,0.779056,34.161209
221|2.294358,-1.513064,1.712794,0.772101,33.787553
222|2.299312,-1.524603,1.708721,0.765177,33.417060
223|2.304246,-1.536091,1.704591,0.758284,33.049703
224|2.309160,-1.547527,1.700406,0.751422,32.685456
225|2.314054,-1.558912,1.696164,0.744591,32.324292
226|2.318928,-1.570245,1.691868,0.737791,31.966185
227|2.323783,-1.581526,1.687516,0.731022,31.611110
228|2.328619,-1.592755,1.683111,0.724284,31.259040
229|2.333436,-1.603932,1.678651,0.717578,30.909952
230|2.338234,-1.615057,1.674139,0.710902,30.563819
231|2.343014,-1.626131,1.669573,0.704258,30.220617
232|2.347775,-1.637152,1.664955,0.697645,29.880322
233|2.352518,-1.648121,1.660285,0.691063,29.542910
234|2.357243,-1.659038,1.655564,0.684513,29.208356
235|2.361950,-1.669903,1.650791,0.677993,28.876638
236|2.366639,-1.680715,1.645968,0.671506,28.547731
237|2.371311,-1.691475,1.641095,0.665049,28.221613
238|2.375965,-1.702183,1.636172,0.658624,27.898261
239|2.380603,-1.712839,1.631200,0.652231,27.577652
240|2.385223,-1.723442,1.626179,0.645869,27.259764
241|2.389827,-1.733993,1.621109,0.639538,26.944574
242|2.394414,-1.744491,1.615992,0.633239,26.632062
243|2.398985,-1.754937,1.610826,0.626971,26.322205
244|2.403539,-1.765331,1.605614,0.620734,26.014981
245|2.408078,-1.775672,1.600355,0.614530,25.710371
246|2.412600,-1.785960,1.595049,0.608356,25.408352
247|2.417107,-1.796196,1.589698,0.602215,25.108905
248|2.421598,-1.806379,1.584300,0.596104,24.812008
249|2.426074,-1.816510,1.578858,0.590026,24.517642
250|2.430534,-1.826588,1.573371,0.583979,24.225787
251|2.434979,-1.836614,1.567839,0.577963,23.936423
252|2.439409,-1.846586,1.562264,0.571979,23.649529
253|2.443824,-1.856507,1.556645,0.566027,23.365088
254|2.448225,-1.866374,1.550982,0.560106,23.083080
255|2.452611,-1.876189,1.545277,0.554217,22.803485
256|2.456983,-1.885951,1.539529,0.548360,22.526286
257|2.461340,-1.895661,1.533739,0.542534,22.251464
258|2.465684,-1.905317,1.527907,0.536740,21.979001
259|2.470013,-1.914922,1.522034,0.530977,21.708878
260|2.474329,-1.924473,1.516120,0.525246,21.441077
261|2.478631,-1.933972,1.510165,0.519547,21.175582
262|2.482919,-1.943418,1.504170,0.513879,20.912375
263|2.487194,-1.952811,1.498135,0.508243,20.651437
264|2.491456,-1.962151,1.492060,0.502639,20.392754
265|2.495704,-1.971439,1.485946,0.497066,20.136306
266|2.499940,-1.980674,1.479794,0.491525,19.882079
267|2.504163,-1.989857,1.473602,0.486015,19.630055
268|2.508373,-1.998986,1.467373,0.480537,19.380218
269|2.512570,-2.008063,1.461105,0.475091,19.132552
270|2.516755,-2.017088,1.454800,0.469676,18.887041
271|2.520927,-2.026059,1.448458,0.464293,18.643669
272|2.525088,-2.034978,1.442079,0.458942,18.402422
273|2.529236,-2.043844,1.435663,0.453622,18.163282
274|2.533372,-2.052658,1.429211,0.448334,17.926236
275|2.537496,-2.061419,1.422724,0.443077,17.691268
276|2.541609,-2.070127,1.416200,0.437852,17.458364
277|2.545710,-2.078782,1.409642,0.432659,17.227508
278|2.549800,-2.087385,1.403048,0.427497,16.998686
279|2.553878,-2.095936,1.396420,0.422367,16.771884
280|2.557944,-2.104433,1.389757,0.417268,16.547088
281|2.562000,-2.112878,1.383061,0.412201,16.324283
282|2.566045,-2.121271,1.376331,0.407166,16.103457
283|2.570078,-2.129610,1.369567,0.402162,15.884594
284|2.574101,-2.137898,1.362771,0.397189,15.667682
285|2.578113,-2.146132,1.355941,0.392249,15.452707
286|2.582115,-2.154314,1.349079,0.387339,15.239656
287|2.586106,-2.162444,1.342185,0.382462,15.028516
288|2.590087,-2.170521,1.335259,0.377615,14.819274
289|2.594057,-2.178545,1.328302,0.372801,14.611917
290|2.598017,-2.186517,1.321313,0.368017,14.406433
291|2.601967,-2.194437,1.314293,0.363266,14.202809
292|2.605908,-2.202304,1.307242,0.358545,14.001033
293|2.609838,-2.210119,1.300161,0.353857,13.801092
294|2.613758,-2.217881,1.293050,0.349199,13.602976
295|2.617669,-2.225591,1.285909,0.344573,13.406670
296|2.621571,-2.233248,1.278738,0.339979,13.212165
297|2.625463,-2.240853,1.271538,0.335416,13.019448
298|2.629345,-2.248406,1.264309,0.330884,12.828508
299|2.633218,-2.255906,1.257051,0.326384,12.639334
300|2.637082,-2.263354,1.249764,0.321916,12.451913
301|2.640937,-2.270750,1.242450,0.317478,12.266237
302|2.644783,-2.278093,1.235107,0.313072,12.082292
303|2.648620,-2.285384,1.227737,0.308698,11.900069
304|2.652448,-2.292623,1.220339,0.304354,11.719556
305|2.656268,-2.299810,1.212914,0.300042,11.540744
306|2.660079,-2.306944,1.205462,0.295762,11.363621
307|2.663881,-2.314027,1.197984,0.291512,11.188178
308|2.667675,-2.321057,1.190479,0.287294,11.014405
309|2.671461,-2.328035,1.182948,0.283108,10.842290
310|2.675238,-2.334961,1.175391,0.278952,10.671825
311|2.679008,-2.341834,1.167808,0.274828,10.502999
312|2.682769,-2.348656,1.160201,0.270735,10.335803
313|2.686522,-2.355426,1.152568,0.266673,10.170227
314|2.690267,-2.362143,1.144910,0.262643,10.006261
315|2.694004,-2.368809,1.137227,0.258644,9.843897
316|2.697734,-2.375422,1.129520,0.254676,9.683125
317|2.701456,-2.381984,1.121789,0.250739,9.523936
318|2.705170,-2.388494,1.114034,0.246833,9.366321
319|2.708877,-2.394951,1.106256,0.242959,9.210270
320|2.712577,-2.401357,1.098454,0.239115,9.055776
321|2.716269,-2.407711,1.090628,0.235303,8.902829
322|2.719954,-2.414013,1.082780,0.231522,8.751422
323|2.723632,-2.420263,1.074909,0.227772,8.601544
324|2.727302,-2.426462,1.067016,0.224053,8.453189
325|2.730966,-2.432608,1.059101,0.220365,8.306347
326|2.734623,-2.438703,1.051163,0.216708,8.161010
327|2.738272,-2.444746,1.043204,0.213083,8.017172
328|2.741916,-2.450738,1.035223,0.209488,7.874822
329|2.745552,-2.456677,1.027221,0.205924,7.733955
330|2.749182,-2.462565,1.019197,0.202392,7.594561
331|2.752805,-2.468402,1.011153,0.198890,7.456633
332|2.756421,-2.474186,1.003088,0.195420,7.320164
333|2.760032,-2.479919,0.995003,0.191980,7.185146
334|2.763636,-2.485601,0.986898,0.188571,7.051572
335|2.767233,-2.491231,0.978772,0.185193,6.919434
336|2.770825,-2.496809,0.970627,0.181847,6.788725
337|2.774410,-2.502336,0.962462,0.178531,6.659439
338|2.777989,-2.507811,0.954278,0.175246,6.531568
339|2.781563,-2.513235,0.946075,0.171992,6.405104
340|2.785130,-2.518607,0.937853,0.168768,6.280042
341|2.788692,-2.523928,0.929612,0.165576,6.156375
342|2.792247,-2.529198,0.921353,0.162414,6.034096
343|2.795797,-2.534416,0.913076,0.159284,5.913198
344|2.799342,-2.539583,0.904780,0.156184,5.793675
345|2.802881,-2.544698,0.896467,0.153115,5.675520
346|2.806414,-2.549762,0.888136,0.150077,5.558728
347|2.809942,-2.554775,0.879788,0.147069,5.443291
348|2.813465,-2.559736,0.871422,0.144093,5.329205
349|2.816982,-2.564647,0.863040,0.141147,5.216462
350|2.820494,-2.569506,0.854640,0.138232,5.105057
351|2.824001,-2.574313,0.846224,0.135347,4.994983
352|2.827503,-2.579070,0.837792,0.132493,4.886236
353|2.831000,-2.583775,0.829343,0.129670,4.778809
354|2.834492,-2.588430,0.820879,0.126878,4.672697
355|2.837979,-2.593033,0.812398,0.124116,4.567893
356|2.841461,-2.597585,0.803902,0.121386,4.464394
357|2.844938,-2.602086,0.795391,0.118685,4.362192
358|2.848411,-2.606535,0.786864,0.116016,4.261284
359|2.851879,-2.610934,0.778323,0.113377,4.161662
360|2.855342,-2.615282,0.769767,0.110768,4.063324
361|2.858801,-2.619579,0.761196,0.108190,3.966262
362|2.862255,-2.623824,0.752610,0.105643,3.870473
363|2.865705,-2.628019,0.744010,0.103127,3.775951
364|2.869151,-2.632163,0.735397,0.100641,3.682691
365|2.872592,-2.636256,0.726769,0.098185,3.590688
366|2.876029,-2.640298,0.718128,0.095760,3.499939
367|2.879462,-2.644289,0.709473,0.093366,3.410437
368|2.882891,-2.648229,0.700805,0.091002,3.322179
369|2.886316,-2.652118,0.692124,0.088669,3.235160
370|2.889737,-2.655957,0.683430,0.086366,3.149375
371|2.893154,-2.659744,0.674724,0.084094,3.064820
372|2.896567,-2.663481,0.666005,0.081852,2.981491
373|2.899976,-2.667167,0.657273,0.079641,2.899384
374|2.903381,-2.670803,0.648529,0.077460,2.818494
375|2.906783,-2.674387,0.639774,0.075309,2.738817
376|2.910181,-2.677921,0.631006,0.073189,2.660349
377|2.913576,-2.681404,0.622227,0.071100,2.583086
378|2.916967,-2.684837,0.613437,0.069040,2.507024
379|2.920354,-2.688218,0.604635,0.067012,2.432159
380|2.923738,-2.691550,0.595822,0.065013,2.358489
381|2.927119,-2.694830,0.586999,0.063045,2.286007
382|2.930496,-2.698060,0.578164,0.061108,2.214712
383|2.933870,-2.701239,0.569319,0.059200,2.144600
384|2.937241,-2.704368,0.560464,0.057323,2.075666
385|2.940609,-2.707446,0.551599,0.055477,2.007908
386|2.943974,-2.710474,0.542723,0.053661,1.941322
387|2.947336,-2.713451,0.533838,0.051875,1.875905
388|2.950695,-2.716377,0.524943,0.050119,1.811653
389|2.954050,-2.719253,0.516039,0.048394,1.748564
390|2.957403,-2.722078,0.507125,0.046699,1.686633
391|2.960754,-2.724853,0.498203,0.045034,1.625859
392|2.964101,-2.727578,0.489271,0.043400,1.566237
393|2.967446,-2.730252,0.480331,0.041796,1.507766
394|2.970788,-2.732876,0.471381,0.040222,1.450441
395|2.974127,-2.735449,0.462424,0.038679,1.394261
396|2.977464,-2.737972,0.453458,0.037165,1.339222
397|2.980799,-2.740444,0.444485,0.035682,1.285321
398|2.984130,-2.742866,0.435503,0.034229,1.232556
399|2.987460,-2.745238,0.426514,0.032807,1.180925
400|2.990787,-2.747559,0.417517,0.031414,1.130425
401|2.994112,-2.749830,0.408512,0.030052,1.081052
402|2.997435,-2.752051,0.399501,0.028720,1.032806
403|3.000755,-2.754221,0.390482,0.027418,0.985683
404|3.004074,-2.756341,0.381457,0.026146,0.939680
405|3.007390,-2.758411,0.372424,0.024905,0.894797
406|3.010704,-2.760430,0.363386,0.023694,0.851030
407|3.014017,-2.762399,0.354340,0.022513,0.808378
408|3.017327,-2.764318,0.345289,0.021362,0.766837
409|3.020635,-2.766187,0.336232,0.020241,0.726407
410|3.023942,-2.768005,0.327168,0.019150,0.687085
411|3.027247,-2.769773,0.318099,0.018090,0.648869
412|3.030550,-2.771491,0.309025,0.017059,0.611758
413|3.033851,-2.773159,0.299945,0.016059,0.575749
414|3.037151,-2.774777,0.290860,0.015089,0.540841
415|3.040450,-2.776344,0.281770,0.014149,0.507032
416|3.043746,-2.777861,0.272675,0.013239,0.474320
417|3.047041,-2.779328,0.263575,0.012359,0.442703
418|3.050335,-2.780745,0.254470,0.011509,0.412181
419|3.053628,-2.782112,0.245362,0.010689,0.382752
420|3.056919,-2.783428,0.236249,0.009900,0.354414
421|3.060209,-2.784695,0.227132,0.009140,0.327165
422|3.063497,-2.785911,0.218011,0.008411,0.301005
423|3.066784,-2.787077,0.208886,0.007712,0.275932
424|3.070071,-2.788193,0.199758,0.007042,0.251944
425|3.073356,-2.789259,0.190626,0.006403,0.229042
426|3.076640,-2.790275,0.181491,0.005794,0.207223
427|3.079923,-2.791241,0.172353,0.005215,0.186486
428|3.083205,-2.792157,0.163212,0.004666,0.166831
429|3.086487,-2.793022,0.154069,0.004147,0.148256
430|3.089767,-2.793838,0.144922,0.003658,0.130761
431|3.093047,-2.794603,0.135774,0.003199,0.114344
432|3.096326,-2.795319,0.126623,0.002770,0.099005
433|3.099604,-2.795984,0.117469,0.002371,0.084743
434|3.102881,-2.796600,0.108314,0.002003,0.071558
435|3.106158,-2.797165,0.099157,0.001664,0.059448
436|3.109435,-2.797680,0.089999,0.001355,0.048412
437|3.112710,-2.798145,0.080839,0.001076,0.038452
438|3.115986,-2.798561,0.071678,0.000828,0.029565
439|3.119261,-2.798926,0.062515,0.000609,0.021752
440|3.122536,-2.799241,0.053352,0.000420,0.015012
441|3.125810,-2.799506,0.044188,0.000262,0.009344
442|3.129084,-2.799721,0.035023,0.000133,0.004749
443|3.132358,-2.799886,0.025857,0.000034,0.001226
444|3.135631,-2.800001,0.016691,0.000034,0.001225
445|3.138905,-2.800066,0.007526,0.000073,0.002605
446|3.142179,-2.800081,-0.001640,0.000082,0.002913
447|3.145452,-2.800046,-0.010806,0.000060,0.002149
448|3.148725,-2.799961,-0.019972,0.000009,0.000313
449|3.151999,-2.799826,-0.029137,0.000073,0.002593
450|3.155273,-2.799641,-0.038301,0.000184,0.006572
451|3.158546,-2.799406,-0.047465,0.000325,0.011623
452|3.161821,-2.799121,-0.056628,0.000497,0.017746
453|3.165095,-2.798786,-0.065790,0.000698,0.024941
454|3.168369,-2.798401,-0.074950,0.000930,0.033208
455|3.171644,-2.797966,-0.084109,0.001191,0.042549
456|3.174920,-2.797481,-0.093266,0.001482,0.052963
457|3.178196,-2.796946,-0.102422,0.001804,0.064451
458|3.181472,-2.796361,-0.111576,0.002155,0.077014
459|3.184749,-2.795726,-0.120728,0.002537,0.090651
460|3.188026,-2.795041,-0.129877,0.002948,0.105364
461|3.191304,-2.794306,-0.139024,0.003389,0.121153
462|3.194583,-2.793521,-0.148169,0.003861,0.138019
463|3.197863,-2.792686,-0.157311,0.004362,0.155963
464|3.201143,-2.791801,-0.166450,0.004894,0.174986
465|3.204424,-2.790866,-0.175586,0.005455,0.195088
466|3.207706,-2.789881,-0.184719,0.006047,0.216270
467|3.210989,-2.788846,-0.193848,0.006668,0.238534
468|3.214273,-2.787761,-0.202974,0.007320,0.261879
469|3.217558,-2.786626,-0.212096,0.008001,0.286309
470|3.220845,-2.785440,-0.221215,0.008713,0.311823
471|3.224132,-2.784205,-0.230329,0.009454,0.338423
472|3.227420,-2.782920,-0.239439,0.010226,0.366110
473|3.230710,-2.781584,-0.248545,0.011028,0.394885
474|3.234001,-2.780199,-0.257647,0.011859,0.424749
475|3.237293,-2.778764,-0.266744,0.012721,0.455705
476|3.240587,-2.777278,-0.275836,0.013613,0.487754
477|3.243882,-2.775742,-0.284923,0.014534,0.520896
478|3.247178,-2.774157,-0.294004,0.015486,0.555134
479|3.250476,-2.772521,-0.303081,0.016468,0.590470
480|3.253776,-2.770835,-0.312152,0.017480,0.626904
481|3.257077,-2.769099,-0.321218,0.018522,0.664439
482|3.260380,-2.767313,-0.330277,0.019594,0.703076
483|3.263685,-2.765477,-0.339331,0.020696,0.742817
484|3.266991,-2.763591,-0.348379,0.021828,0.783665
485|3.270300,-2.761654,-0.357420,0.022991,0.825620
486|3.273610,-2.759668,-0.366455,0.024183,0.868686
487|3.276922,-2.757631,-0.375483,0.025405,0.912864
488|3.280236,-2.755544,-0.384504,0.026658,0.958156
489|3.283552,-2.753407,-0.393519,0.027940,1.004564
490|3.286870,-2.751220,-0.402526,0.029253,1.052091
491|3.290190,-2.748983,-0.411526,0.030596,1.100739
492|3.293513,-2.746695,-0.420519,0.031969,1.150510
493|3.296838,-2.744358,-0.429503,0.033372,1.201407
494|3.300164,-2.741970,-0.438481,0.034805,1.253432
495|3.303494,-2.739532,-0.447450,0.036268,1.306588
496|3.306826,-2.737043,-0.456411,0.037762,1.360876
497|3.310160,-2.734505,-0.465363,0.039285,1.416301
498|3.313496,-2.731916,-0.474308,0.040839,1.472864
499|3.316835,-2.729277,-0.483243,0.042423,1.530568
500|3.320177,-2.726587,-0.492170,0.044037,1.589416
501|3.323522,-2.723848,-0.501088,0.045681,1.649411
502|3.326869,-2.721058,-0.509996,0.047355,1.710556
503|3.330219,-2.718218,-0.518895,0.049060,1.772853
504|3.333571,-2.715327,-0.527785,0.050794,1.836307
505|3.336927,-2.712386,-0.536665,0.052559,1.900919
506|3.340285,-2.709395,-0.545535,0.054354,1.966694
507|3.343647,-2.706354,-0.554395,0.056180,2.033633
508|3.347011,-2.703262,-0.563245,0.058035,2.101742
509|3.350379,-2.700119,-0.572085,0.059921,2.171022
510|3.353750,-2.696927,-0.580914,0.061837,2.241477
511|3.357124,-2.693684,-0.589732,0.063783,2.313112
512|3.360501,-2.690390,-0.598539,0.065760,2.385929
513|3.363881,-2.687046,-0.607336,0.067766,2.459931
514|3.367265,-2.683652,-0.616121,0.069803,2.535124
515|3.370652,-2.680207,-0.624894,0.071871,2.611509
516|3.374043,-2.676712,-0.633656,0.073968,2.689092
517|3.377437,-2.673166,-0.642406,0.076096,2.767876
518|3.380835,-2.669570,-0.651144,0.078254,2.847864
519|3.384236,-2.665923,-0.659870,0.080443,2.929062
520|3.387641,-2.662226,-0.668583,0.082662,3.011473
521|3.391050,-2.658478,-0.677284,0.084911,3.095100
522|3.394463,-2.654679,-0.685973,0.087190,3.179949
523|3.397879,-2.650830,-0.694648,0.089500,3.266024
524|3.401300,-2.646931,-0.703310,0.091840,3.353328
525|3.404724,-2.642980,-0.711959,0.094210,3.441867
526|3.408153,-2.638980,-0.720595,0.096611,3.531644
527|3.411585,-2.634928,-0.729217,0.099043,3.622665
528|3.415022,-2.630826,-0.737825,0.101504,3.714933
529|3.418463,-2.626673,-0.746419,0.103996,3.808454
530|3.421908,-2.622470,-0.754999,0.106519,3.903233
531|3.425358,-2.618215,-0.763564,0.109072,3.999273
532|3.428812,-2.613910,-0.772115,0.111655,4.096581
533|3.432270,-2.609555,-0.780651,0.114269,4.195160
534|3.435733,-2.605148,-0.789172,0.116913,4.295017
535|3.439201,-2.600691,-0.797678,0.119588,4.396156
536|3.442673,-2.596183,-0.806168,0.122293,4.498582
537|3.446150,-2.591624,-0.814643,0.125029,4.602301
538|3.449632,-2.587014,-0.823102,0.127795,4.707317
539|3.453118,-2.582354,-0.831545,0.130591,4.813637
540|3.456610,-2.577642,-0.839973,0.133419,4.921266
541|3.460106,-2.572880,-0.848383,0.136276,5.030210
542|3.463608,-2.568067,-0.856777,0.139165,5.140474
543|3.467114,-2.563203,-0.865155,0.142083,5.252063
544|3.470626,-2.558288,-0.873515,0.145033,5.364984
545|3.474143,-2.553322,-0.881859,0.148013,5.479243
546|3.477665,-2.548305,-0.890185,0.151023,5.594845
547|3.481193,-2.543237,-0.898493,0.154064,5.711797
548|3.484726,-2.538118,-0.906784,0.157136,5.830105
549|3.488265,-2.532947,-0.915056,0.160238,5.949775
550|3.491809,-2.527726,-0.923311,0.163372,6.070813
551|3.495358,-2.522454,-0.931547,0.166535,6.193225
552|3.498914,-2.517131,-0.939765,0.169729,6.317019
553|3.502475,-2.511756,-0.947963,0.172954,6.442201
554|3.506042,-2.506331,-0.956143,0.176210,6.568777
555|3.509615,-2.500854,-0.964304,0.179496,6.696754
556|3.513194,-2.495326,-0.972445,0.182814,6.826140
557|3.516779,-2.489747,-0.980566,0.186161,6.956940
558|3.520370,-2.484116,-0.988668,0.189540,7.089162
559|3.523967,-2.478435,-0.996749,0.192949,7.222814
560|3.527571,-2.472702,-1.004810,0.196389,7.357901
561|3.531181,-2.466918,-1.012851,0.199860,7.494432
562|3.534797,-2.461082,-1.020871,0.203361,7.632414
563|3.538420,-2.455196,-1.028870,0.206894,7.771855
564|3.542049,-2.449258,-1.036848,0.210457,7.912762
565|3.545685,-2.443268,-1.044804,0.214051,8.055142
566|3.549328,-2.437227,-1.052739,0.217676,8.199004
567|3.552977,-2.431135,-1.060652,0.221331,8.344355
568|3.556634,-2.424991,-1.068543,0.225018,8.491204
569|3.560297,-2.418796,-1.076411,0.228735,8.639558
570|3.563967,-2.412550,-1.084257,0.232483,8.789425
571|3.567645,-2.406252,-1.092081,0.236262,8.940815
572|3.571329,-2.399902,-1.099881,0.240072,9.093735
573|3.575021,-2.393501,-1.107658,0.243913,9.248193
574|3.578720,-2.387048,-1.115412,0.247785,9.404199
575|3.582427,-2.380544,-1.123141,0.251688,9.561761
576|3.586141,-2.373988,-1.130847,0.255621,9.720888
577|3.589863,-2.367381,-1.138529,0.259586,9.881588
578|3.593592,-2.360722,-1.146186,0.263582,10.043872
579|3.597329,-2.354012,-1.153819,0.267608,10.207747
580|3.601074,-2.347249,-1.161427,0.271666,10.373224
581|3.604827,-2.340435,-1.169009,0.275755,10.540312
582|3.608588,-2.333570,-1.176566,0.279874,10.709019
583|3.612357,-2.326652,-1.184098,0.284025,10.879356
584|3.616134,-2.319683,-1.191604,0.288207,11.051333
585|3.619919,-2.312662,-1.199083,0.292419,11.224958
586|3.623713,-2.305589,-1.206536,0.296663,11.400243
587|3.627515,-2.298465,-1.213963,0.300938,11.577198
588|3.631326,-2.291289,-1.221362,0.305244,11.755831
589|3.635146,-2.284061,-1.228734,0.309581,11.936155
590|3.638974,-2.276781,-1.236079,0.313949,12.118179
591|3.642810,-2.269449,-1.243397,0.318349,12.301913
592|3.646656,-2.262065,-1.250686,0.322779,12.487369
593|3.650511,-2.254629,-1.257947,0.327241,12.674558
594|3.654375,-2.247142,-1.265179,0.331733,12.863490
595|3.658248,-2.239602,-1.272383,0.336257,13.054176
596|3.662130,-2.232011,-1.279558,0.340812,13.246628
597|3.666022,-2.224367,-1.286704,0.345399,13.440857
598|3.669923,-2.216672,-1.293820,0.350016,13.636874
599|3.673834,-2.208924,-1.300906,0.354665,13.834692
600|3.677754,-2.201125,-1.307962,0.359344,14.034321
601|3.681685,-2.193273,-1.314987,0.364056,14.235774
602|3.685625,-2.185370,-1.321982,0.368798,14.439063
603|3.689575,-2.177414,-1.328946,0.373571,14.644200
604|3.693535,-2.169406,-1.335879,0.378376,14.851197
605|3.697505,-2.161346,-1.342780,0.383212,15.060067
606|3.701486,-2.153234,-1.349650,0.388080,15.270823
607|3.705477,-2.145070,-1.356487,0.392978,15.483477
608|3.709479,-2.136854,-1.363292,0.397908,15.698042
609|3.713491,-2.128586,-1.370064,0.402869,15.914532
610|3.717514,-2.120265,-1.376803,0.407862,16.132959
611|3.721548,-2.111892,-1.383509,0.412885,16.353337
612|3.725592,-2.103468,-1.390182,0.417940,16.575679
613|3.729648,-2.094990,-1.396820,0.423027,16.799999
614|3.733715,-2.086461,-1.403424,0.428145,17.026312
615|3.737793,-2.077879,-1.409994,0.433294,17.254631
616|3.741883,-2.069246,-1.416529,0.438474,17.484970
617|3.745984,-2.060560,-1.423029,0.443686,17.717343
618|3.750097,-2.051821,-1.429493,0.448929,17.951766
619|3.754222,-2.043031,-1.435922,0.454203,18.188252
620|3.758358,-2.034188,-1.442314,0.459509,18.426818
621|3.762506,-2.025293,-1.448671,0.464846,18.667477
622|3.766667,-2.016346,-1.454990,0.470215,18.910245
623|3.770840,-2.007346,-1.461272,0.475614,19.155138
624|3.775025,-1.998294,-1.467517,0.481046,19.402170
625|3.779223,-1.989190,-1.473725,0.486508,19.651358
626|3.783433,-1.980033,-1.479894,0.492002,19.902718
627|3.787656,-1.970824,-1.486025,0.497528,20.156266
628|3.791892,-1.961563,-1.492117,0.503084,20.412018
629|3.796141,-1.952250,-1.498170,0.508672,20.669990
630|3.800404,-1.942884,-1.504183,0.514292,20.930200
631|3.804679,-1.933466,-1.510157,0.519943,21.192664
632|3.808968,-1.923996,-1.516091,0.525625,21.457399
633|3.813270,-1.914473,-1.521984,0.531338,21.724423
634|3.817587,-1.904898,-1.527837,0.537083,21.993753
635|3.821917,-1.895271,-1.533648,0.542860,22.265406
636|3.826261,-1.885592,-1.539418,0.548667,22.539401
637|3.830619,-1.875860,-1.545146,0.554506,22.815756
638|3.834991,-1.866076,-1.550832,0.560377,23.094488
639|3.839378,-1.856240,-1.556475,0.566279,23.375618
640|3.843779,-1.846351,-1.562075,0.572212,23.659162
641|3.848195,-1.836411,-1.567631,0.578176,23.945140
642|3.852626,-1.826418,-1.573144,0.584172,24.233571
643|3.857072,-1.816372,-1.578613,0.590199,24.524475
644|3.861534,-1.806275,-1.584037,0.596257,24.817872
645|3.866010,-1.796126,-1.589416,0.602347,25.113780
646|3.870502,-1.785924,-1.594751,0.608468,25.412220
647|3.875010,-1.775670,-1.600039,0.614620,25.713212
648|3.879533,-1.765364,-1.605281,0.620804,26.016777
649|3.884073,-1.755006,-1.610477,0.627019,26.322936
650|3.888628,-1.744596,-1.615626,0.633265,26.631709
651|3.893200,-1.734133,-1.620727,0.639542,26.943117
652|3.897788,-1.723619,-1.625781,0.645851,27.257183
653|3.902393,-1.713053,-1.630787,0.652190,27.573927
654|3.907015,-1.702434,-1.635744,0.658561,27.893371
655|3.911654,-1.691764,-1.640652,0.664963,28.215539
656|3.916310,-1.681042,-1.645511,0.671397,28.540451
657|3.920983,-1.670268,-1.650320,0.677861,28.868131
658|3.925674,-1.659442,-1.655078,0.684356,29.198602
659|3.930383,-1.648564,-1.659786,0.690883,29.531887
660|3.935109,-1.637635,-1.664443,0.697441,29.868009
661|3.939854,-1.626654,-1.669048,0.704029,30.206992
662|3.944617,-1.615621,-1.673602,0.710649,30.548860
663|3.949398,-1.604536,-1.678103,0.717299,30.893637
664|3.954198,-1.593400,-1.682550,0.723981,31.241347
665|3.959016,-1.582212,-1.686945,0.730694,31.592016
666|3.963854,-1.570973,-1.691286,0.737437,31.945667
667|3.968711,-1.559682,-1.695572,0.744211,32.302328
668|3.973588,-1.548340,-1.699803,0.751016,32.662022
669|3.978484,-1.536947,-1.703980,0.757852,33.024777
670|3.983400,-1.525502,-1.708100,0.764719,33.390617
671|3.988336,-1.514006,-1.712165,0.771616,33.759570
672|3.993292,-1.502459,-1.716172,0.778545,34.131662
673|3.998269,-1.490861,-1.720123,0.785503,34.506920
674|4.003267,-1.479212,-1.724015,0.792493,34.885372
675|4.008285,-1.467512,-1.727850,0.799512,35.267044
676|4.013325,-1.455761,-1.731626,0.806563,35.651965
677|4.018386,-1.443959,-1.735342,0.813644,36.040163
678|4.023468,-1.432107,-1.738999,0.820755,36.431666
679|4.028573,-1.420204,-1.742596,0.827897,36.826503
680|4.033699,-1.408250,-1.746132,0.835069,37.224703
681|4.038848,-1.396246,-1.749606,0.842271,37.626295
682|4.044019,-1.384192,-1.753019,0.849503,38.031310
683|4.049213,-1.372087,-1.756369,0.856766,38.439776
684|4.054430,-1.359932,-1.759657,0.864059,38.851724
685|4.059671,-1.347727,-1.762881,0.871382,39.267185
686|4.064935,-1.335472,-1.766041,0.878734,39.686190
687|4.070222,-1.323168,-1.769137,0.886117,40.108769
688|4.075534,-1.310813,-1.772167,0.893529,40.534954
689|4.080870,-1.298409,-1.775132,0.900971,40.964777
690|4.086230,-1.285956,-1.778030,0.908443,41.398270
691|4.091616,-1.273453,-1.780862,0.915945,41.835466
692|4.097026,-1.260901,-1.783626,0.923476,42.276397
693|4.102462,-1.248300,-1.786322,0.931036,42.721096
694|4.107924,-1.235650,-1.788950,0.938626,43.169597
695|4.113411,-1.222951,-1.791508,0.946245,43.621933
696|4.118925,-1.210203,-1.793997,0.953894,44.078138
697|4.124465,-1.197407,-1.796415,0.961571,44.538247
698|4.130031,-1.184563,-1.798762,0.969277,45.002293
699|4.135625,-1.171670,-1.801038,0.977013,45.470314
700|4.141247,-1.158729,-1.803241,0.984777,45.942342
701|4.146896,-1.145741,-1.805372,0.992570,46.418414
702|4.152573,-1.132704,-1.807429,1.000391,46.898567
703|4.158278,-1.119621,-1.809411,1.008241,47.382835
704|4.164012,-1.106490,-1.811319,1.016120,47.871256
705|4.169774,-1.093311,-1.813152,1.024026,48.363867
706|4.175566,-1.080086,-1.814908,1.031961,48.860704
707|4.181388,-1.066814,-1.816588,1.039924,49.361805
708|4.187239,-1.053496,-1.818190,1.047915,49.867207
709|4.193121,-1.040131,-1.819714,1.055933,50.376950
710|4.199033,-1.026720,-1.821159,1.063980,50.891070
711|4.204976,-1.013264,-1.822525,1.072053,51.409608
712|4.210950,-0.999761,-1.823810,1.080154,51.932601
713|4.216956,-0.986214,-1.825015,1.088283,52.460089
714|4.222994,-0.972621,-1.826138,1.096438,52.992111
715|4.229064,-0.958983,-1.827178,1.104620,53.528708
716|4.235167,-0.945301,-1.828136,1.112830,54.069918
717|4.241303,-0.931574,-1.829009,1.121065,54.615784
718|4.247472,-0.917804,-1.829799,1.129327,55.166344
719|4.253675,-0.903989,-1.830503,1.137616,55.721641
720|4.259913,-0.890131,-1.831121,1.145930,56.281714
721|4.266185,-0.876230,-1.831652,1.154271,56.846606
722|4.272491,-0.862286,-1.832096,1.162637,57.416358
723|4.278833,-0.848299,-1.832451,1.171029,57.991011
724|4.285211,-0.834270,-1.832717,1.179446,58.570608
725|4.291625,-0.820199,-1.832894,1.187888,59.155191
726|4.298076,-0.806087,-1.832980,1.196355,59.744803
727|4.304564,-0.791933,-1.832975,1.204847,60.339485
728|4.311089,-0.777739,-1.832877,1.213363,60.939281
729|4.317652,-0.763504,-1.832686,1.221904,61.544233
730|4.324253,-0.749229,-1.832402,1.230469,62.154384
731|4.330893,-0.734914,-1.832023,1.239058,62.769779
732|4.337572,-0.720560,-1.831548,1.247670,63.390459
733|4.344290,-0.706167,-1.830977,1.256305,64.016468
734|4.351049,-0.691735,-1.830309,1.264964,64.647851
735|4.357848,-0.677266,-1.829543,1.273645,65.284649
736|4.364688,-0.662758,-1.828679,1.282350,65.926908
737|4.371570,-0.648214,-1.827714,1.291076,66.574670
738|4.378494,-0.633633,-1.826649,1.299824,67.227978
739|4.385460,-0.619016,-1.825483,1.308594,67.886878
740|4.392469,-0.604363,-1.824214,1.317386,68.551412
741|4.399522,-0.589675,-1.822842,1.326198,69.221623
742|4.406618,-0.574952,-1.821365,1.335032,69.897555
743|4.413759,-0.560195,-1.819784,1.343886,70.579251
744|4.420945,-0.545404,-1.818097,1.352760,71.266755
745|4.428176,-0.530581,-1.816303,1.361654,71.960109
746|4.435453,-0.515724,-1.814402,1.370567,72.659355
747|4.442777,-0.500836,-1.812391,1.379500,73.364537
748|4.450148,-0.485917,-1.810271,1.388451,74.075697
749|4.457567,-0.470967,-1.808041,1.397421,74.792876
750|4.465034,-0.455987,-1.805699,1.406409,75.516116
751|4.472549,-0.440977,-1.803244,1.415415,76.245458
752|4.480114,-0.425939,-1.800676,1.424437,76.980942
753|4.487729,-0.410873,-1.797994,1.433477,77.722610
754|4.495394,-0.395779,-1.795196,1.442533,78.470500
755|4.503111,-0.380659,-1.792282,1.451605,79.224651
756|4.510879,-0.365513,-1.789251,1.460692,79.985103
757|4.518699,-0.350342,-1.786101,1.469795,80.751893
758|4.526572,-0.335146,-1.782832,1.478912,81.525057
759|4.534499,-0.319927,-1.779443,1.488044,82.304633
760|4.542480,-0.304685,-1.775932,1.497189,83.090655
761|4.550515,-0.289421,-1.772299,1.506347,83.883159
762|4.558606,-0.274136,-1.768543,1.515518,84.682177
763|4.566753,-0.258831,-1.764662,1.524701,85.487742
764|4.574957,-0.243506,-1.760656,1.533896,86.299886
765|4.583218,-0.228163,-1.756523,1.543101,87.118638
766|4.591536,-0.212802,-1.752263,1.552318,87.944028
767|4.599914,-0.197425,-1.747874,1.561544,88.776083
768|4.608351,-0.182033,-1.743356,1.570780,89.614829
769|4.616848,-0.166625,-1.738707,1.580024,90.460291
770|4.625406,-0.151204,-1.733927,1.589276,91.312491
771|4.634025,-0.135771,-1.729013,1.598536,92.171451
772|4.642706,-0.120326,-1.723966,1.607803,93.037191
773|4.651450,-0.104871,-1.718784,1.617076,93.909728
774|4.660257,-0.089407,-1.713466,1.626355,94.789078
775|4.669129,-0.073935,-1.708012,1.635639,95.675253
776|4.678066,-0.058456,-1.702418,1.644926,96.568266
777|4.687068,-0.042971,-1.696686,1.654217,97.468125
778|4.696137,-0.027481,-1.690814,1.663511,98.374836
779|4.705273,-0.011989,-1.684800,1.672806,99.288403
780|4.714477,0.003505,-1.678644,1.675093,99.791172
781|4.723750,0.019000,-1.672345,1.653400,98.863892
782|4.733092,0.034494,-1.665901,1.631708,97.929761
783|4.742505,0.049986,-1.659311,1.610020,96.988788
784|4.751988,0.065475,-1.652575,1.588336,96.040983
785|4.761543,0.080958,-1.645691,1.566660,95.086362
786|4.771171,0.096435,-1.638658,1.544993,94.124943
787|4.780872,0.111904,-1.631476,1.523337,93.156747
788|4.790647,0.127363,-1.624142,1.501694,92.181802
789|4.800498,0.142811,-1.616657,1.480067,91.200137
790|4.810423,0.158246,-1.609018,1.458458,90.211786
791|4.820426,0.173668,-1.601226,1.436869,89.216790
792|4.830505,0.189073,-1.593278,1.415302,88.215191
793|4.840663,0.204460,-1.585175,1.393761,87.207038
794|4.850900,0.219827,-1.576914,1.372246,86.192385
795|4.861216,0.235174,-1.568495,1.350762,85.171290
796|4.871613,0.250497,-1.559917,1.329310,84.143819
797|4.882091,0.265795,-1.551179,1.307893,83.110041
798|4.892652,0.281067,-1.542280,1.286514,82.070033
799|4.903295,0.296309,-1.533218,1.265175,81.023877
800|4.914022,0.311521,-1.523994,1.243879,79.971661
801|4.924834,0.326700,-1.514606,1.222630,78.913481
802|4.935730,0.341844,-1.505053,1.201429,77.849440
803|4.946713,0.356950,-1.495334,1.180280,76.779645
804|4.957783,0.372018,-1.485448,1.159186,75.704215
805|4.968941,0.387044,-1.475395,1.138150,74.623274
806|4.980187,0.402027,-1.465174,1.117175,73.536953
807|4.991522,0.416964,-1.454784,1.096264,72.445393
808|5.002947,0.431853,-1.444223,1.075421,71.348743
809|5.014463,0.446691,-1.433492,1.054649,70.247161
810|5.026071,0.461477,-1.422589,1.033950,69.140812
811|5.037771,0.476206,-1.411514,1.013329,68.029873
812|5.049563,0.490879,-1.400266,0.992789,66.914528
813|5.061450,0.505490,-1.388845,0.972334,65.794972
814|5.073431,0.520039,-1.377249,0.951967,64.671410
815|5.085506,0.534522,-1.365479,0.931692,63.544057
816|5.097678,0.548937,-1.353533,0.911512,62.413139
817|5.109946,0.563281,-1.341411,0.891432,61.278891
818|5.122311,0.577551,-1.329113,0.871455,60.141563
819|5.134774,0.591745,-1.316639,0.851585,59.001412
820|5.147335,0.605859,-1.303987,0.831826,57.858708
821|5.159995,0.619892,-1.291157,0.812183,56.713735
822|5.172754,0.633839,-1.278149,0.792659,55.566786
823|5.185613,0.647697,-1.264964,0.773258,54.418167
824|5.198572,0.661465,-1.251600,0.753985,53.268198
825|5.211633,0.675139,-1.238057,0.734843,52.117210
826|5.224795,0.688715,-1.224336,0.715838,50.965548
827|5.238058,0.702191,-1.210436,0.696974,49.813569
828|5.251424,0.715563,-1.196357,0.678254,48.661644
829|5.264892,0.728828,-1.182100,0.659685,47.510157
830|5.278462,0.741983,-1.167664,0.641269,46.359506
831|5.292136,0.755025,-1.153050,0.623012,45.210101
832|5.305913,0.767951,-1.138258,0.604919,44.062367
833|5.319794,0.780756,-1.123288,0.586993,42.916743
834|5.333778,0.793437,-1.108140,0.569241,41.773681
835|5.347866,0.805992,-1.092816,0.551666,40.633647
836|5.362058,0.818417,-1.077315,0.534274,39.497120
837|5.376353,0.830707,-1.061638,0.517069,38.364593
838|5.390753,0.842861,-1.045787,0.500056,37.236573
839|5.405256,0.854873,-1.029761,0.483241,36.113580
840|5.419862,0.866741,-1.013562,0.466628,34.996147
841|5.434572,0.878461,-0.997190,0.450222,33.884820
842|5.449384,0.890030,-0.980646,0.434028,32.780158
843|5.464300,0.901443,-0.963933,0.418052,31.682733
844|5.479318,0.912697,-0.947050,0.402298,30.593128
845|5.494437,0.923789,-0.929999,0.386772,29.511939
846|5.509658,0.934715,-0.912782,0.371478,28.439771
847|5.524980,0.945471,-0.895399,0.356422,27.377243
848|5.540402,0.956053,-0.877854,0.341609,26.324982
849|5.555924,0.966458,-0.860146,0.327044,25.283624
850|5.571543,0.976683,-0.842279,0.312732,24.253817
851|5.587261,0.986723,-0.824254,0.298679,23.236215
852|5.603076,0.996575,-0.806072,0.284888,22.231481
853|5.618986,1.006235,-0.787737,0.271366,21.240283
854|5.634991,1.015700,-0.769250,0.258117,20.263297
855|5.651089,1.024966,-0.750613,0.245147,19.301204
856|5.667280,1.034030,-0.731830,0.232460,18.354686
857|5.683562,1.042888,-0.712901,0.220062,17.424433
858|5.699933,1.051536,-0.693831,0.207957,16.511133
859|5.716392,1.059972,-0.674622,0.196149,15.615477
860|5.732938,1.068191,-0.655277,0.184645,14.738156
861|5.749569,1.076190,-0.635798,0.173448,13.879859
862|5.766282,1.083966,-0.616188,0.162563,13.041271
863|5.783077,1.091517,-0.596452,0.151995,12.223077
864|5.799951,1.098837,-0.576591,0.141749,11.425952
865|5.816902,1.105925,-0.556610,0.131828,10.650568
866|5.833929,1.112778,-0.536512,0.122237,9.897589
867|5.851029,1.119391,-0.516301,0.112980,9.167668
868|5.868199,1.125763,-0.495980,0.104061,8.461447
869|5.885439,1.131891,-0.475552,0.095484,7.779559
870|5.902744,1.137771,-0.455023,0.087254,7.122621
871|5.920113,1.143402,-0.434395,0.079373,6.491236
872|5.937543,1.148780,-0.413673,0.071846,5.885989
873|5.955032,1.153903,-0.392861,0.064675,5.307451
874|5.972577,1.158769,-0.371963,0.057865,4.756169
875|5.990175,1.163375,-0.350984,0.051418,4.232673
876|6.007823,1.167719,-0.329927,0.045338,3.737470
877|6.025519,1.171800,-0.308798,0.039626,3.271044
878|6.043259,1.175615,-0.287601,0.034287,2.833854
879|6.061041,1.179163,-0.266340,0.029322,2.426335
880|6.078861,1.182441,-0.245021,0.024734,2.048891
881|6.096717,1.185448,-0.223647,0.020525,1.701904
882|6.114605,1.188184,-0.202224,0.016696,1.385722
883|6.132522,1.190646,-0.180757,0.013251,1.100665
884|6.150465,1.192833,-0.159249,0.010190,0.847023
885|6.168431,1.194745,-0.137708,0.007515,0.625052
886|6.186416,1.196380,-0.116136,0.005227,0.434978
887|6.204417,1.197737,-0.094540,0.003327,0.276992
888|6.222430,1.198817,-0.072924,0.001816,0.151252
889|6.240454,1.199618,-0.051293,0.000695,0.057882
890|6.258483,1.200141,-0.029652,0.000036,0.003027
891|6.276515,1.200385,-0.008007,0.000377,0.031421
892|0.011361,1.200349,0.013638,0.000327,0.027280
