OneBody2_E-0.25_ecc0.0_EU1.txt
initial value : [x, y, v_x, v_y] = [2.00,0.00,0.00,0.71] , numerical interval dt = 0.02000 , [M, m] = [ 1, 1]

num|geodesic|
num|newtonian
num|degree, x, y, simple error, relative error
  1|0.000000,2.000000,0.000000,0.000000,0.000000
  2|0.007071,2.000000,0.014142,0.000000,0.000000
  3|0.014142,1.999850,0.028284,0.000150,0.007500
  4|0.021213,1.999600,0.042425,0.000400,0.020000
  5|0.028285,1.999250,0.056564,0.000750,0.037500
  6|0.035357,1.998800,0.070700,0.001200,0.059999
  7|0.042428,1.998250,0.084833,0.001750,0.087496
  8|0.049500,1.997600,0.098963,0.002400,0.119992
  9|0.056573,1.996850,0.113088,0.003150,0.157483
 10|0.063645,1.996001,0.127207,0.003999,0.199969
 11|0.070717,1.995051,0.141321,0.004949,0.247449
 12|0.077790,1.994002,0.155427,0.005998,0.299919
 13|0.084863,1.992852,0.169527,0.007148,0.357379
 14|0.091936,1.991604,0.183618,0.008396,0.419824
 15|0.099009,1.990255,0.197700,0.009745,0.487253
 16|0.106083,1.988807,0.211773,0.011193,0.559663
 17|0.113156,1.987259,0.225836,0.012741,0.637050
 18|0.120230,1.985612,0.239887,0.014388,0.719411
 19|0.127304,1.983865,0.253928,0.016135,0.806742
 20|0.134378,1.982019,0.267955,0.017981,0.899039
 21|0.141453,1.980074,0.281970,0.019926,0.996298
 22|0.148527,1.978030,0.295971,0.021970,1.098514
 23|0.155602,1.975886,0.309957,0.024114,1.205682
 24|0.162677,1.973644,0.323928,0.026356,1.317799
 25|0.169752,1.971303,0.337884,0.028697,1.434857
 26|0.176827,1.968863,0.351822,0.031137,1.556853
 27|0.183902,1.966324,0.365744,0.033676,1.683779
 28|0.190978,1.963687,0.379647,0.036313,1.815631
 29|0.198053,1.960952,0.393532,0.039048,1.952402
 30|0.205129,1.958118,0.407398,0.041882,2.094085
 31|0.212205,1.955187,0.421243,0.044813,2.240674
 32|0.219282,1.952157,0.435068,0.047843,2.392161
 33|0.226358,1.949029,0.448871,0.050971,2.548540
 34|0.233435,1.945804,0.462653,0.054196,2.709803
 35|0.240512,1.942481,0.476411,0.057519,2.875943
 36|0.247589,1.939061,0.490146,0.060939,3.046951
 37|0.254666,1.935544,0.503856,0.064456,3.222819
 38|0.261743,1.931929,0.517542,0.068071,3.403538
 39|0.268820,1.928218,0.531202,0.071782,3.589101
 40|0.275898,1.924410,0.544836,0.075590,3.779498
 41|0.282976,1.920506,0.558443,0.079494,3.974720
 42|0.290054,1.916505,0.572022,0.083495,4.174757
 43|0.297132,1.912408,0.585573,0.087592,4.379601
 44|0.304211,1.908215,0.599095,0.091785,4.589240
 45|0.311289,1.903927,0.612588,0.096073,4.803665
 46|0.318368,1.899543,0.626050,0.100457,5.022866
 47|0.325447,1.895063,0.639480,0.104937,5.246831
 48|0.332526,1.890489,0.652880,0.109511,5.475550
 49|0.339605,1.885820,0.666246,0.114180,5.709013
 50|0.346685,1.881056,0.679580,0.118944,5.947206
 51|0.353764,1.876198,0.692880,0.123802,6.190120
 52|0.360844,1.871245,0.706146,0.128755,6.437742
 53|0.367924,1.866199,0.719376,0.133801,6.690059
 54|0.375004,1.861059,0.732571,0.138941,6.947061
 55|0.382085,1.855825,0.745730,0.144175,7.208734
 56|0.389165,1.850499,0.758851,0.149501,7.475065
 57|0.396246,1.845079,0.771935,0.154921,7.746041
 58|0.403327,1.839567,0.784980,0.160433,8.021650
 59|0.410408,1.833962,0.797986,0.166038,8.301878
 60|0.417489,1.828266,0.810953,0.171734,8.586710
 61|0.424570,1.822477,0.823879,0.177523,8.876134
 62|0.431652,1.816597,0.836765,0.183403,9.170135
 63|0.438734,1.810626,0.849608,0.189374,9.468698
 64|0.445816,1.804564,0.862409,0.195436,9.771809
 65|0.452898,1.798411,0.875168,0.201589,10.079453
 66|0.459980,1.792168,0.887883,0.207832,10.391615
 67|0.467062,1.785834,0.900553,0.214166,10.708280
 68|0.474145,1.779411,0.913179,0.220589,11.029432
 69|0.481228,1.772899,0.925759,0.227101,11.355055
 70|0.488311,1.766297,0.938293,0.233703,11.685133
 71|0.495394,1.759607,0.950781,0.240393,12.019650
 72|0.502477,1.752828,0.963221,0.247172,12.358591
 73|0.509561,1.745961,0.975613,0.254039,12.701937
 74|0.516645,1.739007,0.987956,0.260993,13.049672
 75|0.523729,1.731964,1.000250,0.268036,13.401779
 76|0.530813,1.724835,1.012494,0.275165,13.758241
 77|0.537897,1.717619,1.024688,0.282381,14.119039
 78|0.544981,1.710317,1.036830,0.289683,14.484157
 79|0.552066,1.702928,1.048921,0.297072,14.853577
 80|0.559151,1.695454,1.060960,0.304546,15.227279
 81|0.566236,1.687895,1.072945,0.312105,15.605246
 82|0.573321,1.680251,1.084877,0.319749,15.987459
 83|0.580406,1.672522,1.096755,0.327478,16.373899
 84|0.587492,1.664709,1.108578,0.335291,16.764547
 85|0.594577,1.656812,1.120345,0.343188,17.159383
 86|0.601663,1.648832,1.132057,0.351168,17.558389
 87|0.608749,1.640769,1.143712,0.359231,17.961545
 88|0.615835,1.632623,1.155310,0.367377,18.368830
 89|0.622922,1.624396,1.166850,0.375604,18.780224
 90|0.630008,1.616086,1.178332,0.383914,19.195707
 91|0.637095,1.607695,1.189756,0.392305,19.615259
 92|0.644182,1.599223,1.201119,0.400777,20.038859
 93|0.651269,1.590670,1.212423,0.409330,20.466485
 94|0.658356,1.582038,1.223666,0.417962,20.898117
 95|0.665444,1.573325,1.234848,0.426675,21.333734
 96|0.672531,1.564534,1.245968,0.435466,21.773313
 97|0.679619,1.555663,1.257025,0.444337,22.216832
 98|0.686707,1.546715,1.268020,0.453285,22.664271
 99|0.693795,1.537688,1.278952,0.462312,23.115606
100|0.700884,1.528584,1.289819,0.471416,23.570816
101|0.707972,1.519402,1.300622,0.480598,24.029877
102|0.715061,1.510145,1.311360,0.489855,24.492767
103|0.722150,1.500811,1.322032,0.499189,24.959463
104|0.729239,1.491401,1.332638,0.508599,25.429942
105|0.736328,1.481916,1.343177,0.518084,25.904180
106|0.743417,1.472357,1.353649,0.527643,26.382155
107|0.750507,1.462723,1.364054,0.537277,26.863841
108|0.757597,1.453016,1.374389,0.546984,27.349216
109|0.764687,1.443235,1.384657,0.556765,27.838254
110|0.771777,1.433381,1.394854,0.566619,28.330933
111|0.778867,1.423455,1.404982,0.576545,28.827227
112|0.785958,1.413458,1.415040,0.586542,29.327111
113|0.793048,1.403389,1.425027,0.596611,29.830561
114|0.800139,1.393249,1.434942,0.606751,30.337552
115|0.807230,1.383039,1.444785,0.616961,30.848058
116|0.814321,1.372759,1.454556,0.627241,31.362055
117|0.821413,1.362410,1.464254,0.637590,31.879516
118|0.828504,1.351992,1.473879,0.648008,32.400415
119|0.835596,1.341505,1.483430,0.658495,32.924728
120|0.842688,1.330951,1.492906,0.669049,33.452427
121|0.849780,1.320330,1.502308,0.679670,33.983487
122|0.856872,1.309642,1.511634,0.690358,34.517880
123|0.863965,1.298888,1.520885,0.701112,35.055581
124|0.871057,1.288069,1.530059,0.711931,35.596562
125|0.878150,1.277184,1.539156,0.722816,36.140797
126|0.885243,1.266235,1.548177,0.733765,36.688258
127|0.892336,1.255222,1.557119,0.744778,37.238918
128|0.899429,1.244145,1.565984,0.755855,37.792750
129|0.906523,1.233005,1.574769,0.766995,38.349726
130|0.913617,1.221804,1.583476,0.778196,38.909819
131|0.920710,1.210540,1.592104,0.789460,39.472999
132|0.927804,1.199215,1.600651,0.800785,40.039240
133|0.934899,1.187830,1.609118,0.812170,40.608512
134|0.941993,1.176384,1.617505,0.823616,41.180788
135|0.949088,1.164879,1.625810,0.835121,41.756039
136|0.956182,1.153315,1.634033,0.846685,42.334237
137|0.963277,1.141693,1.642175,0.858307,42.915351
138|0.970372,1.130013,1.650234,0.869987,43.499354
139|0.977468,1.118276,1.658210,0.881724,44.086215
140|0.984563,1.106482,1.666103,0.893518,44.675907
141|0.991659,1.094632,1.673912,0.905368,45.268399
142|0.998755,1.082727,1.681637,0.917273,45.863661
143|1.005851,1.070767,1.689278,0.929233,46.461664
144|1.012947,1.058752,1.696834,0.941248,47.062379
145|1.020043,1.046685,1.704304,0.953315,47.665774
146|1.027140,1.034564,1.711689,0.965436,48.271820
147|1.034237,1.022390,1.718988,0.977610,48.880486
148|1.041333,1.010165,1.726200,0.989835,49.491742
149|1.048431,0.997889,1.733326,1.002111,50.105558
150|1.055528,0.985562,1.740365,1.014438,50.721902
151|1.062625,0.973185,1.747316,1.026815,51.340745
152|1.069723,0.960759,1.754179,1.039241,51.962054
153|1.076821,0.948284,1.760954,1.051716,52.585798
154|1.083919,0.935761,1.767640,1.064239,53.211947
155|1.091017,0.923191,1.774238,1.076809,53.840470
156|1.098115,0.910573,1.780746,1.089427,54.471333
157|1.105214,0.897910,1.787165,1.102090,55.104507
158|1.112312,0.885201,1.793494,1.114799,55.739959
159|1.119411,0.872447,1.799733,1.127553,56.377658
160|1.126510,0.859649,1.805881,1.140351,57.017571
161|1.133609,0.846807,1.811938,1.153193,57.659666
162|1.140709,0.833922,1.817904,1.166078,58.303911
163|1.147808,0.820995,1.823779,1.179005,58.950275
164|1.154908,0.808026,1.829562,1.191974,59.598724
165|1.162008,0.795015,1.835253,1.204985,60.249225
166|1.169108,0.781965,1.840851,1.218035,60.901747
167|1.176208,0.768875,1.846357,1.231125,61.556257
168|1.183309,0.755746,1.851769,1.244254,62.212721
169|1.190410,0.742578,1.857089,1.257422,62.871106
170|1.197510,0.729372,1.862315,1.270628,63.531381
171|1.204611,0.716130,1.867447,1.283870,64.193511
172|1.211713,0.702851,1.872486,1.297149,64.857463
173|1.218814,0.689536,1.877430,1.310464,65.523205
174|1.225916,0.676186,1.882279,1.323814,66.190701
175|1.233017,0.662802,1.887034,1.337198,66.859920
176|1.240119,0.649383,1.891693,1.350617,67.530827
177|1.247221,0.635932,1.896257,1.364068,68.203389
178|1.254324,0.622449,1.900726,1.377551,68.877571
179|1.261426,0.608933,1.905099,1.391067,69.553341
180|1.268529,0.595387,1.909376,1.404613,70.230663
181|1.275631,0.581810,1.913557,1.418190,70.909504
182|1.282734,0.568203,1.917641,1.431797,71.589830
183|1.289838,0.554568,1.921629,1.445432,72.271607
184|1.296941,0.540904,1.925519,1.459096,72.954800
185|1.304044,0.527213,1.929313,1.472787,73.639375
186|1.311148,0.513494,1.933009,1.486506,74.325297
187|1.318252,0.499749,1.936608,1.500251,75.012533
188|1.325356,0.485979,1.940110,1.514021,75.701046
189|1.332460,0.472184,1.943513,1.527816,76.390804
190|1.339565,0.458365,1.946819,1.541635,77.081770
191|1.346669,0.444522,1.950026,1.555478,77.773911
192|1.353774,0.430656,1.953135,1.569344,78.467191
193|1.360879,0.416768,1.956146,1.583232,79.161575
194|1.367984,0.402859,1.959057,1.597141,79.857029
195|1.375090,0.388930,1.961870,1.611070,80.553518
196|1.382195,0.374980,1.964584,1.625020,81.251005
197|1.389301,0.361011,1.967199,1.638989,81.949457
198|1.396407,0.347023,1.969715,1.652977,82.648839
199|1.403513,0.333018,1.972131,1.666982,83.349114
200|1.410619,0.318995,1.974448,1.681005,84.050247
201|1.417725,0.304956,1.976665,1.695044,84.752204
202|1.424832,0.290901,1.978782,1.709099,85.454948
203|1.431938,0.276831,1.980799,1.723169,86.158445
204|1.439045,0.262747,1.982717,1.737253,86.862658
205|1.446153,0.248649,1.984534,1.751351,87.567553
206|1.453260,0.234538,1.986251,1.765462,88.273094
207|1.460367,0.220415,1.987868,1.779585,88.979245
208|1.467475,0.206281,1.989384,1.793719,89.685970
209|1.474583,0.192135,1.990800,1.807865,90.393235
210|1.481691,0.177980,1.992116,1.822020,91.101002
211|1.488799,0.163815,1.993331,1.836185,91.809238
212|1.495907,0.149642,1.994445,1.850358,92.517905
213|1.503016,0.135461,1.995458,1.864539,93.226967
214|1.510125,0.121272,1.996371,1.878728,93.936391
215|1.517233,0.107077,1.997182,1.892923,94.646138
216|1.524343,0.092877,1.997893,1.907123,95.356174
217|1.531452,0.078671,1.998503,1.921329,96.066463
218|1.538561,0.064461,1.999012,1.935539,96.776968
219|1.545671,0.050247,1.999419,1.949753,97.487654
220|1.552781,0.036030,1.999726,1.963970,98.198485
221|1.559891,0.021811,1.999932,1.978189,98.909426
222|1.567001,0.007591,2.000036,1.992409,99.620439
223|1.574111,-0.006630,2.000040,1.993370,99.668511
224|1.581222,-0.020851,1.999942,1.979149,98.957459
225|1.588332,-0.035071,1.999743,1.964929,98.246442
226|1.595443,-0.049290,1.999443,1.950710,97.535496
227|1.602554,-0.063507,1.999042,1.936493,96.824656
228|1.609666,-0.077721,1.998540,1.922279,96.113959
229|1.616777,-0.091931,1.997937,1.908069,95.403440
230|1.623889,-0.106137,1.997232,1.893863,94.693136
231|1.631000,-0.120338,1.996427,1.879662,93.983083
232|1.638112,-0.134534,1.995521,1.865466,93.273316
233|1.645224,-0.148723,1.994513,1.851277,92.563871
234|1.652337,-0.162904,1.993405,1.837096,91.854784
235|1.659449,-0.177078,1.992196,1.822922,91.146092
236|1.666562,-0.191243,1.990886,1.808757,90.437829
237|1.673675,-0.205399,1.989476,1.794601,89.730032
238|1.680788,-0.219545,1.987964,1.780455,89.022737
239|1.687901,-0.233680,1.986352,1.766320,88.315980
240|1.695014,-0.247804,1.984640,1.752196,87.609796
241|1.702128,-0.261916,1.982827,1.738084,86.904220
242|1.709242,-0.276014,1.980914,1.723986,86.199290
243|1.716356,-0.290099,1.978900,1.709901,85.495041
244|1.723470,-0.304170,1.976786,1.695830,84.791507
245|1.730584,-0.318225,1.974572,1.681775,84.088726
246|1.737699,-0.332265,1.972258,1.667735,83.386732
247|1.744813,-0.346289,1.969844,1.653711,82.685561
248|1.751928,-0.360295,1.967331,1.639705,81.985249
249|1.759043,-0.374283,1.964717,1.625717,81.285831
250|1.766158,-0.388253,1.962005,1.611747,80.587343
251|1.773274,-0.402204,1.959192,1.597796,79.889820
252|1.780389,-0.416134,1.956281,1.583866,79.193298
253|1.787505,-0.430044,1.953270,1.569956,78.497811
254|1.794621,-0.443932,1.950161,1.556068,77.803396
255|1.801737,-0.457798,1.946952,1.542202,77.110087
256|1.808853,-0.471642,1.943645,1.528358,76.417919
257|1.815970,-0.485461,1.940240,1.514539,75.726929
258|1.823086,-0.499257,1.936736,1.500743,75.037150
259|1.830203,-0.513028,1.933134,1.486972,74.348618
260|1.837320,-0.526773,1.929433,1.473227,73.661368
261|1.844437,-0.540491,1.925635,1.459509,72.975435
262|1.851555,-0.554183,1.921740,1.445817,72.290853
263|1.858672,-0.567847,1.917747,1.432153,71.607657
264|1.865790,-0.581482,1.913656,1.418518,70.925883
265|1.872908,-0.595089,1.909469,1.404911,70.245564
266|1.880026,-0.608665,1.905185,1.391335,69.566736
267|1.887144,-0.622211,1.900804,1.377789,68.889432
268|1.894263,-0.635726,1.896327,1.364274,68.213688
269|1.901381,-0.649209,1.891753,1.350791,67.539538
270|1.908500,-0.662660,1.887084,1.337340,66.867015
271|1.915619,-0.676077,1.882318,1.323923,66.196154
272|1.922738,-0.689460,1.877458,1.310540,65.526990
273|1.929858,-0.702809,1.872502,1.297191,64.859556
274|1.936977,-0.716122,1.867451,1.283878,64.193886
275|1.944097,-0.729400,1.862305,1.270600,63.530014
276|1.951217,-0.742641,1.857064,1.257359,62.867974
277|1.958337,-0.755844,1.851730,1.244156,62.207800
278|1.965457,-0.769010,1.846301,1.230990,61.549525
279|1.972577,-0.782136,1.840779,1.217864,60.893183
280|1.979698,-0.795224,1.835163,1.204776,60.238806
281|1.986819,-0.808271,1.829454,1.191729,59.586430
282|1.993940,-0.821278,1.823652,1.178722,58.936086
283|2.001061,-0.834244,1.817757,1.165756,58.287808
284|2.008182,-0.847167,1.811770,1.152833,57.641629
285|2.015304,-0.860048,1.805691,1.139952,56.997581
286|2.022426,-0.872886,1.799520,1.127114,56.355699
287|2.029547,-0.885680,1.793258,1.114320,55.716013
288|2.036669,-0.898429,1.786905,1.101571,55.078558
289|2.043792,-0.911133,1.780461,1.088867,54.443365
290|2.050914,-0.923791,1.773926,1.076209,53.810467
291|2.058037,-0.936402,1.767301,1.063598,53.179896
292|2.065159,-0.948966,1.760587,1.051034,52.551685
293|2.072282,-0.961483,1.753783,1.038517,51.925865
294|2.079406,-0.973951,1.746890,1.026049,51.302468
295|2.086529,-0.986369,1.739908,1.013631,50.681526
296|2.093652,-0.998739,1.732837,1.001261,50.063071
297|2.100776,-1.011057,1.725678,0.988943,49.447135
298|2.107900,-1.023325,1.718432,0.976675,48.833748
299|2.115024,-1.035541,1.711098,0.964459,48.222943
300|2.122148,-1.047705,1.703678,0.952295,47.614750
301|2.129273,-1.059816,1.696170,0.940184,47.009200
302|2.136397,-1.071873,1.688576,0.928127,46.406325
303|2.143522,-1.083877,1.680897,0.916123,45.806155
304|2.150647,-1.095826,1.673132,0.904174,45.208721
305|2.157772,-1.107719,1.665281,0.892281,44.614053
306|2.164897,-1.119556,1.657346,0.880444,44.022182
307|2.172023,-1.131337,1.649327,0.868663,43.433138
308|2.179148,-1.143061,1.641224,0.856939,42.846952
309|2.186274,-1.154727,1.633037,0.845273,42.263652
310|2.193400,-1.166335,1.624767,0.833665,41.683270
311|2.200526,-1.177883,1.616414,0.822117,41.105834
312|2.207653,-1.189373,1.607979,0.810627,40.531374
313|2.214779,-1.200802,1.599462,0.799198,39.959920
314|2.221906,-1.212170,1.590864,0.787830,39.391501
315|2.229033,-1.223477,1.582184,0.776523,38.826146
316|2.236160,-1.234722,1.573424,0.765278,38.263884
317|2.243288,-1.245905,1.564584,0.754095,37.704744
318|2.250415,-1.257025,1.555664,0.742975,37.148754
319|2.257543,-1.268081,1.546665,0.731919,36.595943
320|2.264671,-1.279073,1.537587,0.720927,36.046339
321|2.271799,-1.290001,1.528431,0.709999,35.499971
322|2.278927,-1.300863,1.519197,0.699137,34.956866
323|2.286055,-1.311659,1.509885,0.688341,34.417052
324|2.293184,-1.322389,1.500497,0.677611,33.880557
325|2.300312,-1.333052,1.491032,0.666948,33.347409
326|2.307441,-1.343647,1.481491,0.656353,32.817634
327|2.314570,-1.354175,1.471874,0.645825,32.291260
328|2.321700,-1.364634,1.462183,0.635366,31.768315
329|2.328829,-1.375024,1.452416,0.624976,31.248824
330|2.335959,-1.385344,1.442576,0.614656,30.732815
331|2.343089,-1.395594,1.432662,0.604406,30.220313
332|2.350219,-1.405773,1.422675,0.594227,29.711346
333|2.357349,-1.415881,1.412616,0.584119,29.205939
334|2.364479,-1.425918,1.402484,0.574082,28.704119
335|2.371610,-1.435882,1.392281,0.564118,28.205911
336|2.378741,-1.445773,1.382007,0.554227,27.711341
337|2.385871,-1.455591,1.371662,0.544409,27.220434
338|2.393003,-1.465336,1.361247,0.534664,26.733216
339|2.400134,-1.475006,1.350763,0.524994,26.249711
340|2.407265,-1.484601,1.340210,0.515399,25.769944
341|2.414397,-1.494121,1.329588,0.505879,25.293941
342|2.421529,-1.503566,1.318899,0.496434,24.821725
343|2.428661,-1.512934,1.308142,0.487066,24.353321
344|2.435793,-1.522225,1.297318,0.477775,23.888753
345|2.442925,-1.531439,1.286428,0.468561,23.428045
346|2.450058,-1.540576,1.275473,0.459424,22.971221
347|2.457191,-1.549634,1.264452,0.450366,22.518304
348|2.464324,-1.558614,1.253366,0.441386,22.069318
349|2.471457,-1.567514,1.242217,0.432486,21.624285
350|2.478590,-1.576335,1.231004,0.423665,21.183229
351|2.485723,-1.585077,1.219728,0.414923,20.746172
352|2.492857,-1.593737,1.208389,0.406263,20.313137
353|2.499991,-1.602317,1.196989,0.397683,19.884147
354|2.507125,-1.610816,1.185528,0.389184,19.459223
355|2.514259,-1.619232,1.174006,0.380768,19.038387
356|2.521393,-1.627567,1.162424,0.372433,18.621661
357|2.528528,-1.635819,1.150783,0.364181,18.209067
358|2.535663,-1.643987,1.139082,0.356013,17.800626
359|2.542798,-1.652073,1.127324,0.347927,17.396359
360|2.549933,-1.660074,1.115508,0.339926,16.996287
361|2.557068,-1.667991,1.103634,0.332009,16.600431
362|2.564203,-1.675824,1.091704,0.324176,16.208811
363|2.571339,-1.683571,1.079719,0.316429,15.821447
364|2.578475,-1.691233,1.067678,0.308767,15.438359
365|2.585611,-1.698809,1.055582,0.301191,15.059568
366|2.592747,-1.706298,1.043432,0.293702,14.685093
367|2.599883,-1.713701,1.031229,0.286299,14.314953
368|2.607020,-1.721017,1.018973,0.278983,13.949167
369|2.614157,-1.728245,1.006664,0.271755,13.587755
370|2.621294,-1.735385,0.994305,0.264615,13.230735
371|2.628431,-1.742437,0.981894,0.257563,12.878126
372|2.635568,-1.749401,0.969433,0.250599,12.529946
373|2.642705,-1.756276,0.956922,0.243724,12.186212
374|2.649843,-1.763061,0.944362,0.236939,11.846944
375|2.656981,-1.769757,0.931753,0.230243,11.512158
376|2.664119,-1.776363,0.919097,0.223637,11.181873
377|2.671257,-1.782878,0.906394,0.217122,10.856104
378|2.678395,-1.789303,0.893644,0.210697,10.534869
379|2.685534,-1.795636,0.880849,0.204364,10.218185
380|2.692673,-1.801879,0.868008,0.198121,9.906069
381|2.699812,-1.808029,0.855122,0.191971,9.598536
382|2.706951,-1.814088,0.842193,0.185912,9.295602
383|2.714090,-1.820054,0.829220,0.179946,8.997284
384|2.721229,-1.825928,0.816205,0.174072,8.703596
385|2.728369,-1.831709,0.803148,0.168291,8.414555
386|2.735509,-1.837396,0.790049,0.162604,8.130176
387|2.742649,-1.842991,0.776910,0.157009,7.850472
388|2.749789,-1.848491,0.763731,0.151509,7.575459
389|2.756929,-1.853897,0.750513,0.146103,7.305151
390|2.764070,-1.859209,0.737256,0.140791,7.039563
391|2.771211,-1.864426,0.723961,0.135574,6.778708
392|2.778352,-1.869548,0.710629,0.130452,6.522599
393|2.785493,-1.874575,0.697261,0.125425,6.271251
394|2.792634,-1.879506,0.683856,0.120494,6.024677
395|2.799775,-1.884342,0.670417,0.115658,5.782888
396|2.806917,-1.889082,0.656942,0.110918,5.545899
397|2.814059,-1.893726,0.643434,0.106274,5.313722
398|2.821201,-1.898273,0.629893,0.101727,5.086368
399|2.828343,-1.902723,0.616319,0.097277,4.863850
400|2.835485,-1.907076,0.602714,0.092924,4.646180
401|2.842628,-1.911333,0.589077,0.088667,4.433368
402|2.849771,-1.915491,0.575410,0.084509,4.225427
403|2.856914,-1.919553,0.561713,0.080447,4.022366
404|2.864057,-1.923516,0.547987,0.076484,3.824198
405|2.871200,-1.927381,0.534233,0.072619,3.630932
406|2.878343,-1.931148,0.520452,0.068852,3.442578
407|2.885487,-1.934817,0.506643,0.065183,3.259148
408|2.892631,-1.938387,0.492808,0.061613,3.080649
409|2.899775,-1.941858,0.478948,0.058142,2.907092
410|2.906919,-1.945230,0.465063,0.054770,2.738487
411|2.914064,-1.948503,0.451154,0.051497,2.574841
412|2.921208,-1.951677,0.437221,0.048323,2.416164
413|2.928353,-1.954751,0.423266,0.045249,2.262465
414|2.935498,-1.957725,0.409289,0.042275,2.113751
415|2.942643,-1.960599,0.395290,0.039401,1.970030
416|2.949788,-1.963374,0.381271,0.036626,1.831311
417|2.956934,-1.966048,0.367232,0.033952,1.697600
418|2.964079,-1.968622,0.353174,0.031378,1.568905
419|2.971225,-1.971095,0.339098,0.028905,1.445233
420|2.978371,-1.973468,0.325004,0.026532,1.326590
421|2.985517,-1.975740,0.310893,0.024260,1.212983
422|2.992664,-1.977912,0.296766,0.022088,1.104419
423|2.999810,-1.979982,0.282623,0.020018,1.000902
424|3.006957,-1.981951,0.268465,0.018049,0.902440
425|3.014104,-1.983819,0.254294,0.016181,0.809036
426|3.021251,-1.985586,0.240109,0.014414,0.720697
427|3.028398,-1.987251,0.225911,0.012749,0.637427
428|3.035546,-1.988815,0.211702,0.011185,0.559230
429|3.042693,-1.990278,0.197481,0.009722,0.486112
430|3.049841,-1.991638,0.183250,0.008362,0.418077
431|3.056989,-1.992897,0.169009,0.007103,0.355128
432|3.064137,-1.994055,0.154759,0.005945,0.297268
433|3.071286,-1.995110,0.140501,0.004890,0.244502
434|3.078434,-1.996063,0.126236,0.003937,0.196832
435|3.085583,-1.996915,0.111963,0.003085,0.154261
436|3.092732,-1.997664,0.097685,0.002336,0.116791
437|3.099881,-1.998311,0.083401,0.001689,0.084426
438|3.107031,-1.998857,0.069112,0.001143,0.057167
439|3.114180,-1.999300,0.054820,0.000700,0.035015
440|3.121330,-1.999641,0.040524,0.000359,0.017973
441|3.128480,-1.999879,0.026226,0.000121,0.006042
442|3.135630,-2.000016,0.011926,0.000016,0.000778
443|3.142780,-2.000050,-0.002374,0.000050,0.002486
444|3.149930,-1.999982,-0.016675,0.000018,0.000919
445|3.157081,-1.999811,-0.030976,0.000189,0.009438
446|3.164232,-1.999539,-0.045275,0.000461,0.023069
447|3.171382,-1.999164,-0.059572,0.000836,0.041813
448|3.178534,-1.998687,-0.073867,0.001313,0.065669
449|3.185685,-1.998107,-0.088158,0.001893,0.094636
450|3.192836,-1.997426,-0.102445,0.002574,0.128713
451|3.199988,-1.996642,-0.116727,0.003358,0.167900
452|3.207140,-1.995756,-0.131004,0.004244,0.212193
453|3.214292,-1.994768,-0.145274,0.005232,0.261592
454|3.221444,-1.993678,-0.159538,0.006322,0.316094
455|3.228597,-1.992486,-0.173793,0.007514,0.375697
456|3.235749,-1.991192,-0.188040,0.008808,0.440399
457|3.242902,-1.989796,-0.202277,0.010204,0.510195
458|3.250055,-1.988298,-0.216505,0.011702,0.585084
459|3.257208,-1.986699,-0.230722,0.013301,0.665061
460|3.264361,-1.984998,-0.244927,0.015002,0.750123
461|3.271515,-1.983195,-0.259121,0.016805,0.840266
462|3.278669,-1.981290,-0.273301,0.018710,0.935486
463|3.285822,-1.979284,-0.287468,0.020716,1.035778
464|3.292977,-1.977177,-0.301620,0.022823,1.141137
465|3.300131,-1.974969,-0.315758,0.025031,1.251559
466|3.307285,-1.972659,-0.329879,0.027341,1.367039
467|3.314440,-1.970249,-0.343984,0.029751,1.487570
468|3.321595,-1.967737,-0.358072,0.032263,1.613147
469|3.328750,-1.965125,-0.372142,0.034875,1.743764
470|3.335905,-1.962412,-0.386193,0.037588,1.879414
471|3.343060,-1.959598,-0.400225,0.040402,2.020092
472|3.350216,-1.956684,-0.414236,0.043316,2.165789
473|3.357371,-1.953670,-0.428227,0.046330,2.316500
474|3.364527,-1.950556,-0.442196,0.049444,2.472217
475|3.371683,-1.947341,-0.456143,0.052659,2.632932
476|3.378839,-1.944027,-0.470067,0.055973,2.798638
477|3.385996,-1.940613,-0.483967,0.059387,2.969325
478|3.393153,-1.937100,-0.497843,0.062900,3.144987
479|3.400309,-1.933488,-0.511693,0.066512,3.325614
480|3.407466,-1.929776,-0.525518,0.070224,3.511197
481|3.414623,-1.925965,-0.539316,0.074035,3.701728
482|3.421781,-1.922056,-0.553087,0.077944,3.897197
483|3.428938,-1.918048,-0.566830,0.081952,4.097593
484|3.436096,-1.913942,-0.580544,0.086058,4.302909
485|3.443254,-1.909737,-0.594229,0.090263,4.513132
486|3.450412,-1.905435,-0.607884,0.094565,4.728254
487|3.457570,-1.901035,-0.621508,0.098965,4.948263
488|3.464729,-1.896537,-0.635100,0.103463,5.173148
489|3.471887,-1.891942,-0.648660,0.108058,5.402898
490|3.479046,-1.887250,-0.662188,0.112750,5.637502
491|3.486205,-1.882461,-0.675681,0.117539,5.876948
492|3.493364,-1.877576,-0.689141,0.122424,6.121224
493|3.500524,-1.872594,-0.702565,0.127406,6.370319
494|3.507683,-1.867516,-0.715954,0.132484,6.624219
495|3.514843,-1.862342,-0.729307,0.137658,6.882912
496|3.522003,-1.857072,-0.742622,0.142928,7.146385
497|3.529163,-1.851707,-0.755900,0.148293,7.414626
498|3.536323,-1.846248,-0.769139,0.153752,7.687620
499|3.543484,-1.840693,-0.782339,0.159307,7.965354
500|3.550645,-1.835044,-0.795500,0.164956,8.247814
501|3.557805,-1.829300,-0.808620,0.170700,8.534986
502|3.564966,-1.823463,-0.821698,0.176537,8.826855
503|3.572128,-1.817532,-0.834735,0.182468,9.123408
504|3.579289,-1.811507,-0.847730,0.188493,9.424629
505|3.586451,-1.805390,-0.860681,0.194610,9.730503
506|3.593612,-1.799180,-0.873589,0.200820,10.041015
507|3.600774,-1.792877,-0.886452,0.207123,10.356148
508|3.607936,-1.786482,-0.899270,0.213518,10.675889
509|3.615099,-1.779996,-0.912042,0.220004,11.000219
510|3.622261,-1.773418,-0.924768,0.226582,11.329124
511|3.629424,-1.766748,-0.937446,0.233252,11.662586
512|3.636587,-1.759988,-0.950077,0.240012,12.000589
513|3.643750,-1.753138,-0.962660,0.246862,12.343116
514|3.650913,-1.746197,-0.975193,0.253803,12.690149
515|3.658076,-1.739167,-0.987677,0.260833,13.041671
516|3.665240,-1.732047,-1.000110,0.267953,13.397665
517|3.672404,-1.724838,-1.012492,0.275162,13.758112
518|3.679568,-1.717540,-1.024823,0.282460,14.122995
519|3.686732,-1.710154,-1.037101,0.289846,14.492294
520|3.693896,-1.702680,-1.049326,0.297320,14.865992
521|3.701061,-1.695119,-1.061498,0.304881,15.244069
522|3.708225,-1.687470,-1.073616,0.312530,15.626507
523|3.715390,-1.679734,-1.085679,0.320266,16.013286
524|3.722555,-1.671912,-1.097686,0.328088,16.404386
525|3.729721,-1.664004,-1.109637,0.335996,16.799788
526|3.736886,-1.656011,-1.121532,0.343989,17.199472
527|3.744052,-1.647932,-1.133370,0.352068,17.603417
528|3.751217,-1.639768,-1.145149,0.360232,18.011604
529|3.758383,-1.631520,-1.156870,0.368480,18.424012
530|3.765550,-1.623188,-1.168532,0.376812,18.840619
531|3.772716,-1.614772,-1.180134,0.385228,19.261405
532|3.779882,-1.606273,-1.191676,0.393727,19.686348
533|3.787049,-1.597691,-1.203157,0.402309,20.115428
534|3.794216,-1.589028,-1.214577,0.410972,20.548621
535|3.801383,-1.580282,-1.225934,0.419718,20.985907
536|3.808550,-1.571455,-1.237229,0.428545,21.427263
537|3.815718,-1.562547,-1.248460,0.437453,21.872666
538|3.822886,-1.553558,-1.259628,0.446442,22.322095
539|3.830053,-1.544489,-1.270731,0.455511,22.775526
540|3.837221,-1.535341,-1.281769,0.464659,23.232937
541|3.844390,-1.526114,-1.292742,0.473886,23.694303
542|3.851558,-1.516808,-1.303648,0.483192,24.159603
543|3.858727,-1.507424,-1.314488,0.492576,24.628812
544|3.865895,-1.497962,-1.325261,0.502038,25.101906
545|3.873064,-1.488423,-1.335965,0.511577,25.578861
546|3.880233,-1.478807,-1.346602,0.521193,26.059654
547|3.887403,-1.469115,-1.357169,0.530885,26.544259
548|3.894572,-1.459347,-1.367667,0.540653,27.032653
549|3.901742,-1.449504,-1.378094,0.550496,27.524809
550|3.908912,-1.439586,-1.388452,0.560414,28.020705
551|3.916082,-1.429594,-1.398738,0.570406,28.520313
552|3.923252,-1.419528,-1.408952,0.580472,29.023609
553|3.930422,-1.409389,-1.419095,0.590611,29.530567
554|3.937593,-1.399177,-1.429164,0.600823,30.041161
555|3.944764,-1.388893,-1.439160,0.611107,30.555366
556|3.951935,-1.378537,-1.449083,0.621463,31.073155
557|3.959106,-1.368110,-1.458931,0.631890,31.594501
558|3.966277,-1.357612,-1.468705,0.642388,32.119379
559|3.973449,-1.347045,-1.478403,0.652955,32.647762
560|3.980620,-1.336408,-1.488026,0.663592,33.179622
561|3.987792,-1.325701,-1.497572,0.674299,33.714933
562|3.994964,-1.314927,-1.507041,0.685073,34.253667
563|4.002136,-1.304084,-1.516433,0.695916,34.795797
564|4.009309,-1.293174,-1.525748,0.706826,35.341295
565|4.016481,-1.282197,-1.534984,0.717803,35.890134
566|4.023654,-1.271154,-1.544141,0.728846,36.442285
567|4.030827,-1.260046,-1.553220,0.739954,36.997720
568|4.038000,-1.248872,-1.562218,0.751128,37.556412
569|4.045174,-1.237633,-1.571136,0.762367,38.118331
570|4.052347,-1.226331,-1.579974,0.773669,38.683448
571|4.059521,-1.214965,-1.588731,0.785035,39.251736
572|4.066695,-1.203537,-1.597406,0.796463,39.823165
573|4.073869,-1.192046,-1.605999,0.807954,40.397705
574|4.081043,-1.180493,-1.614510,0.819507,40.975328
575|4.088218,-1.168880,-1.622937,0.831120,41.556004
576|4.095392,-1.157206,-1.631282,0.842794,42.139703
577|4.102567,-1.145472,-1.639543,0.854528,42.726396
578|4.109742,-1.133679,-1.647719,0.866321,43.316052
579|4.116918,-1.121827,-1.655811,0.878173,43.908642
580|4.124093,-1.109917,-1.663818,0.890083,44.504135
581|4.131268,-1.097950,-1.671739,0.902050,45.102501
582|4.138444,-1.085926,-1.679575,0.914074,45.703708
583|4.145620,-1.073845,-1.687324,0.926155,46.307727
584|4.152796,-1.061709,-1.694986,0.938291,46.914527
585|4.159973,-1.049518,-1.702562,0.950482,47.524076
586|4.167149,-1.037273,-1.710050,0.962727,48.136343
587|4.174326,-1.024974,-1.717450,0.975026,48.751297
588|4.181503,-1.012622,-1.724762,0.987378,49.368907
589|4.188680,-1.000217,-1.731985,0.999783,49.989140
590|4.195857,-0.987761,-1.739119,1.012239,50.611966
591|4.203034,-0.975253,-1.746164,1.024747,51.237352
592|4.210212,-0.962695,-1.753119,1.037305,51.865266
593|4.217390,-0.950086,-1.759983,1.049914,52.495676
594|4.224568,-0.937429,-1.766758,1.062571,53.128550
595|4.231746,-0.924723,-1.773441,1.075277,53.763856
596|4.238924,-0.911969,-1.780033,1.088031,54.401560
597|4.246103,-0.899167,-1.786534,1.100833,55.041630
598|4.253281,-0.886319,-1.792943,1.113681,55.684034
599|4.260460,-0.873425,-1.799259,1.126575,56.328738
600|4.267639,-0.860486,-1.805483,1.139514,56.975709
601|4.274819,-0.847502,-1.811614,1.152498,57.624915
602|4.281998,-0.834474,-1.817652,1.165526,58.276321
603|4.289178,-0.821402,-1.823597,1.178598,58.929895
604|4.296358,-0.808288,-1.829447,1.191712,59.585603
605|4.303538,-0.795132,-1.835203,1.204868,60.243411
606|4.310718,-0.781934,-1.840865,1.218066,60.903286
607|4.317898,-0.768696,-1.846432,1.231304,61.565194
608|4.325079,-0.755418,-1.851904,1.244582,62.229100
609|4.332259,-0.742101,-1.857281,1.257899,62.894971
610|4.339440,-0.728745,-1.862562,1.271255,63.562772
611|4.346622,-0.715351,-1.867747,1.284649,64.232470
612|4.353803,-0.701919,-1.872836,1.298081,64.904030
613|4.360984,-0.688452,-1.877829,1.311548,65.577416
614|4.368166,-0.674948,-1.882724,1.325052,66.252596
615|4.375348,-0.661409,-1.887523,1.338591,66.929533
616|4.382530,-0.647836,-1.892225,1.352164,67.608194
617|4.389712,-0.634229,-1.896829,1.365771,68.288544
618|4.396895,-0.620589,-1.901335,1.379411,68.970546
619|4.404077,-0.606917,-1.905744,1.393083,69.654167
620|4.411260,-0.593213,-1.910054,1.406787,70.339371
621|4.418443,-0.579478,-1.914265,1.420522,71.026124
622|4.425626,-0.565712,-1.918379,1.434288,71.714388
623|4.432809,-0.551917,-1.922393,1.448083,72.404131
624|4.439993,-0.538094,-1.926308,1.461906,73.095315
625|4.447177,-0.524242,-1.930124,1.475758,73.787905
626|4.454361,-0.510363,-1.933840,1.489637,74.481866
627|4.461545,-0.496457,-1.937456,1.503543,75.177161
628|4.468729,-0.482525,-1.940973,1.517475,75.873756
629|4.475913,-0.468568,-1.944390,1.531432,76.571614
630|4.483098,-0.454586,-1.947706,1.545414,77.270700
631|4.490283,-0.440580,-1.950922,1.559420,77.970977
632|4.497468,-0.426552,-1.954037,1.573448,78.672409
633|4.504653,-0.412501,-1.957051,1.587499,79.374960
634|4.511838,-0.398428,-1.959965,1.601572,80.078594
635|4.519024,-0.384334,-1.962777,1.615666,80.783275
636|4.526210,-0.370221,-1.965488,1.629779,81.488967
637|4.533396,-0.356087,-1.968098,1.643913,82.195632
638|4.540582,-0.341935,-1.970606,1.658065,82.903235
639|4.547768,-0.327765,-1.973012,1.672235,83.611740
640|4.554955,-0.313578,-1.975317,1.686422,84.321109
641|4.562141,-0.299374,-1.977519,1.700626,85.031306
642|4.569328,-0.285154,-1.979620,1.714846,85.742294
643|4.576515,-0.270919,-1.981618,1.729081,86.454038
644|4.583702,-0.256670,-1.983514,1.743330,87.166499
645|4.590890,-0.242407,-1.985307,1.757593,87.879642
646|4.598077,-0.228131,-1.986998,1.771869,88.593430
647|4.605265,-0.213844,-1.988587,1.786156,89.307825
648|4.612453,-0.199544,-1.990073,1.800456,90.022791
649|4.619641,-0.185234,-1.991455,1.814766,90.738291
650|4.626830,-0.170914,-1.992736,1.829086,91.454288
651|4.634018,-0.156585,-1.993913,1.843415,92.170745
652|4.641207,-0.142247,-1.994987,1.857753,92.887625
653|4.648396,-0.127902,-1.995958,1.872098,93.604892
654|4.655585,-0.113550,-1.996826,1.886450,94.322507
655|4.662774,-0.099191,-1.997591,1.900809,95.040435
656|4.669964,-0.084827,-1.998252,1.915173,95.758637
657|4.677153,-0.070458,-1.998810,1.929542,96.477077
658|4.684343,-0.056086,-1.999265,1.943914,97.195718
659|4.691533,-0.041710,-1.999617,1.958290,97.914522
660|4.698723,-0.027331,-1.999865,1.972669,98.633453
661|4.705914,-0.012951,-2.000010,1.987049,99.352473
662|4.713104,0.001431,-2.000051,1.998569,99.928455
663|4.720295,0.015813,-1.999989,1.984187,99.209368
664|4.727486,0.030194,-1.999824,1.969806,98.490304
665|4.734677,0.044574,-1.999555,1.955426,97.771299
666|4.741869,0.058952,-1.999183,1.941048,97.052390
667|4.749060,0.073328,-1.998707,1.926672,96.333615
668|4.756252,0.087700,-1.998128,1.912300,95.615012
669|4.763444,0.102068,-1.997446,1.897932,94.896616
670|4.770636,0.116431,-1.996660,1.883569,94.178466
671|4.777828,0.130788,-1.995771,1.869212,93.460599
672|4.785020,0.145139,-1.994779,1.854861,92.743051
673|4.792213,0.159483,-1.993683,1.840517,92.025860
674|4.799406,0.173819,-1.992484,1.826181,91.309064
675|4.806599,0.188146,-1.991183,1.811854,90.592698
676|4.813792,0.202464,-1.989778,1.797536,89.876800
677|4.820985,0.216772,-1.988270,1.783228,89.161408
678|4.828179,0.231069,-1.986659,1.768931,88.446558
679|4.835373,0.245354,-1.984945,1.754646,87.732288
680|4.842567,0.259627,-1.983129,1.740373,87.018633
681|4.849761,0.273887,-1.981210,1.726113,86.305633
682|4.856955,0.288134,-1.979188,1.711866,85.593322
683|4.864150,0.302365,-1.977064,1.697635,84.881739
684|4.871344,0.316582,-1.974838,1.683418,84.170920
685|4.878539,0.330782,-1.972509,1.669218,83.460902
686|4.885734,0.344966,-1.970078,1.655034,82.751722
687|4.892929,0.359132,-1.967545,1.640868,82.043416
688|4.900125,0.373280,-1.964910,1.626720,81.336022
689|4.907320,0.387408,-1.962173,1.612592,80.629576
690|4.914516,0.401518,-1.959334,1.598482,79.924114
691|4.921712,0.415607,-1.956394,1.584393,79.219674
692|4.928908,0.429674,-1.953353,1.570326,78.516291
693|4.936105,0.443720,-1.950210,1.556280,77.814003
694|4.943301,0.457743,-1.946966,1.542257,77.112846
695|4.950498,0.471743,-1.943622,1.528257,76.412856
696|4.957695,0.485719,-1.940176,1.514281,75.714069
697|4.964892,0.499670,-1.936630,1.500330,75.016523
698|4.972089,0.513595,-1.932984,1.486405,74.320252
699|4.979287,0.527494,-1.929237,1.472506,73.625294
700|4.986484,0.541366,-1.925391,1.458634,72.931684
701|4.993682,0.555211,-1.921444,1.444789,72.239458
702|5.000880,0.569027,-1.917398,1.430973,71.548653
703|5.008078,0.582814,-1.913253,1.417186,70.859304
704|5.015277,0.596571,-1.909008,1.403429,70.171447
705|5.022475,0.610298,-1.904664,1.389702,69.485118
706|5.029674,0.623993,-1.900221,1.376007,68.800352
707|5.036873,0.637656,-1.895680,1.362344,68.117186
708|5.044072,0.651287,-1.891040,1.348713,67.435654
709|5.051272,0.664884,-1.886302,1.335116,66.755793
710|5.058471,0.678447,-1.881467,1.321553,66.077637
711|5.065671,0.691976,-1.876533,1.308024,65.401221
712|5.072871,0.705468,-1.871503,1.294532,64.726582
713|5.080071,0.718925,-1.866375,1.281075,64.053754
714|5.087271,0.732345,-1.861150,1.267655,63.382772
715|5.094471,0.745727,-1.855828,1.254273,62.713671
716|5.101672,0.759070,-1.850411,1.240930,62.046486
717|5.108873,0.772375,-1.844897,1.227625,61.381251
718|5.116074,0.785640,-1.839287,1.214360,60.718002
719|5.123275,0.798865,-1.833582,1.201135,60.056773
720|5.130477,0.812048,-1.827782,1.187952,59.397597
721|5.137678,0.825190,-1.821886,1.174810,58.740511
722|5.144880,0.838289,-1.815896,1.161711,58.085547
723|5.152082,0.851345,-1.809812,1.148655,57.432741
724|5.159284,0.864357,-1.803633,1.135643,56.782125
725|5.166486,0.877325,-1.797361,1.122675,56.133734
726|5.173689,0.890248,-1.790996,1.109752,55.487602
727|5.180891,0.903125,-1.784537,1.096875,54.843763
728|5.188094,0.915955,-1.777986,1.084045,54.202249
729|5.195297,0.928738,-1.771342,1.071262,53.563095
730|5.202501,0.941473,-1.764606,1.058527,52.926334
731|5.209704,0.954160,-1.757779,1.045840,52.291999
732|5.216908,0.966798,-1.750860,1.033202,51.660123
733|5.224112,0.979385,-1.743850,1.020615,51.030740
734|5.231316,0.991922,-1.736749,1.008078,50.403881
735|5.238520,1.004408,-1.729558,0.995592,49.779580
736|5.245724,1.016843,-1.722277,0.983157,49.157869
737|5.252929,1.029224,-1.714907,0.970776,48.538782
738|5.260133,1.041553,-1.707447,0.958447,47.922349
739|5.267338,1.053828,-1.699898,0.946172,47.308604
740|5.274543,1.066048,-1.692261,0.933952,46.697578
741|5.281749,1.078214,-1.684536,0.921786,46.089303
742|5.288954,1.090324,-1.676724,0.909676,45.483812
743|5.296160,1.102377,-1.668824,0.897623,44.881135
744|5.303366,1.114374,-1.660837,0.885626,44.281305
745|5.310572,1.126313,-1.652763,0.873687,43.684353
746|5.317778,1.138194,-1.644604,0.861806,43.090309
747|5.324985,1.150016,-1.636359,0.849984,42.499206
748|5.332191,1.161779,-1.628029,0.838221,41.911073
749|5.339398,1.173481,-1.619614,0.826519,41.325942
750|5.346605,1.185123,-1.611115,0.814877,40.743843
751|5.353812,1.196704,-1.602532,0.803296,40.164807
752|5.361020,1.208223,-1.593865,0.791777,39.588865
753|5.368227,1.219679,-1.585115,0.780321,39.016045
754|5.375435,1.231072,-1.576283,0.768928,38.446379
755|5.382643,1.242402,-1.567369,0.757598,37.879896
756|5.389851,1.253667,-1.558373,0.746333,37.316626
757|5.397059,1.264868,-1.549296,0.735132,36.756598
758|5.404268,1.276003,-1.540138,0.723997,36.199841
759|5.411476,1.287072,-1.530899,0.712928,35.646386
760|5.418685,1.298075,-1.521581,0.701925,35.096261
761|5.425894,1.309010,-1.512184,0.690990,34.549494
762|5.433104,1.319878,-1.502708,0.680122,34.006114
763|5.440313,1.330677,-1.493153,0.669323,33.466151
764|5.447523,1.341407,-1.483521,0.658593,32.929631
765|5.454732,1.352068,-1.473811,0.647932,32.396585
766|5.461942,1.362659,-1.464025,0.637341,31.867038
767|5.469153,1.373180,-1.454162,0.626820,31.341020
768|5.476363,1.383629,-1.444223,0.616371,30.818557
769|5.483573,1.394006,-1.434208,0.605994,30.299678
770|5.490784,1.404312,-1.424119,0.595688,29.784409
771|5.497995,1.414544,-1.413956,0.585456,29.272778
772|5.505206,1.424704,-1.403719,0.575296,28.764811
773|5.512418,1.434789,-1.393409,0.565211,28.260536
774|5.519629,1.444800,-1.383026,0.555200,27.759978
775|5.526841,1.454737,-1.372570,0.545263,27.263164
776|5.534053,1.464598,-1.362043,0.535402,26.770120
777|5.541265,1.474383,-1.351445,0.525617,26.280872
778|5.548477,1.484091,-1.340777,0.515909,25.795446
779|5.555689,1.493723,-1.330038,0.506277,25.313868
780|5.562902,1.503277,-1.319230,0.496723,24.836162
781|5.570115,1.512753,-1.308353,0.487247,24.362354
782|5.577328,1.522151,-1.297407,0.477849,23.892469
783|5.584541,1.531469,-1.286394,0.468531,23.426531
784|5.591754,1.540709,-1.275314,0.459291,22.964566
785|5.598968,1.549868,-1.264167,0.450132,22.506597
786|5.606182,1.558947,-1.252953,0.441053,22.052648
787|5.613395,1.567945,-1.241675,0.432055,21.602745
788|5.620610,1.576862,-1.230331,0.423138,21.156909
789|5.627824,1.585697,-1.218923,0.414303,20.715166
790|5.635038,1.594449,-1.207452,0.405551,20.277537
791|5.642253,1.603119,-1.195917,0.396881,19.844047
792|5.649468,1.611706,-1.184320,0.388294,19.414717
793|5.656683,1.620209,-1.172660,0.379791,18.989572
794|5.663898,1.628627,-1.160940,0.371373,18.568633
795|5.671114,1.636962,-1.149158,0.363038,18.151922
796|5.678329,1.645211,-1.137317,0.354789,17.739462
797|5.685545,1.653375,-1.125416,0.346625,17.331274
798|5.692761,1.661452,-1.113456,0.338548,16.927380
799|5.699977,1.669444,-1.101438,0.330556,16.527801
800|5.707194,1.677349,-1.089362,0.322651,16.132559
801|5.714410,1.685167,-1.077229,0.314833,15.741674
802|5.721627,1.692897,-1.065040,0.307103,15.355167
803|5.728844,1.700539,-1.052794,0.299461,14.973058
804|5.736061,1.708093,-1.040494,0.291907,14.595369
805|5.743278,1.715558,-1.028139,0.284442,14.222118
806|5.750496,1.722933,-1.015731,0.277067,13.853325
807|5.757713,1.730220,-1.003269,0.269780,13.489011
808|5.764931,1.737416,-0.990754,0.262584,13.129194
809|5.772149,1.744522,-0.978188,0.255478,12.773894
810|5.779368,1.751537,-0.965570,0.248463,12.423130
811|5.786586,1.758462,-0.952901,0.241538,12.076919
812|5.793805,1.765294,-0.940183,0.234706,11.735280
813|5.801024,1.772035,-0.927415,0.227965,11.398233
814|5.808243,1.778684,-0.914599,0.221316,11.065794
815|5.815462,1.785240,-0.901735,0.214760,10.737981
816|5.822681,1.791704,-0.888823,0.208296,10.414811
817|5.829901,1.798074,-0.875864,0.201926,10.096303
818|5.837120,1.804351,-0.862860,0.195649,9.782472
819|5.844340,1.810533,-0.849810,0.189467,9.473336
820|5.851560,1.816622,-0.836716,0.183378,9.168911
821|5.858781,1.822616,-0.823578,0.177384,8.869214
822|5.866001,1.828515,-0.810396,0.171485,8.574259
823|5.873222,1.834319,-0.797172,0.165681,8.284064
824|5.880443,1.840027,-0.783906,0.159973,7.998643
825|5.887664,1.845640,-0.770599,0.154360,7.718012
826|5.894885,1.851156,-0.757251,0.148844,7.442186
827|5.902107,1.856576,-0.743863,0.143424,7.171179
828|5.909328,1.861900,-0.730436,0.138100,6.905006
829|5.916550,1.867126,-0.716971,0.132874,6.643682
830|5.923772,1.872256,-0.703468,0.127744,6.387220
831|5.930994,1.877287,-0.689928,0.122713,6.135634
832|5.938217,1.882221,-0.676352,0.117779,5.888937
833|5.945439,1.887057,-0.662740,0.112943,5.647144
834|5.952662,1.891795,-0.649093,0.108205,5.410266
835|5.959885,1.896434,-0.635412,0.103566,5.178317
836|5.967108,1.900974,-0.621697,0.099026,4.951309
837|5.974332,1.905415,-0.607950,0.094585,4.729254
838|5.981555,1.909757,-0.594170,0.090243,4.512165
839|5.988779,1.913999,-0.580359,0.086001,4.300052
840|5.996003,1.918141,-0.566518,0.081859,4.092928
841|6.003227,1.922184,-0.552646,0.077816,3.890804
842|6.010451,1.926126,-0.538745,0.073874,3.693690
843|6.017675,1.929968,-0.524816,0.070032,3.501598
844|6.024900,1.933709,-0.510859,0.066291,3.314537
845|6.032125,1.937350,-0.496875,0.062650,3.132518
846|6.039350,1.940889,-0.482865,0.059111,2.955551
847|6.046575,1.944327,-0.468829,0.055673,2.783645
848|6.053801,1.947664,-0.454769,0.052336,2.616810
849|6.061026,1.950899,-0.440684,0.049101,2.455054
850|6.068252,1.954032,-0.426576,0.045968,2.298388
851|6.075478,1.957064,-0.412445,0.042936,2.146819
852|6.082704,1.959993,-0.398292,0.040007,2.000355
853|6.089930,1.962820,-0.384118,0.037180,1.859005
854|6.097157,1.965544,-0.369924,0.034456,1.722776
855|6.104384,1.968166,-0.355710,0.031834,1.591677
856|6.111611,1.970686,-0.341477,0.029314,1.465713
857|6.118838,1.973102,-0.327226,0.026898,1.344893
858|6.126065,1.975416,-0.312957,0.024584,1.229222
859|6.133293,1.977626,-0.298672,0.022374,1.118708
860|6.140520,1.979733,-0.284371,0.020267,1.013357
861|6.147748,1.981737,-0.270054,0.018263,0.913173
862|6.154976,1.983637,-0.255723,0.016363,0.818164
863|6.162204,1.985433,-0.241378,0.014567,0.728334
864|6.169433,1.987126,-0.227021,0.012874,0.643689
865|6.176661,1.988715,-0.212651,0.011285,0.564233
866|6.183890,1.990201,-0.198269,0.009799,0.489971
867|6.191119,1.991582,-0.183877,0.008418,0.420908
868|6.198348,1.992859,-0.169475,0.007141,0.357046
869|6.205578,1.994032,-0.155064,0.005968,0.298391
870|6.212807,1.995101,-0.140644,0.004899,0.244944
871|6.220037,1.996066,-0.126216,0.003934,0.196711
872|6.227267,1.996926,-0.111781,0.003074,0.153693
873|6.234497,1.997682,-0.097341,0.002318,0.115893
874|6.241727,1.998334,-0.082894,0.001666,0.083314
875|6.248958,1.998881,-0.068443,0.001119,0.055958
876|6.256189,1.999323,-0.053988,0.000677,0.033826
877|6.263419,1.999662,-0.039530,0.000338,0.016920
878|6.270651,1.999895,-0.025070,0.000105,0.005242
879|6.277882,2.000024,-0.010607,0.000024,0.001208
880|0.001928,2.000049,0.003856,0.000049,0.002429
  1|0.000000,2.000000,0.000000,0.000000,0.000000
  2|0.007071,2.000000,0.014142,0.000000,0.000000
  3|0.014142,1.999850,0.028284,0.000150,0.007500
  4|0.021213,1.999600,0.042425,0.000400,0.020000
  5|0.028285,1.999250,0.056564,0.000750,0.037499
  6|0.035357,1.998800,0.070700,0.001200,0.059997
  7|0.042428,1.998250,0.084833,0.001750,0.087494
  8|0.049500,1.997600,0.098963,0.002400,0.119988
  9|0.056573,1.996850,0.113088,0.003150,0.157478
 10|0.063645,1.996001,0.127207,0.003999,0.199962
 11|0.070717,1.995051,0.141321,0.004949,0.247440
 12|0.077790,1.994002,0.155427,0.005998,0.299908
 13|0.084863,1.992853,0.169527,0.007147,0.357365
 14|0.091936,1.991604,0.183618,0.008396,0.419808
 15|0.099009,1.990255,0.197700,0.009745,0.487234
 16|0.106083,1.988807,0.211773,0.011193,0.559640
 17|0.113156,1.987260,0.225836,0.012740,0.637023
 18|0.120230,1.985612,0.239887,0.014388,0.719380
 19|0.127304,1.983866,0.253927,0.016134,0.806707
 20|0.134378,1.982020,0.267955,0.017980,0.899000
 21|0.141452,1.980075,0.281970,0.019925,0.996254
 22|0.148527,1.978031,0.295970,0.021969,1.098465
 23|0.155602,1.975887,0.309957,0.024113,1.205628
 24|0.162676,1.973645,0.323928,0.026355,1.317738
 25|0.169751,1.971304,0.337883,0.028696,1.434791
 26|0.176827,1.968864,0.351822,0.031136,1.556780
 27|0.183902,1.966326,0.365743,0.033674,1.683699
 28|0.190977,1.963689,0.379647,0.036311,1.815544
 29|0.198053,1.960954,0.393532,0.039046,1.952307
 30|0.205129,1.958120,0.407397,0.041880,2.093982
 31|0.212205,1.955189,0.421243,0.044811,2.240562
 32|0.219281,1.952159,0.435067,0.047841,2.392040
 33|0.226357,1.949032,0.448870,0.050968,2.548410
 34|0.233434,1.945807,0.462651,0.054193,2.709663
 35|0.240511,1.942484,0.476410,0.057516,2.875791
 36|0.247587,1.939064,0.490144,0.060936,3.046788
 37|0.254664,1.935547,0.503855,0.064453,3.222644
 38|0.261742,1.931933,0.517540,0.068067,3.403351
 39|0.268819,1.928222,0.531200,0.071778,3.588900
 40|0.275896,1.924414,0.544834,0.075586,3.779283
 41|0.282974,1.920510,0.558440,0.079490,3.974490
 42|0.290052,1.916510,0.572019,0.083490,4.174511
 43|0.297130,1.912413,0.585570,0.087587,4.379338
 44|0.304208,1.908221,0.599092,0.091779,4.588960
 45|0.311286,1.903933,0.612584,0.096067,4.803366
 46|0.318365,1.899549,0.626045,0.100451,5.022547
 47|0.325443,1.895070,0.639476,0.104930,5.246492
 48|0.332522,1.890496,0.652874,0.109504,5.475189
 49|0.339601,1.885827,0.666241,0.114173,5.708628
 50|0.346680,1.881064,0.679574,0.118936,5.946798
 51|0.353760,1.876206,0.692873,0.123794,6.189686
 52|0.360839,1.871254,0.706138,0.128746,6.437280
 53|0.367919,1.866209,0.719368,0.133791,6.689570
 54|0.374998,1.861069,0.732563,0.138931,6.946541
 55|0.382078,1.855836,0.745720,0.144164,7.208182
 56|0.389158,1.850510,0.758841,0.149490,7.474480
 57|0.396238,1.845092,0.771924,0.154908,7.745422
 58|0.403319,1.839580,0.784968,0.160420,8.020993
 59|0.410399,1.833976,0.797974,0.166024,8.301182
 60|0.417480,1.828281,0.810940,0.171719,8.585974
 61|0.424561,1.822493,0.823865,0.177507,8.875355
 62|0.431642,1.816614,0.836749,0.183386,9.169310
 63|0.438723,1.810643,0.849592,0.189357,9.467826
 64|0.445804,1.804582,0.862392,0.195418,9.770887
 65|0.452885,1.798430,0.875149,0.201570,10.078479
 66|0.459967,1.792188,0.887863,0.207812,10.390586
 67|0.467048,1.785856,0.900532,0.214144,10.707193
 68|0.474130,1.779434,0.913157,0.220566,11.028285
 69|0.481212,1.772923,0.925736,0.227077,11.353844
 70|0.488294,1.766323,0.938269,0.233677,11.683856
 71|0.495376,1.759634,0.950755,0.240366,12.018304
 72|0.502459,1.752857,0.963193,0.247143,12.357172
 73|0.509541,1.745991,0.975584,0.254009,12.700442
 74|0.516624,1.739038,0.987925,0.260962,13.048097
 75|0.523706,1.731998,1.000218,0.268002,13.400121
 76|0.530789,1.724870,1.012460,0.275130,13.756496
 77|0.537872,1.717656,1.024652,0.282344,14.117203
 78|0.544955,1.710355,1.036793,0.289645,14.482227
 79|0.552039,1.702969,1.048882,0.297031,14.851547
 80|0.559122,1.695497,1.060918,0.304503,15.225145
 81|0.566205,1.687940,1.072902,0.312060,15.603004
 82|0.573289,1.680298,1.084832,0.319702,15.985105
 83|0.580373,1.672571,1.096707,0.327429,16.371428
 84|0.587457,1.664761,1.108528,0.335239,16.761953
 85|0.594541,1.656867,1.120294,0.343133,17.156663
 86|0.601625,1.648889,1.132003,0.351111,17.555536
 87|0.608709,1.640829,1.143656,0.359171,17.958554
 88|0.615793,1.632686,1.155251,0.367314,18.365695
 89|0.622878,1.624461,1.166789,0.375539,18.776940
 90|0.629962,1.616155,1.178269,0.383845,19.192269
 91|0.637047,1.607767,1.189689,0.392233,19.611660
 92|0.644132,1.599298,1.201050,0.400702,20.035092
 93|0.651217,1.590749,1.212351,0.409251,20.462545
 94|0.658302,1.582120,1.223591,0.417880,20.893997
 95|0.665387,1.573411,1.234770,0.426589,21.329426
 96|0.672472,1.564624,1.245887,0.435376,21.768811
 97|0.679557,1.555757,1.256942,0.444243,22.212130
 98|0.686643,1.546813,1.267934,0.453187,22.659360
 99|0.693728,1.537790,1.278862,0.462210,23.110479
100|0.700814,1.528691,1.289726,0.471309,23.565465
101|0.707899,1.519514,1.300526,0.480486,24.024295
102|0.714985,1.510261,1.311260,0.489739,24.486946
103|0.722071,1.500932,1.321929,0.499068,24.953394
104|0.729157,1.491528,1.332532,0.508472,25.423617
105|0.736243,1.482048,1.343067,0.517952,25.897591
106|0.743329,1.472494,1.353536,0.527506,26.375291
107|0.750416,1.462866,1.363937,0.537134,26.856695
108|0.757502,1.453164,1.374269,0.546836,27.341778
109|0.764588,1.443390,1.384532,0.556610,27.830515
110|0.771675,1.433542,1.394727,0.566458,28.322882
111|0.778761,1.423623,1.404851,0.576377,28.818855
112|0.785848,1.413632,1.414904,0.586368,29.318408
113|0.792935,1.403570,1.424887,0.596430,29.821517
114|0.800022,1.393437,1.434798,0.606563,30.328156
115|0.807109,1.383234,1.444638,0.616766,30.838299
116|0.814196,1.372962,1.454405,0.627038,31.351922
117|0.821283,1.362620,1.464099,0.637380,31.868998
118|0.828370,1.352210,1.473719,0.647790,32.389501
119|0.835457,1.341732,1.483266,0.658268,32.913406
120|0.842544,1.331186,1.492738,0.668814,33.440685
121|0.849631,1.320574,1.502135,0.679426,33.971313
122|0.856719,1.309895,1.511457,0.690105,34.505262
123|0.863806,1.299150,1.520703,0.700850,35.042506
124|0.870894,1.288340,1.529873,0.711660,35.583018
125|0.877981,1.277465,1.538966,0.722535,36.126771
126|0.885069,1.266525,1.547982,0.733475,36.673736
127|0.892157,1.255522,1.556920,0.744478,37.223888
128|0.899244,1.244456,1.565780,0.755544,37.777197
129|0.906332,1.233327,1.574562,0.766673,38.333637
130|0.913420,1.222136,1.583264,0.777864,38.893178
131|0.920508,1.210884,1.591887,0.789116,39.455794
132|0.927596,1.199571,1.600430,0.800429,40.021455
133|0.934684,1.188197,1.608893,0.811803,40.590134
134|0.941772,1.176764,1.617275,0.823236,41.161801
135|0.948860,1.165271,1.625575,0.834729,41.736427
136|0.955948,1.153720,1.633794,0.846280,42.313985
137|0.963036,1.142111,1.641931,0.857889,42.894444
138|0.970124,1.130445,1.649986,0.869555,43.477775
139|0.977213,1.118721,1.657958,0.881279,44.063949
140|0.984301,1.106941,1.665846,0.893059,44.652937
141|0.991389,1.095106,1.673651,0.904894,45.244709
142|0.998477,1.083215,1.681372,0.916785,45.839234
143|1.005566,1.071270,1.689008,0.928730,46.436483
144|1.012654,1.059271,1.696559,0.940729,47.036426
145|1.019743,1.047219,1.704026,0.952781,47.639033
146|1.026831,1.035115,1.711406,0.964885,48.244273
147|1.033919,1.022958,1.718701,0.977042,48.852115
148|1.041008,1.010749,1.725910,0.989251,49.462530
149|1.048096,0.998490,1.733031,1.001510,50.075485
150|1.055185,0.986181,1.740066,1.013819,50.690951
151|1.062273,0.973822,1.747013,1.026178,51.308896
152|1.069362,0.961414,1.753872,1.038586,51.929288
153|1.076450,0.948958,1.760644,1.051042,52.552098
154|1.083539,0.936454,1.767327,1.063546,53.177292
155|1.090627,0.923903,1.773921,1.076097,53.804841
156|1.097716,0.911306,1.780426,1.088694,54.434711
157|1.104805,0.898663,1.786841,1.101337,55.066871
158|1.111893,0.885974,1.793167,1.114026,55.701290
159|1.118982,0.873241,1.799403,1.126759,56.337935
160|1.126070,0.860465,1.805548,1.139535,56.976774
161|1.133159,0.847645,1.811602,1.152355,57.617775
162|1.140247,0.834782,1.817566,1.165218,58.260905
163|1.147336,0.821877,1.823438,1.178123,58.906132
164|1.154424,0.808932,1.829218,1.191068,59.553424
165|1.161513,0.795945,1.834907,1.204055,60.202747
166|1.168601,0.782919,1.840503,1.217081,60.854069
167|1.175690,0.769853,1.846007,1.230147,61.507357
168|1.182778,0.756748,1.851418,1.243252,62.162578
169|1.189867,0.743606,1.856736,1.256394,62.819699
170|1.196955,0.730426,1.861961,1.269574,63.478687
171|1.204044,0.717210,1.867092,1.282790,64.139508
172|1.211132,0.703957,1.872130,1.296043,64.802129
173|1.218220,0.690670,1.877073,1.309330,65.466517
174|1.225309,0.677347,1.881922,1.322653,66.132637
175|1.232397,0.663991,1.886676,1.336009,66.800457
176|1.239485,0.650601,1.891336,1.349399,67.469943
177|1.246574,0.637179,1.895901,1.362821,68.141060
178|1.253662,0.623724,1.900370,1.376276,68.813775
179|1.260750,0.610239,1.904744,1.389761,69.488054
180|1.267838,0.596723,1.909022,1.403277,70.163863
181|1.274926,0.583177,1.913204,1.416823,70.841168
182|1.282014,0.569601,1.917290,1.430399,71.519934
183|1.289102,0.555997,1.921279,1.444003,72.200127
184|1.296190,0.542366,1.925172,1.457634,72.881713
185|1.303278,0.528707,1.928969,1.471293,73.564657
186|1.310366,0.515021,1.932668,1.484979,74.248926
187|1.317454,0.501310,1.936270,1.498690,74.934483
188|1.324542,0.487574,1.939775,1.512426,75.621295
189|1.331630,0.473813,1.943183,1.526187,76.309328
190|1.338717,0.460029,1.946493,1.539971,76.998545
191|1.345805,0.446222,1.949705,1.553778,77.688913
192|1.352893,0.432392,1.952819,1.567608,78.380396
193|1.359980,0.418541,1.955835,1.581459,79.072960
194|1.367067,0.404669,1.958753,1.595331,79.766570
195|1.374155,0.390776,1.961572,1.609224,80.461190
196|1.381242,0.376864,1.964293,1.623136,81.156785
197|1.388329,0.362934,1.966915,1.637066,81.853321
198|1.395417,0.348985,1.969438,1.651015,82.550763
199|1.402504,0.335019,1.971862,1.664981,83.249074
200|1.409591,0.321036,1.974187,1.678964,83.948220
201|1.416678,0.307037,1.976413,1.692963,84.648165
202|1.423765,0.293023,1.978540,1.706977,85.348875
203|1.430852,0.278994,1.980567,1.721006,86.050313
204|1.437938,0.264951,1.982495,1.735049,86.752445
205|1.445025,0.250895,1.984324,1.749105,87.455234
206|1.452112,0.236827,1.986052,1.763173,88.158646
207|1.459198,0.222747,1.987681,1.777253,88.862644
208|1.466285,0.208656,1.989210,1.791344,89.567194
209|1.473371,0.194555,1.990639,1.805445,90.272260
210|1.480457,0.180444,1.991968,1.819556,90.977806
211|1.487543,0.166324,1.993197,1.833676,91.683797
212|1.494629,0.152196,1.994326,1.847804,92.390196
213|1.501715,0.138061,1.995355,1.861939,93.096969
214|1.508801,0.123918,1.996284,1.876082,93.804080
215|1.515887,0.109770,1.997112,1.890230,94.511493
216|1.522973,0.095617,1.997840,1.904383,95.219172
217|1.530058,0.081458,1.998468,1.918542,95.927081
218|1.537144,0.067296,1.998995,1.932704,96.635186
219|1.544229,0.053131,1.999422,1.946869,97.343450
220|1.551315,0.038963,1.999749,1.961037,98.051837
221|1.558400,0.024794,1.999975,1.975206,98.760312
222|1.565485,0.010623,2.000101,1.989377,99.468840
223|1.572570,-0.003548,2.000127,1.996452,99.822616
224|1.579655,-0.017718,2.000052,1.982282,99.114092
225|1.586740,-0.031888,1.999876,1.968112,98.405623
226|1.593824,-0.046055,1.999601,1.953945,97.697244
227|1.600909,-0.060220,1.999225,1.939780,96.988992
228|1.607993,-0.074382,1.998748,1.925618,96.280902
229|1.615078,-0.088540,1.998171,1.911460,95.573009
230|1.622162,-0.102693,1.997494,1.897307,94.865350
231|1.629246,-0.116841,1.996717,1.883159,94.157960
232|1.636330,-0.130982,1.995840,1.869018,93.450875
233|1.643414,-0.145117,1.994862,1.854883,92.744130
234|1.650498,-0.159245,1.993785,1.840755,92.037761
235|1.657581,-0.173364,1.992607,1.826636,91.331804
236|1.664665,-0.187474,1.991329,1.812526,90.626293
237|1.671748,-0.201575,1.989952,1.798425,89.921265
238|1.678832,-0.215665,1.988474,1.784335,89.216754
239|1.685915,-0.229744,1.986897,1.770256,88.512798
240|1.692998,-0.243811,1.985221,1.756189,87.809429
241|1.700081,-0.257866,1.983444,1.742134,87.106686
242|1.707163,-0.271908,1.981568,1.728092,86.404601
243|1.714246,-0.285936,1.979593,1.714064,85.703212
244|1.721328,-0.299949,1.977519,1.700051,85.002552
245|1.728411,-0.313947,1.975345,1.686053,84.302658
246|1.735493,-0.327929,1.973073,1.672071,83.603564
247|1.742575,-0.341894,1.970701,1.658106,82.905306
248|1.749657,-0.355842,1.968231,1.644158,82.207919
249|1.756739,-0.369771,1.965662,1.630229,81.511437
250|1.763820,-0.383682,1.962994,1.616318,80.815896
251|1.770902,-0.397573,1.960228,1.602427,80.121331
252|1.777983,-0.411444,1.957364,1.588556,79.427777
253|1.785065,-0.425295,1.954402,1.574705,78.735267
254|1.792146,-0.439123,1.951341,1.560877,78.043838
255|1.799227,-0.452930,1.948183,1.547070,77.353524
256|1.806307,-0.466713,1.944928,1.533287,76.664359
257|1.813388,-0.480472,1.941575,1.519528,75.976379
258|1.820469,-0.494208,1.938124,1.505792,75.289617
259|1.827549,-0.507918,1.934577,1.492082,74.604108
260|1.834629,-0.521602,1.930932,1.478398,73.919886
261|1.841709,-0.535260,1.927191,1.464740,73.236986
262|1.848789,-0.548891,1.923354,1.451109,72.555442
263|1.855869,-0.562494,1.919420,1.437506,71.875289
264|1.862948,-0.576069,1.915390,1.423931,71.196559
265|1.870028,-0.589614,1.911264,1.410386,70.519288
266|1.877107,-0.603130,1.907042,1.396870,69.843509
267|1.884186,-0.616615,1.902725,1.383385,69.169256
268|1.891265,-0.630069,1.898312,1.369931,68.496563
269|1.898344,-0.643491,1.893805,1.356509,67.825463
270|1.905423,-0.656880,1.889203,1.343120,67.155990
271|1.912501,-0.670236,1.884506,1.329764,66.488178
272|1.919580,-0.683559,1.879715,1.316441,65.822061
273|1.926658,-0.696847,1.874830,1.303153,65.157670
274|1.933736,-0.710099,1.869851,1.289901,64.495040
275|1.940814,-0.723316,1.864778,1.276684,63.834204
276|1.947891,-0.736496,1.859612,1.263504,63.175195
277|1.954969,-0.749639,1.854353,1.250361,62.518045
278|1.962046,-0.762744,1.849001,1.237256,61.862788
279|1.969124,-0.775811,1.843557,1.224189,61.209456
280|1.976201,-0.788838,1.838021,1.211162,60.558083
281|1.983277,-0.801826,1.832393,1.198174,59.908700
282|1.990354,-0.814773,1.826673,1.185227,59.261340
283|1.997431,-0.827679,1.820861,1.172321,58.616035
284|2.004507,-0.840544,1.814959,1.159456,57.972818
285|2.011583,-0.853366,1.808966,1.146634,57.331721
286|2.018659,-0.866144,1.802882,1.133856,56.692775
287|2.025735,-0.878880,1.796708,1.121120,56.056013
288|2.032811,-0.891571,1.790445,1.108429,55.421467
289|2.039886,-0.904217,1.784092,1.095783,54.789167
290|2.046962,-0.916817,1.777650,1.083183,54.159146
291|2.054037,-0.929371,1.771119,1.070629,53.531435
292|2.061112,-0.941879,1.764499,1.058121,52.906065
293|2.068187,-0.954339,1.757792,1.045661,52.283067
294|2.075262,-0.966751,1.750996,1.033249,51.662474
295|2.082336,-0.979114,1.744113,1.020886,51.044314
296|2.089410,-0.991428,1.737143,1.008572,50.428620
297|2.096485,-1.003692,1.730086,0.996308,49.815421
298|2.103559,-1.015905,1.722943,0.984095,49.204749
299|2.110632,-1.028067,1.715714,0.971933,48.596634
300|2.117706,-1.040178,1.708399,0.959822,47.991106
301|2.124779,-1.052236,1.700999,0.947764,47.388195
302|2.131853,-1.064241,1.693513,0.935759,46.787931
303|2.138926,-1.076193,1.685944,0.923807,46.190345
304|2.145999,-1.088091,1.678290,0.911909,45.595465
305|2.153072,-1.099934,1.670552,0.900066,45.003322
306|2.160144,-1.111721,1.662731,0.888279,44.413944
307|2.167217,-1.123453,1.654827,0.876547,43.827362
308|2.174289,-1.135128,1.646840,0.864872,43.243603
309|2.181361,-1.146746,1.638772,0.853254,42.662698
310|2.188433,-1.158306,1.630621,0.841694,42.084676
311|2.195504,-1.169809,1.622389,0.830191,41.509564
312|2.202576,-1.181252,1.614076,0.818748,40.937391
313|2.209647,-1.192636,1.605683,0.807364,40.368186
314|2.216719,-1.203960,1.597210,0.796040,39.801977
315|2.223790,-1.215224,1.588657,0.784776,39.238793
316|2.230860,-1.226427,1.580024,0.773573,38.678660
317|2.237931,-1.237568,1.571313,0.762432,38.121607
318|2.245002,-1.248647,1.562524,0.751353,37.567662
319|2.252072,-1.259663,1.553656,0.740337,37.016851
320|2.259142,-1.270616,1.544712,0.729384,36.469203
321|2.266212,-1.281505,1.535690,0.718495,35.924744
322|2.273282,-1.292330,1.526592,0.707670,35.383502
323|2.280351,-1.303090,1.517417,0.696910,34.845502
324|2.287421,-1.313785,1.508167,0.686215,34.310773
325|2.294490,-1.324413,1.498842,0.675587,33.779339
326|2.301559,-1.334975,1.489442,0.665025,33.251228
327|2.308628,-1.345471,1.479968,0.654529,32.726466
328|2.315697,-1.355898,1.470421,0.644102,32.205079
329|2.322765,-1.366258,1.460800,0.633742,31.687092
330|2.329834,-1.376549,1.451106,0.623451,31.172531
331|2.336902,-1.386772,1.441340,0.613228,30.661421
332|2.343970,-1.396924,1.431502,0.603076,30.153788
333|2.351038,-1.407007,1.421593,0.592993,29.649657
334|2.358105,-1.417019,1.411614,0.582981,29.149053
335|2.365173,-1.426960,1.401564,0.573040,28.652000
336|2.372240,-1.436830,1.391444,0.563170,28.158523
337|2.379307,-1.446627,1.381255,0.553373,27.668647
338|2.386374,-1.456352,1.370997,0.543648,27.182395
339|2.393441,-1.466004,1.360671,0.533996,26.699792
340|2.400508,-1.475583,1.350277,0.524417,26.220861
341|2.407574,-1.485087,1.339816,0.514913,25.745626
342|2.414641,-1.494518,1.329289,0.505482,25.274111
343|2.421707,-1.503873,1.318695,0.496127,24.806338
344|2.428773,-1.513153,1.308036,0.486847,24.342331
345|2.435839,-1.522358,1.297312,0.477642,23.882112
346|2.442904,-1.531486,1.286523,0.468514,23.425705
347|2.449970,-1.540537,1.275670,0.459463,22.973131
348|2.457035,-1.549512,1.264754,0.450488,22.524414
349|2.464100,-1.558409,1.253775,0.441591,22.079575
350|2.471165,-1.567227,1.242733,0.432773,21.638635
351|2.478230,-1.575968,1.231630,0.424032,21.201618
352|2.485295,-1.584629,1.220466,0.415371,20.768543
353|2.492359,-1.593211,1.209241,0.406789,20.339434
354|2.499423,-1.601714,1.197956,0.398286,19.914309
355|2.506487,-1.610136,1.186611,0.389864,19.493192
356|2.513551,-1.618478,1.175207,0.381522,19.076101
357|2.520615,-1.626739,1.163745,0.373261,18.663059
358|2.527679,-1.634918,1.152226,0.365082,18.254084
359|2.534742,-1.643016,1.140649,0.356984,17.849197
360|2.541806,-1.651032,1.129015,0.348968,17.448419
361|2.548869,-1.658965,1.117325,0.341035,17.051768
362|2.555932,-1.666815,1.105580,0.333185,16.659264
363|2.562995,-1.674581,1.093780,0.325419,16.270927
364|2.570058,-1.682265,1.081925,0.317735,15.886775
365|2.577120,-1.689863,1.070017,0.310137,15.506827
366|2.584183,-1.697378,1.058056,0.302622,15.131102
367|2.591245,-1.704808,1.046042,0.295192,14.759619
368|2.598307,-1.712152,1.033977,0.287848,14.392395
369|2.605369,-1.719411,1.021860,0.280589,14.029449
370|2.612431,-1.726584,1.009692,0.273416,13.670798
371|2.619492,-1.733671,0.997474,0.266329,13.316460
372|2.626554,-1.740671,0.985207,0.259329,12.966452
373|2.633615,-1.747584,0.972891,0.252416,12.620791
374|2.640676,-1.754410,0.960527,0.245590,12.279495
375|2.647738,-1.761148,0.948115,0.238852,11.942580
376|2.654798,-1.767799,0.935656,0.232201,11.610062
377|2.661859,-1.774361,0.923150,0.225639,11.281958
378|2.668920,-1.780834,0.910599,0.219166,10.958283
379|2.675980,-1.787219,0.898003,0.212781,10.639055
380|2.683041,-1.793514,0.885362,0.206486,10.324287
381|2.690101,-1.799720,0.872678,0.200280,10.013996
382|2.697161,-1.805836,0.859950,0.194164,9.708197
383|2.704221,-1.811862,0.847179,0.188138,9.406904
384|2.711281,-1.817797,0.834367,0.182203,9.110133
385|2.718340,-1.823642,0.821513,0.176358,8.817897
386|2.725400,-1.829396,0.808618,0.170604,8.530212
387|2.732459,-1.835058,0.795684,0.164942,8.247091
388|2.739519,-1.840629,0.782710,0.159371,7.968547
389|2.746578,-1.846108,0.769697,0.153892,7.694596
390|2.753637,-1.851495,0.756646,0.148505,7.425249
391|2.760695,-1.856790,0.743558,0.143210,7.160519
392|2.767754,-1.861992,0.730433,0.138008,6.900421
393|2.774813,-1.867101,0.717271,0.132899,6.644967
394|2.781871,-1.872117,0.704074,0.127883,6.394168
395|2.788930,-1.877039,0.690843,0.122961,6.148037
396|2.795988,-1.881868,0.677577,0.118132,5.906587
397|2.803046,-1.886603,0.664278,0.113397,5.669828
398|2.810104,-1.891245,0.650945,0.108755,5.437773
399|2.817162,-1.895791,0.637581,0.104209,5.210433
400|2.824220,-1.900244,0.624185,0.099756,4.987818
401|2.831277,-1.904601,0.610758,0.095399,4.769940
402|2.838335,-1.908864,0.597301,0.091136,4.556808
403|2.845392,-1.913031,0.583815,0.086969,4.348435
404|2.852450,-1.917103,0.570299,0.082897,4.144829
405|2.859507,-1.921080,0.556756,0.078920,3.946000
406|2.866564,-1.924961,0.543185,0.075039,3.751958
407|2.873621,-1.928746,0.529587,0.071254,3.562713
408|2.880678,-1.932435,0.515963,0.067565,3.378273
409|2.887735,-1.936027,0.502313,0.063973,3.198648
410|2.894791,-1.939523,0.488639,0.060477,3.023846
411|2.901848,-1.942922,0.474940,0.057078,2.853876
412|2.908904,-1.946225,0.461218,0.053775,2.688746
413|2.915961,-1.949431,0.447473,0.050569,2.528463
414|2.923017,-1.952539,0.433706,0.047461,2.373037
415|2.930073,-1.955551,0.419918,0.044449,2.222473
416|2.937129,-1.958464,0.406109,0.041536,2.076780
417|2.944185,-1.961281,0.392280,0.038719,1.935964
418|2.951241,-1.963999,0.378432,0.036001,1.800033
419|2.958297,-1.966620,0.364565,0.033380,1.668992
420|2.965353,-1.969143,0.350680,0.030857,1.542848
421|2.972408,-1.971568,0.336778,0.028432,1.421608
422|2.979464,-1.973894,0.322859,0.026106,1.305276
423|2.986519,-1.976123,0.308924,0.023877,1.193859
424|2.993575,-1.978253,0.294974,0.021747,1.087362
425|3.000630,-1.980284,0.281010,0.019716,0.985790
426|3.007685,-1.982217,0.267032,0.017783,0.889148
427|3.014740,-1.984051,0.253040,0.015949,0.797440
428|3.021795,-1.985787,0.239036,0.014213,0.710671
429|3.028850,-1.987423,0.225021,0.012577,0.628845
430|3.035905,-1.988961,0.210994,0.011039,0.551966
431|3.042960,-1.990399,0.196957,0.009601,0.480037
432|3.050015,-1.991739,0.182911,0.008261,0.413062
433|3.057070,-1.992979,0.168855,0.007021,0.351045
434|3.064124,-1.994120,0.154791,0.005880,0.293987
435|3.071179,-1.995162,0.140720,0.004838,0.241892
436|3.078233,-1.996105,0.126641,0.003895,0.194763
437|3.085288,-1.996948,0.112557,0.003052,0.152600
438|3.092342,-1.997692,0.098467,0.002308,0.115407
439|3.099396,-1.998336,0.084372,0.001664,0.083185
440|3.106451,-1.998881,0.070274,0.001119,0.055936
441|3.113505,-1.999327,0.056171,0.000673,0.033660
442|3.120559,-1.999673,0.042066,0.000327,0.016359
443|3.127613,-1.999919,0.027960,0.000081,0.004033
444|3.134667,-2.000066,0.013852,0.000066,0.003317
445|3.141721,-2.000114,-0.000257,0.000114,0.005690
446|3.148775,-2.000062,-0.014366,0.000062,0.003087
447|3.155829,-1.999910,-0.028474,0.000090,0.004491
448|3.162883,-1.999659,-0.042580,0.000341,0.017045
449|3.169937,-1.999309,-0.056684,0.000691,0.034574
450|3.176991,-1.998858,-0.070785,0.001142,0.057077
451|3.184044,-1.998309,-0.084883,0.001691,0.084552
452|3.191098,-1.997660,-0.098976,0.002340,0.116999
453|3.198152,-1.996912,-0.113064,0.003088,0.154415
454|3.205205,-1.996064,-0.127147,0.003936,0.196798
455|3.212259,-1.995117,-0.141223,0.004883,0.244147
456|3.219313,-1.994071,-0.155292,0.005929,0.296459
457|3.226366,-1.992925,-0.169353,0.007075,0.353731
458|3.233420,-1.991681,-0.183406,0.008319,0.415961
459|3.240473,-1.990337,-0.197450,0.009663,0.483144
460|3.247527,-1.988894,-0.211483,0.011106,0.555279
461|3.254580,-1.987353,-0.225506,0.012647,0.632361
462|3.261634,-1.985712,-0.239518,0.014288,0.714387
463|3.268687,-1.983973,-0.253518,0.016027,0.801351
464|3.275740,-1.982135,-0.267505,0.017865,0.893251
465|3.282794,-1.980198,-0.281479,0.019802,0.990081
466|3.289847,-1.978163,-0.295439,0.021837,1.091837
467|3.296901,-1.976030,-0.309384,0.023970,1.198513
468|3.303954,-1.973798,-0.323314,0.026202,1.310104
469|3.311007,-1.971468,-0.337228,0.028532,1.426605
470|3.318061,-1.969040,-0.351125,0.030960,1.548009
471|3.325114,-1.966514,-0.365004,0.033486,1.674312
472|3.332167,-1.963890,-0.378865,0.036110,1.805506
473|3.339221,-1.961168,-0.392708,0.038832,1.941585
474|3.346274,-1.958349,-0.406530,0.041651,2.082542
475|3.353327,-1.955433,-0.420333,0.044567,2.228371
476|3.360381,-1.952419,-0.434115,0.047581,2.379064
477|3.367434,-1.949308,-0.447875,0.050692,2.534613
478|3.374487,-1.946100,-0.461613,0.053900,2.695012
479|3.381541,-1.942795,-0.475327,0.057205,2.860251
480|3.388594,-1.939394,-0.489019,0.060606,3.030324
481|3.395648,-1.935896,-0.502686,0.064104,3.205220
482|3.402701,-1.932301,-0.516328,0.067699,3.384933
483|3.409754,-1.928611,-0.529944,0.071389,3.569453
484|3.416808,-1.924825,-0.543534,0.075175,3.758770
485|3.423861,-1.920942,-0.557097,0.079058,3.952877
486|3.430915,-1.916965,-0.570632,0.083035,4.151762
487|3.437968,-1.912892,-0.584139,0.087108,4.355416
488|3.445022,-1.908723,-0.597617,0.091277,4.563829
489|3.452075,-1.904460,-0.611065,0.095540,4.776992
490|3.459129,-1.900102,-0.624483,0.099898,4.994892
491|3.466183,-1.895650,-0.637870,0.104350,5.217521
492|3.473236,-1.891103,-0.651225,0.108897,5.444866
493|3.480290,-1.886462,-0.664547,0.113538,5.676916
494|3.487344,-1.881727,-0.677837,0.118273,5.913661
495|3.494398,-1.876898,-0.691093,0.123102,6.155087
496|3.501451,-1.871976,-0.704315,0.128024,6.401185
497|3.508505,-1.866961,-0.717502,0.133039,6.651941
498|3.515559,-1.861853,-0.730653,0.138147,6.907343
499|3.522613,-1.856652,-0.743768,0.143348,7.167378
500|3.529667,-1.851359,-0.756846,0.148641,7.432034
501|3.536721,-1.845974,-0.769887,0.154026,7.701298
502|3.543775,-1.840497,-0.782889,0.159503,7.975156
503|3.550829,-1.834928,-0.795852,0.165072,8.253596
504|3.557883,-1.829268,-0.808776,0.170732,8.536602
505|3.564938,-1.823517,-0.821660,0.176483,8.824162
506|3.571992,-1.817675,-0.834503,0.182325,9.116262
507|3.579046,-1.811742,-0.847304,0.188258,9.412886
508|3.586101,-1.805720,-0.860063,0.194280,9.714020
509|3.593155,-1.799607,-0.872780,0.200393,10.019650
510|3.600210,-1.793405,-0.885454,0.206595,10.329761
511|3.607264,-1.787113,-0.898083,0.212887,10.644336
512|3.614319,-1.780733,-0.910668,0.219267,10.963362
513|3.621374,-1.774264,-0.923207,0.225736,11.286821
514|3.628429,-1.767706,-0.935701,0.232294,11.614699
515|3.635484,-1.761060,-0.948149,0.238940,11.946979
516|3.642538,-1.754327,-0.960549,0.245673,12.283644
517|3.649593,-1.747506,-0.972901,0.252494,12.624679
518|3.656649,-1.740599,-0.985206,0.259401,12.970066
519|3.663704,-1.733604,-0.997461,0.266396,13.319789
520|3.670759,-1.726523,-1.009667,0.273477,13.673830
521|3.677814,-1.719357,-1.021823,0.280643,14.032172
522|3.684870,-1.712104,-1.033928,0.287896,14.394797
523|3.691925,-1.704766,-1.045981,0.295234,14.761687
524|3.698981,-1.697343,-1.057983,0.302657,15.132825
525|3.706037,-1.689836,-1.069932,0.310164,15.508192
526|3.713092,-1.682245,-1.081829,0.317755,15.887770
527|3.720148,-1.674569,-1.093671,0.325431,16.271540
528|3.727204,-1.666810,-1.105459,0.333190,16.659483
529|3.734260,-1.658968,-1.117192,0.341032,17.051580
530|3.741316,-1.651044,-1.128870,0.348956,17.447812
531|3.748373,-1.643037,-1.140492,0.356963,17.848159
532|3.755429,-1.634948,-1.152057,0.365052,18.252602
533|3.762485,-1.626778,-1.163565,0.373222,18.661121
534|3.769542,-1.618526,-1.175015,0.381474,19.073695
535|3.776598,-1.610194,-1.186407,0.389806,19.490305
536|3.783655,-1.601781,-1.197739,0.398219,19.910930
537|3.790712,-1.593289,-1.209013,0.406711,20.335549
538|3.797769,-1.584717,-1.220226,0.415283,20.764141
539|3.804826,-1.576066,-1.231379,0.423934,21.196686
540|3.811883,-1.567337,-1.242470,0.432663,21.633161
541|3.818940,-1.558529,-1.253500,0.441471,22.073546
542|3.825998,-1.549644,-1.264468,0.450356,22.517819
543|3.833055,-1.540681,-1.275373,0.459319,22.965958
544|3.840113,-1.531641,-1.286214,0.468359,23.417941
545|3.847171,-1.522525,-1.296991,0.477475,23.873745
546|3.854228,-1.513333,-1.307705,0.486667,24.333349
547|3.861286,-1.504065,-1.318353,0.495935,24.796729
548|3.868344,-1.494723,-1.328935,0.505277,25.263863
549|3.875403,-1.485305,-1.339452,0.514695,25.734728
550|3.882461,-1.475814,-1.349902,0.524186,26.209301
551|3.889519,-1.466249,-1.360285,0.533751,26.687558
552|3.896578,-1.456610,-1.370600,0.543390,27.169476
553|3.903637,-1.446899,-1.380848,0.553101,27.655030
554|3.910695,-1.437116,-1.391026,0.562884,28.144198
555|3.917754,-1.427261,-1.401136,0.572739,28.636955
556|3.924813,-1.417334,-1.411176,0.582666,29.133276
557|3.931873,-1.407337,-1.421145,0.592663,29.633138
558|3.938932,-1.397270,-1.431045,0.602730,30.136515
559|3.945991,-1.387132,-1.440873,0.612868,30.643383
560|3.953051,-1.376926,-1.450629,0.623074,31.153717
561|3.960111,-1.366650,-1.460313,0.633350,31.667492
562|3.967171,-1.356306,-1.469925,0.643694,32.184682
563|3.974231,-1.345895,-1.479463,0.654105,32.705262
564|3.981291,-1.335416,-1.488928,0.664584,33.229206
565|3.988351,-1.324870,-1.498319,0.675130,33.756488
566|3.995411,-1.314258,-1.507636,0.685742,34.287083
567|4.002472,-1.303581,-1.516877,0.696419,34.820964
568|4.009533,-1.292838,-1.526044,0.707162,35.358105
569|4.016594,-1.282030,-1.535134,0.717970,35.898479
570|4.023655,-1.271159,-1.544148,0.728841,36.442059
571|4.030716,-1.260224,-1.553085,0.739776,36.988820
572|4.037777,-1.249225,-1.561944,0.750775,37.538733
573|4.044838,-1.238165,-1.570727,0.761835,38.091772
574|4.051900,-1.227042,-1.579430,0.772958,38.647909
575|4.058962,-1.215858,-1.588056,0.784142,39.207118
576|4.066024,-1.204613,-1.596602,0.795387,39.769369
577|4.073086,-1.193307,-1.605069,0.806693,40.334637
578|4.080148,-1.181942,-1.613456,0.818058,40.902891
579|4.087210,-1.170518,-1.621763,0.829482,41.474106
580|4.094273,-1.159035,-1.629989,0.840965,42.048251
581|4.101335,-1.147494,-1.638134,0.852506,42.625300
582|4.108398,-1.135896,-1.646197,0.864104,43.205223
583|4.115461,-1.124240,-1.654179,0.875760,43.787991
584|4.122524,-1.112528,-1.662078,0.887472,44.373577
585|4.129587,-1.100761,-1.669894,0.899239,44.961950
586|4.136651,-1.088938,-1.677627,0.911062,45.553082
587|4.143714,-1.077061,-1.685277,0.922939,46.146944
588|4.150778,-1.065130,-1.692843,0.934870,46.743507
589|4.157842,-1.053145,-1.700325,0.946855,47.342739
590|4.164906,-1.041108,-1.707721,0.958892,47.944613
591|4.171970,-1.029018,-1.715033,0.970982,48.549098
592|4.179035,-1.016877,-1.722259,0.983123,49.156165
593|4.186099,-1.004684,-1.729400,0.995316,49.765782
594|4.193164,-0.992442,-1.736455,1.007558,50.377921
595|4.200229,-0.980149,-1.743422,1.019851,50.992551
596|4.207294,-0.967807,-1.750304,1.032193,51.609641
597|4.214359,-0.955417,-1.757097,1.044583,52.229160
598|4.221424,-0.942978,-1.763804,1.057022,52.851079
599|4.228490,-0.930493,-1.770422,1.069507,53.475365
600|4.235556,-0.917960,-1.776952,1.082040,54.101989
601|4.242622,-0.905382,-1.783394,1.094618,54.730920
602|4.249688,-0.892758,-1.789747,1.107242,55.362125
603|4.256754,-0.880089,-1.796010,1.119911,55.995573
604|4.263820,-0.867375,-1.802184,1.132625,56.631235
605|4.270887,-0.854618,-1.808269,1.145382,57.269076
606|4.277953,-0.841819,-1.814263,1.158181,57.909067
607|4.285020,-0.828976,-1.820166,1.171024,58.551175
608|4.292087,-0.816093,-1.825979,1.183907,59.195369
609|4.299155,-0.803168,-1.831701,1.196832,59.841616
610|4.306222,-0.790202,-1.837331,1.209798,60.489884
611|4.313290,-0.777197,-1.842870,1.222803,61.140142
612|4.320357,-0.764153,-1.848317,1.235847,61.792356
613|4.327425,-0.751070,-1.853672,1.248930,62.446495
614|4.334493,-0.737949,-1.858934,1.262051,63.102525
615|4.341562,-0.724792,-1.864103,1.275208,63.760415
616|4.348630,-0.711597,-1.869180,1.288403,64.420132
617|4.355699,-0.698367,-1.874163,1.301633,65.081642
618|4.362768,-0.685102,-1.879053,1.314898,65.744914
619|4.369837,-0.671802,-1.883849,1.328198,66.409913
620|4.376906,-0.658468,-1.888550,1.341532,67.076607
621|4.383975,-0.645101,-1.893158,1.354899,67.744963
622|4.391044,-0.631701,-1.897671,1.368299,68.414947
623|4.398114,-0.618269,-1.902090,1.381731,69.086526
624|4.405184,-0.604807,-1.906413,1.395193,69.759667
625|4.412254,-0.591313,-1.910641,1.408687,70.434336
626|4.419324,-0.577790,-1.914774,1.422210,71.110500
627|4.426395,-0.564238,-1.918812,1.435762,71.788124
628|4.433465,-0.550656,-1.922753,1.449344,72.467176
629|4.440536,-0.537048,-1.926598,1.462952,73.147621
630|4.447607,-0.523412,-1.930348,1.476588,73.829425
631|4.454678,-0.509749,-1.934000,1.490251,74.512554
632|4.461749,-0.496061,-1.937557,1.503939,75.196975
633|4.468820,-0.482347,-1.941016,1.517653,75.882653
634|4.475892,-0.468609,-1.944378,1.531391,76.569554
635|4.482964,-0.454847,-1.947644,1.545153,77.257643
636|4.490036,-0.441062,-1.950812,1.558938,77.946887
637|4.497108,-0.427255,-1.953882,1.572745,78.637251
638|4.504180,-0.413426,-1.956855,1.586574,79.328701
639|4.511253,-0.399576,-1.959730,1.600424,80.021201
640|4.518325,-0.385706,-1.962507,1.614294,80.714718
641|4.525398,-0.371816,-1.965186,1.628184,81.409217
642|4.532471,-0.357907,-1.967767,1.642093,82.104663
643|4.539544,-0.343980,-1.970249,1.656020,82.801021
644|4.546618,-0.330035,-1.972633,1.669965,83.498257
645|4.553691,-0.316073,-1.974918,1.683927,84.196335
646|4.560765,-0.302096,-1.977105,1.697904,84.895222
647|4.567839,-0.288102,-1.979192,1.711898,85.594881
648|4.574913,-0.274094,-1.981181,1.725906,86.295279
649|4.581987,-0.260072,-1.983070,1.739928,86.996379
650|4.589061,-0.246037,-1.984860,1.753963,87.698147
651|4.596136,-0.231989,-1.986552,1.768011,88.400548
652|4.603210,-0.217929,-1.988143,1.782071,89.103547
653|4.610285,-0.203858,-1.989635,1.796142,89.807108
654|4.617360,-0.189776,-1.991028,1.810224,90.511196
655|4.624436,-0.175684,-1.992321,1.824316,91.215776
656|4.631511,-0.161584,-1.993514,1.838416,91.920813
657|4.638587,-0.147475,-1.994608,1.852525,92.626271
658|4.645662,-0.133358,-1.995601,1.866642,93.332116
659|4.652738,-0.119234,-1.996495,1.880766,94.038311
660|4.659814,-0.105104,-1.997289,1.894896,94.744821
661|4.666891,-0.090968,-1.997983,1.909032,95.451612
662|4.673967,-0.076827,-1.998577,1.923173,96.158647
663|4.681044,-0.062682,-1.999071,1.937318,96.865891
664|4.688120,-0.048534,-1.999464,1.951466,97.573308
665|4.695197,-0.034383,-1.999758,1.965617,98.280864
666|4.702274,-0.020230,-1.999951,1.979770,98.988523
667|4.709352,-0.006075,-2.000044,1.993925,99.696248
668|4.716429,0.008080,-2.000038,1.991920,99.595995
669|4.723506,0.022235,-1.999930,1.977765,98.888241
670|4.730584,0.036389,-1.999723,1.963611,98.180527
671|4.737662,0.050542,-1.999416,1.949458,97.472888
672|4.744740,0.064693,-1.999008,1.935307,96.765359
673|4.751818,0.078840,-1.998500,1.921160,96.057976
674|4.758897,0.092984,-1.997892,1.907016,95.350775
675|4.765975,0.107124,-1.997184,1.892876,94.643791
676|4.773054,0.121259,-1.996376,1.878741,93.937059
677|4.780133,0.135388,-1.995468,1.864612,93.230615
678|4.787212,0.149510,-1.994460,1.850490,92.524494
679|4.794291,0.163625,-1.993352,1.836375,91.818733
680|4.801370,0.177733,-1.992144,1.822267,91.113366
681|4.808450,0.191831,-1.990836,1.808169,90.408429
682|4.815529,0.205921,-1.989428,1.794079,89.703957
683|4.822609,0.220000,-1.987921,1.780000,88.999986
684|4.829689,0.234069,-1.986313,1.765931,88.296551
685|4.836769,0.248126,-1.984607,1.751874,87.593688
686|4.843849,0.262171,-1.982800,1.737829,86.891431
687|4.850930,0.276204,-1.980895,1.723796,86.189817
688|4.858010,0.290222,-1.978890,1.709778,85.488880
689|4.865091,0.304227,-1.976785,1.695773,84.788657
690|4.872172,0.318216,-1.974582,1.681784,84.089181
691|4.879252,0.332190,-1.972280,1.667810,83.390488
692|4.886334,0.346148,-1.969878,1.653852,82.692614
693|4.893415,0.360088,-1.967378,1.639912,81.995594
694|4.900496,0.374011,-1.964779,1.625989,81.299462
695|4.907578,0.387915,-1.962081,1.612085,80.604254
696|4.914659,0.401800,-1.959286,1.598200,79.910005
697|4.921741,0.415665,-1.956391,1.584335,79.216749
698|4.928823,0.429510,-1.953399,1.570490,78.524522
699|4.935905,0.443333,-1.950308,1.556667,77.833359
700|4.942987,0.457134,-1.947120,1.542866,77.143294
701|4.950070,0.470913,-1.943834,1.529087,76.454363
702|4.957152,0.484668,-1.940450,1.515332,75.766599
703|4.964235,0.498399,-1.936969,1.501601,75.080038
704|4.971317,0.512106,-1.933391,1.487894,74.394714
705|4.978400,0.525787,-1.929716,1.474213,73.710662
706|4.985483,0.539442,-1.925944,1.460558,73.027916
707|4.992566,0.553070,-1.922075,1.446930,72.346511
708|4.999649,0.566670,-1.918109,1.433330,71.666480
709|5.006733,0.580243,-1.914048,1.419757,70.987860
710|5.013816,0.593786,-1.909890,1.406214,70.310683
711|5.020900,0.607300,-1.905636,1.392700,69.634983
712|5.027984,0.620784,-1.901287,1.379216,68.960796
713|5.035067,0.634237,-1.896842,1.365763,68.288154
714|5.042151,0.647658,-1.892302,1.352342,67.617093
715|5.049235,0.661047,-1.887667,1.338953,66.947645
716|5.056320,0.674403,-1.882937,1.325597,66.279845
717|5.063404,0.687725,-1.878112,1.312275,65.613726
718|5.070488,0.701014,-1.873193,1.298986,64.949322
719|5.077573,0.714267,-1.868180,1.285733,64.286666
720|5.084658,0.727484,-1.863074,1.272516,63.625792
721|5.091742,0.740665,-1.857873,1.259335,62.966734
722|5.098827,0.753810,-1.852579,1.246190,62.309524
723|5.105912,0.766916,-1.847193,1.233084,61.654196
724|5.112997,0.779984,-1.841713,1.220016,61.000783
725|5.120082,0.793014,-1.836141,1.206986,60.349318
726|5.127168,0.806003,-1.830477,1.193997,59.699834
727|5.134253,0.818953,-1.824720,1.181047,59.052363
728|5.141338,0.831861,-1.818872,1.168139,58.406939
729|5.148424,0.844728,-1.812933,1.155272,57.763594
730|5.155510,0.857553,-1.806902,1.142447,57.122360
731|5.162595,0.870335,-1.800781,1.129665,56.483271
732|5.169681,0.883073,-1.794569,1.116927,55.846357
733|5.176767,0.895767,-1.788267,1.104233,55.211652
734|5.183853,0.908416,-1.781875,1.091584,54.579188
735|5.190939,0.921020,-1.775394,1.078980,53.948996
736|5.198025,0.933578,-1.768823,1.066422,53.321108
737|5.205112,0.946089,-1.762163,1.053911,52.695557
738|5.212198,0.958553,-1.755415,1.041447,52.072373
739|5.219284,0.970968,-1.748579,1.029032,51.451589
740|5.226371,0.983335,-1.741655,1.016665,50.833235
741|5.233458,0.995653,-1.734643,1.004347,50.217343
742|5.240544,1.007921,-1.727544,0.992079,49.603944
743|5.247631,1.020139,-1.720358,0.979861,48.993070
744|5.254718,1.032305,-1.713086,0.967695,48.384750
745|5.261805,1.044420,-1.705727,0.955580,47.779016
746|5.268892,1.056482,-1.698283,0.943518,47.175899
747|5.275979,1.068491,-1.690754,0.931509,46.575428
748|5.283066,1.080447,-1.683139,0.919553,45.977635
749|5.290153,1.092349,-1.675440,0.907651,45.382549
750|5.297240,1.104196,-1.667657,0.895804,44.790201
751|5.304328,1.115988,-1.659789,0.884012,44.200621
752|5.311415,1.127723,-1.651839,0.872277,43.613838
753|5.318502,1.139402,-1.643805,0.860598,43.029882
754|5.325590,1.151024,-1.635689,0.848976,42.448783
755|5.332677,1.162589,-1.627490,0.837411,41.870570
756|5.339765,1.174095,-1.619210,0.825905,41.295272
757|5.346853,1.185542,-1.610848,0.814458,40.722918
758|5.353940,1.196929,-1.602405,0.803071,40.153538
759|5.361028,1.208257,-1.593882,0.791743,39.587160
760|5.368116,1.219524,-1.585279,0.780476,39.023813
761|5.375204,1.230729,-1.576595,0.769271,38.463525
762|5.382291,1.241873,-1.567833,0.758127,37.906325
763|5.389379,1.252955,-1.558992,0.747045,37.352241
764|5.396467,1.263974,-1.550072,0.736026,36.801300
765|5.403555,1.274929,-1.541075,0.725071,36.253532
766|5.410643,1.285821,-1.532000,0.714179,35.708962
767|5.417731,1.296648,-1.522848,0.703352,35.167620
768|5.424820,1.307409,-1.513619,0.692591,34.629532
769|5.431908,1.318105,-1.504314,0.681895,34.094726
770|5.438996,1.328735,-1.494934,0.671265,33.563228
771|5.446084,1.339299,-1.485479,0.660701,33.035065
772|5.453172,1.349795,-1.475948,0.650205,32.510265
773|5.460261,1.360223,-1.466344,0.639777,31.988854
774|5.467349,1.370583,-1.456666,0.629417,31.470858
775|5.474437,1.380874,-1.446915,0.619126,30.956303
776|5.481525,1.391096,-1.437091,0.608904,30.445215
777|5.488614,1.401248,-1.427195,0.598752,29.937621
778|5.495702,1.411329,-1.417227,0.588671,29.433545
779|5.502790,1.421340,-1.407188,0.578660,28.933013
780|5.509879,1.431279,-1.397078,0.568721,28.436052
781|5.516967,1.441146,-1.386898,0.558854,27.942684
782|5.524056,1.450941,-1.376648,0.549059,27.452937
783|5.531144,1.460663,-1.366329,0.539337,26.966834
784|5.538232,1.470312,-1.355941,0.529688,26.484399
785|5.545321,1.479887,-1.345485,0.520113,26.005658
786|5.552409,1.489387,-1.334962,0.510613,25.530635
787|5.559498,1.498813,-1.324371,0.501187,25.059353
788|5.566586,1.508163,-1.313714,0.491837,24.591836
789|5.573675,1.517438,-1.302991,0.482562,24.128108
790|5.580763,1.526636,-1.292202,0.473364,23.668192
791|5.587851,1.535758,-1.281349,0.464242,23.212112
792|5.594940,1.544802,-1.270431,0.455198,22.759891
793|5.602028,1.553769,-1.259450,0.446231,22.311551
794|5.609116,1.562658,-1.248405,0.437342,21.867114
795|5.616205,1.571468,-1.237297,0.428532,21.426604
796|5.623293,1.580199,-1.226127,0.419801,20.990043
797|5.630382,1.588851,-1.214896,0.411149,20.557452
798|5.637470,1.597423,-1.203603,0.402577,20.128854
799|5.644558,1.605915,-1.192251,0.394085,19.704270
800|5.651646,1.614326,-1.180838,0.385674,19.283722
801|5.658735,1.622655,-1.169366,0.377345,18.867230
802|5.665823,1.630904,-1.157835,0.369096,18.454815
803|5.672911,1.639070,-1.146246,0.360930,18.046499
804|5.679999,1.647154,-1.134600,0.352846,17.642303
805|5.687087,1.655155,-1.122896,0.344845,17.242245
806|5.694175,1.663073,-1.111137,0.336927,16.846347
807|5.701263,1.670907,-1.099321,0.329093,16.454629
808|5.708352,1.678658,-1.087450,0.321342,16.067109
809|5.715440,1.686324,-1.075525,0.313676,15.683809
810|5.722527,1.693905,-1.063546,0.306095,15.304746
811|5.729615,1.701401,-1.051513,0.298599,14.929940
812|5.736703,1.708812,-1.039428,0.291188,14.559410
813|5.743791,1.716137,-1.027291,0.283863,14.193175
814|5.750879,1.723375,-1.015101,0.276625,13.831252
815|5.757967,1.730527,-1.002861,0.269473,13.473661
816|5.765054,1.737592,-0.990571,0.262408,13.120419
817|5.772142,1.744569,-0.978231,0.255431,12.771543
818|5.779229,1.751459,-0.965842,0.248541,12.427052
819|5.786317,1.758261,-0.953405,0.241739,12.086962
820|5.793404,1.764974,-0.940920,0.235026,11.751291
821|5.800492,1.771599,-0.928387,0.228401,11.420056
822|5.807579,1.778135,-0.915808,0.221865,11.093273
823|5.814666,1.784581,-0.903183,0.215419,10.770958
824|5.821754,1.790937,-0.890513,0.209063,10.453128
825|5.828841,1.797204,-0.877799,0.202796,10.139798
826|5.835928,1.803380,-0.865040,0.196620,9.830985
827|5.843015,1.809466,-0.852238,0.190534,9.526703
828|5.850102,1.815461,-0.839393,0.184539,9.226968
829|5.857189,1.821364,-0.826507,0.178636,8.931796
830|5.864276,1.827176,-0.813578,0.172824,8.641200
831|5.871362,1.832896,-0.800610,0.167104,8.355195
832|5.878449,1.838524,-0.787601,0.161476,8.073795
833|5.885536,1.844060,-0.774552,0.155940,7.797016
834|5.892622,1.849503,-0.761465,0.150497,7.524869
835|5.899708,1.854853,-0.748340,0.145147,7.257370
836|5.906795,1.860109,-0.735177,0.139891,6.994531
837|5.913881,1.865273,-0.721978,0.134727,6.736365
838|5.920967,1.870342,-0.708742,0.129658,6.482885
839|5.928053,1.875318,-0.695471,0.124682,6.234104
840|5.935139,1.880199,-0.682166,0.119801,5.990035
841|5.942225,1.884986,-0.668826,0.115014,5.750689
842|5.949311,1.889678,-0.655453,0.110322,5.516078
843|5.956397,1.894276,-0.642047,0.105724,5.286214
844|5.963482,1.898778,-0.628609,0.101222,5.061108
845|5.970568,1.903185,-0.615139,0.096815,4.840772
846|5.977653,1.907496,-0.601639,0.092504,4.625216
847|5.984739,1.911711,-0.588109,0.088289,4.414452
848|5.991824,1.915830,-0.574550,0.084170,4.208488
849|5.998909,1.919853,-0.560962,0.080147,4.007337
850|6.005994,1.923780,-0.547346,0.076220,3.811007
851|6.013079,1.927610,-0.533702,0.072390,3.619508
852|6.020164,1.931343,-0.520032,0.068657,3.432850
853|6.027249,1.934979,-0.506336,0.065021,3.251042
854|6.034333,1.938518,-0.492615,0.061482,3.074093
855|6.041418,1.941960,-0.478870,0.058040,2.902011
856|6.048502,1.945304,-0.465100,0.054696,2.734806
857|6.055586,1.948550,-0.451308,0.051450,2.572484
858|6.062671,1.951699,-0.437493,0.048301,2.415055
859|6.069755,1.954749,-0.423656,0.045251,2.262526
860|6.076838,1.957702,-0.409798,0.042298,2.114903
861|6.083922,1.960556,-0.395920,0.039444,1.972196
862|6.091006,1.963312,-0.382023,0.036688,1.834410
863|6.098090,1.965969,-0.368106,0.034031,1.701552
864|6.105173,1.968527,-0.354171,0.031473,1.573628
865|6.112256,1.970987,-0.340219,0.029013,1.450646
866|6.119340,1.973348,-0.326249,0.026652,1.332610
867|6.126423,1.975609,-0.312264,0.024391,1.219526
868|6.133506,1.977772,-0.298263,0.022228,1.111400
869|6.140588,1.979835,-0.284248,0.020165,1.008237
870|6.147671,1.981799,-0.270218,0.018201,0.910043
871|6.154754,1.983664,-0.256175,0.016336,0.816820
872|6.161836,1.985428,-0.242120,0.014572,0.728575
873|6.168918,1.987094,-0.228052,0.012906,0.645311
874|6.176001,1.988659,-0.213974,0.011341,0.567032
875|6.183083,1.990125,-0.199885,0.009875,0.493742
876|6.190164,1.991491,-0.185786,0.008509,0.425444
877|6.197246,1.992757,-0.171679,0.007243,0.362141
878|6.204328,1.993923,-0.157562,0.006077,0.303837
879|6.211409,1.994989,-0.143439,0.005011,0.250533
880|6.218491,1.995955,-0.129308,0.004045,0.202233
881|6.225572,1.996821,-0.115171,0.003179,0.158938
882|6.232653,1.997587,-0.101029,0.002413,0.120650
883|6.239734,1.998253,-0.086882,0.001747,0.087371
884|6.246815,1.998818,-0.072730,0.001182,0.059102
885|6.253895,1.999283,-0.058576,0.000717,0.035845
886|6.260976,1.999648,-0.044419,0.000352,0.017600
887|6.268056,1.999913,-0.030259,0.000087,0.004368
888|6.275136,2.000077,-0.016099,0.000077,0.003851
889|6.282216,2.000141,-0.001938,0.000141,0.007057
890|0.006111,2.000105,0.012223,0.000105,0.005249
