result_new_OneBody2_E-0.25_ecc0.8_EU1.txt
geod|
newt|
num|numerrical|theoretical|relative difference(%)
1|0.0022182029444802187,0.0010713561005548655,51.701619402281
2|0.0022382061877502246,0.00044071201733197896,80.30958810926312
3|0.002300032820533482,0.00039364216331216895,82.88536755658706
4|0.0024013219735010694,0.0003895213244531348,83.77887976907894
5|0.0025446851606924503,0.00040562653216502653,84.05985390921018
6|0.002726319177691394,0.00043726292284507196,83.96141851537209
7|0.0029467480920052913,0.000484115136247798,83.5712072721373
8|0.0031988714541916208,0.000547981211495685,82.86954573377304
9|0.003477254834535204,0.0006319814434987414,81.82527673203403
10|0.003770958556168824,0.0007404648871127684,80.3640141867521
11|0.004062310075569009,0.0008787676712125325,78.36778446585116
12|0.004330856801029848,0.0010531552175017111,75.68252043680414
13|0.004553043780969546,0.0012705455274040212,72.09459015714833
14|0.004702263937377826,0.0015380407571612409,67.2914838970329
15|0.0047555759210979875,0.001862262278143234,60.8404468976858
16|0.004697042803003204,0.0022488352878622386,52.122316483376004
17|0.004523097297680967,0.0027014640409739332,40.27402323715215
18|0.004241507581045578,0.0032216180954518503,24.0454476646795
19|0.003873158276979538,0.0038077304364696474,1.6892632789826048
20|0.0034441273927605653,0.004454378092422218,29.332559004209998
21|0.002985701663119622,0.005151551536167753,72.54073304782683
22|0.002523138867188912,0.005883113660251071,133.16646327935115
23|0.0020800761362385067,0.006625417464980243,218.51802679498442
24|0.0016709169183215522,0.00734666240072368,339.6784974864851
25|0.0013041458136642259,0.008007442381330332,513.9990097297496
26|0.0009836129091906898,0.008563521214332126,770.619034613742
27|0.0007090214912617299,0.008971532026264883,1165.3399278912846
28|0.000477710098387929,0.009196210717876796,1825.060983410262
29|0.00028673844506088564,0.009217399691309303,3114.567090699014
30|0.00013082373447081963,0.009033832103508388,6805.346449595042
31|4.650283345064565e-06,0.008666064592236955,186255.6250058271
32|9.54074286809714e-05,0.008148554356361193,8440.796528128618
33|0.0001721561987637621,0.007526978396083184,4272.179712455158
34|0.00023154918814372039,0.006847530300645666,2857.26811030556
35|0.00027543351285563844,0.006150749661083421,2133.1159332478114
36|0.00030539604671542264,0.005470129819542757,1691.1593415745788
37|0.00032506165046353175,0.004828032944658389,1385.266852541266
38|0.00033636005464909857,0.004238350566075022,1160.0635858787107
39|0.0003403549559495289,0.0037078185629826343,989.3975533978901
40|0.0003385238843995886,0.0032374345398316073,856.338589099429
41|0.0003319708881641681,0.002825129763132317,751.017322258456
42|0.00032151991997508844,0.002466397935797504,667.1057942501983
43|0.000308229478957589,0.0021561159042369216,599.5164484360023
44|0.0002928419774690383,0.0018886398180462116,544.9347987502558
45|0.0002756110632979869,0.0016586558700188991,501.81033742668853
46|0.00025766086210188277,0.0014611084719597933,467.0665152793171
47|0.00023882040016776074,0.0012915745270816181,440.81415414024275
48|0.0002194094502345756,0.0011461829662193779,422.3945299502678
49|0.00019984684918350482,0.0010213982635915997,411.09050143378744
50|0.00018071374331096735,0.0009144314903783979,406.0110391299176
51|0.00016162785259776768,0.0008226829305555405,408.99824339242815
52|0.000143401811520949,0.0007441800464964565,418.94745164201936
53|0.0001258716285770234,0.0006771621898087332,437.9784129783973
54|0.00010969877508415493,0.0006200449486630788,465.22504302114044
55|9.429967393126404e-05,0.0005717211691229629,506.2811728699042
56|7.995906528934782e-05,0.0005311576520865557,564.2869700445546
57|6.703883925229803e-05,0.0004976094362860728,642.2703642187766
58|5.555877779173102e-05,0.0004703772165264297,746.6298850016053
59|4.567018516121735e-05,0.00044907975872021666,883.3105715138869
60|3.718210103009767e-05,0.0004336088075151956,1066.1761855904908
61|3.016801016375581e-05,0.0004243125647107604,1306.4983484410727
62|2.505049948986482e-05,0.00042351159199771615,1590.6313272079253
63|2.128836154424718e-05,0.00045369550196783237,2031.1903268123324
64|1.931117213205269e-05,0.0003607510331771202,1768.094959281863
65|1.8825473444561425e-05,0.00039540709162011467,2000.383253491803
66|2.0134510303027042e-05,0.00041283091971022756,1950.3648387622427
67|2.2826651862928315e-05,0.0004316574423257613,1791.0239001226269
68|2.688903373648799e-05,0.0004547790807309937,1591.3180487920092
69|3.220006957782573e-05,0.00048326275042454014,1400.8127521480092
70|3.87687035297013e-05,0.0005180606344432626,1236.2856822033482
71|4.670718396582174e-05,0.0005600944186103796,1099.1611804732906
72|5.529589680230984e-05,0.0006104931572727956,1004.0478454583883
73|6.466294427687203e-05,0.0006704976572771137,936.9117348047055
74|7.469542048710309e-05,0.0007417026568665719,892.969384240409
75|8.451893294880719e-05,0.000826048652544209,877.3533854770075
76|9.524555579432104e-05,0.0009258216728547097,872.0366111926362
77|0.00010446512365369642,0.001043828024036575,899.2119738419893
78|0.00011366240471755162,0.001183573471414956,941.3060275788708
79|0.00012117269266864739,0.001349162024935513,1013.4208502115754
80|0.00012713048130885696,0.001545624735413531,1115.7782457053045
81|0.0001311403179200532,0.0017791195549290428,1256.6533794844418
82|0.00013163469731747313,0.002056925982611979,1462.601673061274
83|0.0001280202422355714,0.002387544385484386,1764.9741195545
84|0.00011887108792496548,0.0027809707655161997,2239.4845744758563
85|0.00010381204734333238,0.003248371247670745,3029.088897483709
86|8.053138176000729e-05,0.003801943181639178,4621.07034369459
87|4.636680408642846e-05,0.0044535544254835635,9505.04937364686
88|2.769443678829475e-07,0.005213513445274209,1882412.8978530942
89|6.14389741726562e-05,0.006087808105335268,9808.707277936104
90|0.00014296137590275038,0.007074021964502353,4848.205009802412
91|0.00024782478441220945,0.008155654693727588,3190.8955063034396
92|0.00038357975520275644,0.00929811619036991,2324.037260635671
93|0.0005557481385305429,0.010441729666397337,1778.8600343325265
94|0.0007739712067471594,0.01150540146839274,1386.541278033786
95|0.0010511797978260962,0.012390589804719965,1078.7317288958996
96|0.0013994774306269608,0.012997641916094205,828.7496626702517
97|0.001838034994839699,0.013248914181718363,620.819473998853
98|0.0023878905980334597,0.013103852821469641,448.76269592339287
99|0.0030741123211697197,0.012572582729494908,308.9825424697221
100|0.003924432963707147,0.01170842921568871,198.3470306148011
101|0.004964028643878793,0.010593893575320923,113.41322412360348
102|0.0062086609989036035,0.009320096374694886,50.11443492148687
103|0.007646310284703417,0.007972966240536339,4.272072982526004
104|0.009217934230585922,0.0066237754238445135,28.1425180723655
105|0.0107769833285416,0.0053315360682233415,50.52849294010336
106|0.012084405039678559,0.004146140011796362,65.69016018428121
107|0.012845571772025943,0.0031109889914393563,75.78162306317716
108|0.012835942388830346,0.0022593903567211804,82.39793940889552
109|0.012048646282091069,0.0016048052213131214,86.68061802346642
110|0.010731315291983734,0.0011337789007268562,89.43485612081693
111|0.0092351006878173,0.0008102161802896468,91.22677480540669
112|0.007849740663249893,0.0005887694621171669,92.49950428459876
113|0.0067197679521742715,0.00042372722713590605,93.69431756942137
1|0.0022182029444802187,0.0010713561005548655,51.701619402281
2|0.00215693103692155,0.00043220768710039437,79.96191441905084
3|0.0020631973352860933,0.00036616127624267136,82.25272638829297
4|0.0019452585856413185,0.0003351776429512121,82.7695070760626
5|0.0018123019678781827,0.00031577369622803886,82.57609924698464
6|0.0016729306482332063,0.0003016879569810449,81.96649949000219
7|0.0015321884119154916,0.00029056482494249636,81.03595989351977
8|0.0013985985070097962,0.00028126899841618425,79.889225034457
9|0.0012736079072297457,0.0002733108195140943,78.54042692710827
10|0.001163177158882256,0.00026633221646754635,77.1030393406731
11|0.001066928517386878,0.0002601925246588088,75.61293747250542
12|0.0009826267812937939,0.0002547019134064854,74.07948589889567
13|0.000912377140500964,0.00024978654787011223,72.62244561136632
14|0.00085386386807218,0.0002453585556962956,71.26490944624973
15|0.0008067190541583003,0.00024136415805342537,70.08076643172194
16|0.0007680314263684984,0.00023775536441217326,69.04353698957897
17|0.000738487811439148,0.00023447553359057238,68.24923445471201
18|0.0007148642290022433,0.000231497405953629,67.6165911565142
19|0.0006972597956081961,0.00022879055475844012,67.18718672731246
20|0.0006845722284232192,0.00022632091063812254,66.93980543741756
21|0.000674790156871441,0.00022408203410595462,66.79233805886027
22|0.0006684823794440575,0.00022202492859113576,66.78671937833538
23|0.0006662195971367524,0.0002201557259238207,66.95448064422065
24|0.0006647454690384969,0.00021844786549429784,67.13811892388438
25|0.0006649911998806157,0.0002168718334636388,67.38726264308862
26|0.0006662014497696989,0.00021544297766817877,67.66098636641276
27|0.0006683935718817535,0.0002141304376799269,67.96342055219391
28|0.0006723055058555083,0.00021292336710088122,68.32937329139729
29|0.0006756505681715375,0.0002118207900265734,68.64935811423823
30|0.0006802454134894331,0.00021080632351222484,69.01025433881892
31|0.0006848956976254206,0.00020987098456215492,69.35723420518019
32|0.0006895174917492808,0.00020901203271472824,69.68720370175492
33|0.0006945380668798018,0.00020823463813601784,70.01825413666558
34|0.00069912083048429,0.0002074853594951076,70.32196003209062
35|0.0007032929424052314,0.00020680529382155477,70.59471503946995
36|0.0007077836298314821,0.00020615191123596333,70.8735971634373
37|0.0007124777071139121,0.0002055795239574998,71.14583068286355
38|0.0007167172347963824,0.00020501918498205818,71.39469025880149
39|0.0007206243733628437,0.00020447103604670502,71.62585063664628
40|0.000724886684233983,0.0002039926033128303,71.85869077890463
41|0.0007274474603911063,0.0002034944392406146,72.02623552617705
42|0.0007308173708588939,0.00020304274668059286,72.21703331408685
43|0.000734001033620979,0.000202570197324059,72.40191933726057
44|0.0007371276016752137,0.00020214782665850528,72.57627767579191
45|0.0007399158261194305,0.0002017165925405351,72.73789998539972
46|0.0007424757594141074,0.00020129237008692513,72.88903138793833
47|0.00074511754988138,0.000200883733183721,73.03999439877629
48|0.0007464351437878047,0.00020044383701955937,73.14651665482927
49|0.000748668302080091,0.0002000034735447631,73.2854358880861
50|0.000750106445970733,0.0001995783527244388,73.39332920060978
51|0.0007519955884280893,0.00019911142001749482,73.52226222048706
52|0.0007531423677282767,0.00019867952674323952,73.61992429897127
53|0.0007546247549370388,0.00019818744636856955,73.73695401960342
54|0.0007548407400728152,0.00019771389125033956,73.80720451955638
55|0.0007560685619647511,0.00019718914916344588,73.91914449517357
56|0.0007560991589798949,0.00019668448032916785,73.98694628962049
57|0.0007571798722667555,0.00019612519907297177,74.09793811794873
58|0.0007572442939629553,0.00019553786799741957,74.17770334404324
59|0.0007570657587567808,0.0001949601523372202,74.24792363382345
60|0.0007578003490380514,0.00019433125087564562,74.35587735973876
61|0.000757630590142444,0.00019368651294038308,74.43523064400455
62|0.0007574146249167413,0.00019300232339714007,74.51827347295335
63|0.0007565192269869403,0.0001922850932357667,74.58292051590037
64|0.000755937960434272,0.00019155907409973416,74.65941861291275
65|0.0007555277259037041,0.00019078161749175315,74.74856170717563
66|0.0007556916331024066,0.00018998050215257578,74.860049545258
67|0.0007544036527595832,0.00018914945983572462,74.92728738205041
68|0.0007533357666860141,0.0001882720764250223,75.00821217433408
69|0.000752599404602261,0.0001873872413272748,75.10133011249106
70|0.0007515962083917138,0.0001864447419596127,75.19349620475438
71|0.0007503152270835756,0.00018550813314743841,75.27597382389587
72|0.0007490625679427154,0.0001844664688982478,75.3736901571679
73|0.0007480842220324302,0.00018343245676188946,75.47970517764276
74|0.0007465112747824243,0.00018236252130054975,75.57136409578
75|0.0007455079910201334,0.0001812566902523738,75.68682127681194
76|0.0007439390347236952,0.00018012858612170835,75.78718447155961
77|0.0007427171948872768,0.0001789681350674588,75.90359610637249
78|0.0007407786698547802,0.00017775460555602418,76.00435693013804
79|0.0007391237094422909,0.00017651836523691067,76.11788622366026
80|0.0007370850191521505,0.00017526013341273572,76.22253486927019
81|0.0007351752856932237,0.00017393266025134135,76.34133469444177
82|0.0007337883704625625,0.00017260007690211854,76.47822126244442
83|0.0007319839925583604,0.0001712626826736452,76.60294700228836
84|0.000730306288248217,0.00016986564190635267,76.74049304521138
85|0.0007277295995185007,0.00016842125579941136,76.85661598609613
86|0.0007261205458732878,0.00016699439249612258,77.00183620403105
87|0.0007237365178116573,0.00016551314692514474,77.13074539535432
88|0.0007216799076221747,0.00016401667968291012,77.2729325078039
89|0.0007196185659843479,0.00016247433393901112,77.42215923559912
90|0.0007183108616597433,0.00016095423373052586,77.59267716506169
91|0.0007150458216158562,0.0001593750128217053,77.71121681942695
92|0.0007136238887399671,0.00015778431187563058,77.889709920694
93|0.0007112684844605699,0.0001561760792414546,78.04259816742767
94|0.0007087619261916256,0.00015457505103189106,78.1908359747164
95|0.0007068069645366215,0.000152896056712315,78.3680602507146
96|0.0007045891335073495,0.00015124550230383171,78.53422723808526
97|0.0007024390095566879,0.00014960052159562753,78.70270307310508
98|0.0006997500349319452,0.00014788085706696208,78.86661669386778
99|0.0006977318958132361,0.00014617560937491003,79.04988861021809
100|0.0006946265471765578,0.00014446821660130116,79.20203061796013
101|0.0006925150917600487,0.0001427615631546253,79.38506108339209
102|0.0006901762205255846,0.00014102265164595007,79.56715293109372
103|0.0006879712684786377,0.00013928352881853456,79.75445557100915
104|0.0006853666951673887,0.00013753849094721993,79.93213094289203
105|0.0006824434385976907,0.00013578360940791345,80.10331673978338
106|0.0006808143521328525,0.00013403943924161776,80.31189577280509
107|0.0006782315446147713,0.00013229717614948733,80.49380374594183
108|0.0006750681111356016,0.00013054164423909054,80.66244841287303
109|0.0006733746817202402,0.00012877001029443225,80.8769153652363
110|0.0006698804217037946,0.0001270127239147989,81.03949304985645
111|0.0006683341116300312,0.00012526677334823155,81.25686372004677
112|0.000665343439625321,0.00012353157415834204,81.4334121596048
113|0.0006626681678554291,0.00012176630798288457,81.62484424490272
114|0.0006605330201847615,0.00012002703829849803,81.82876031467366
115|0.0006577797303770616,0.00011830422101810623,82.01461438310204
116|0.0006555485726300603,0.00011658592718244432,82.21551658411799
117|0.0006523663939885793,0.00011486536287708127,82.39250765589067
118|0.0006498196064583794,0.00011312316782841059,82.59160439234053
119|0.00064744153977081,0.00011144645856620006,82.78663760041542
120|0.0006443985347663883,0.00010975168059035312,82.96835348482891
121|0.0006419231726884078,0.00010806914583283422,83.16478506606406
122|0.0006393393055192931,0.00010639714377791432,83.35826643858617
123|0.0006366103526209699,0.00010473971499047607,83.54728059962342
124|0.0006344587465747509,0.00010310321937423428,83.74942107255087
125|0.0006314017095143676,0.00010147329976195607,83.92888422174171
126|0.000629274316936268,9.985591292949181e-05,84.13157660467414
127|0.0006264900431331988,9.826312233263135e-05,84.31529384869417
128|0.0006238849620978648,9.667222715448176e-05,84.50479927751209
129|0.0006210047569670252,9.51069596053511e-05,84.68498694440738
130|0.00061848544978238,9.355493505236456e-05,84.87354309057994
131|0.0006160978316116505,9.203064073659561e-05,85.06233328303516
132|0.000613162615090701,9.05101302217659e-05,85.23880484651248
133|0.0006110579822631301,8.898822909564341e-05,85.4370237066433
134|0.0006085198010481463,8.751845817422943e-05,85.61781259648691
135|0.0006050734242037947,8.604617409280202e-05,85.7792177526176
136|0.0006025474887829674,8.460042557123515e-05,85.9595422524933
137|0.0006006339386264159,8.31543703260218e-05,86.15556581498096
138|0.0005974756412681081,8.175387041009508e-05,86.31678603054392
139|0.0005944512746811625,8.035666268058073e-05,86.48221206629921
140|0.0005920847595159984,7.898071294709652e-05,86.66057322406684
141|0.0005892171268171431,7.760899401731969e-05,86.82845584673495
142|0.0005868889553664047,7.627803831400382e-05,87.00298623503961
143|0.0005846168673802055,7.497661122357613e-05,87.17508587127112
144|0.0005815364520094235,7.367284429549148e-05,87.33134543141284
145|0.000578878922618209,7.237776664570372e-05,87.49690758849076
146|0.0005764461329076376,7.112282543952908e-05,87.66184360006369
147|0.0005734732801920828,6.987812391789916e-05,87.81492942539647
148|0.0005713186926272762,6.864893983837828e-05,87.98412502089018
149|0.0005692103711925078,6.744736387021e-05,88.1507141676097
150|0.0005655929554104766,6.626457086056359e-05,88.28405300549184
151|0.0005628769854797433,6.508454119380502e-05,88.43716426985675
152|0.0005605383137532449,6.393983606101106e-05,88.5931372589175
153|0.0005577929811804161,6.28123913438694e-05,88.73912123975741
154|0.0005558396536873289,6.169348511364525e-05,88.90084852630017
155|0.0005532254388360691,6.06093345167924e-05,89.04436957123512
156|0.0005500825002342502,5.952866973379933e-05,89.17822877323869
157|0.0005475908736047863,5.845650061708785e-05,89.32478544935032
158|0.0005454672426883356,5.742902909711134e-05,89.47158974862133
159|0.0005427893354648106,5.64073937812104e-05,89.60786623913555
160|0.000539798224465482,5.5399930735666736e-05,89.73691868095254
161|0.0005380347942081087,5.441632045655176e-05,89.8860963933303
162|0.0005353960168856808,5.3445472268154326e-05,90.01758127020841
163|0.0005322470827540116,5.249096105530704e-05,90.13785838267022
164|0.0005298535817344074,5.154662131690024e-05,90.27153479869494
165|0.0005270074192424978,5.064046997982352e-05,90.39093793923956
166|0.0005249785610459412,4.9715947390227555e-05,90.5299090135841
167|0.0005217847016782962,4.884106556368728e-05,90.63961334884057
168|0.0005194433515844921,4.796241560811598e-05,90.76657436045468
169|0.0005170166059209613,4.710364853888205e-05,90.88933546825322
170|0.0005140683354429854,4.6269498896966965e-05,90.99934858716878
171|0.0005115775416713042,4.5440030750576454e-05,91.11766505579475
172|0.0005090998848351624,4.463793002640326e-05,91.23198976152662
173|0.0005063437298362672,4.383524525009008e-05,91.34278896585433
174|0.0005038718662753183,4.30540193638862e-05,91.45536350696722
175|0.0005018867461141774,4.229192616489463e-05,91.57341242972905
176|0.0004993238739134931,4.1538662858053854e-05,91.68101806699306
177|0.0004966197809621598,4.080225594171871e-05,91.78400508681557
178|0.000494203713085728,4.008183196702042e-05,91.88961335058453
179|0.0004916640740875167,3.936262633841281e-05,91.99399988468423
180|0.0004889084245820463,3.867634651744112e-05,92.08924523022804
181|0.00048638055435823446,3.797719977605141e-05,92.19187538733713
182|0.0004840035575361945,3.731688749408768e-05,92.28995594907438
183|0.00048134303745417384,3.664987014317944e-05,92.38591455752204
184|0.0004789480449596262,3.600911262591211e-05,92.48162446744143
185|0.0004767351815617715,3.537320886537465e-05,92.58011360741345
186|0.0004741349402839212,3.475603024272189e-05,92.66959101940277
187|0.0004712012983429936,3.4143744506387463e-05,92.75389422175705
188|0.00046895308544980807,3.353732930366782e-05,92.8484681422877
189|0.0004669559100656251,3.2960662514458505e-05,92.94137587640206
190|0.00046391339865792247,3.238127103588617e-05,93.01997503638319
191|0.0004620379878166325,3.1811146113502886e-05,93.1150366523266
192|0.00045918770775132955,3.127196042718161e-05,93.18972178494883
193|0.0004566311874185658,3.0716083210702294e-05,93.27332778465113
194|0.0004546495386748006,3.018176872227052e-05,93.36153099148775
195|0.00045168696575936806,2.966265051029815e-05,93.43291864523258
196|0.00044971889102196627,2.914885418991986e-05,93.51842789532805
197|0.0004470917076395686,2.8651073075591782e-05,93.59167871243781
198|0.00044478565294436834,2.8154224071874623e-05,93.67015912372605
199|0.0004418005419077886,2.766738592230311e-05,93.73758443056012
200|0.0004395430200907491,2.7192390085195584e-05,93.81348608844218
201|0.00043701428489661964,2.6726849815750242e-05,93.88421597658467
202|0.0004354155325771991,2.6274865039033202e-05,93.96556551772193
203|0.00043263703286422484,2.582371065118494e-05,94.03109103254015
204|0.00043002076952713963,2.538503119908775e-05,94.09678950460888
205|0.00042768923632241496,2.4954040928504284e-05,94.1653801851369
206|0.00042581325830015615,2.453693179238492e-05,94.23763085951428
207|0.0004232166641813251,2.4118014262164422e-05,94.30126072449946
208|0.0004204042932052232,2.371289665337173e-05,94.35950178515515
209|0.0004182202305078597,2.3311473365650315e-05,94.4260292388672
210|0.0004158718279243523,2.2921271442433166e-05,94.48838081751414
211|0.0004133854899994738,2.2536890368130003e-05,94.5482144600289
212|0.0004111105671795734,2.2163721158596772e-05,94.60881745009594
213|0.0004087455040178156,2.1790977397628808e-05,94.66881539162348
214|0.0004059191664955719,2.1430013370959955e-05,94.72062047328978
215|0.00040432017850466906,2.1074427921652372e-05,94.78768831187361
216|0.00040118118683851733,2.0723698017866e-05,94.83432955040146
217|0.0003996267900401307,2.0385492091268276e-05,94.89886749353786
218|0.00039689912393070514,2.005073978339489e-05,94.94815216903942
219|0.0003947593896547197,1.971800939259971e-05,95.00505626735155
220|0.0003924315609089568,1.939629159997125e-05,95.05740783054115
221|0.000390019009322895,1.9079457012072254e-05,95.10806997710297
222|0.00038777131918399377,1.8771493127456296e-05,95.15913318010263
223|0.00038492153220071046,1.8468219894929305e-05,95.20208189203107
224|0.0003830522681687043,1.8165140276860114e-05,95.25779070211384
225|0.00038061468027850154,1.787356038396304e-05,95.30402758745808
226|0.0003784851359207586,1.7582442129127074e-05,95.35452242097871
227|0.00037574165207709953,1.7298615728966737e-05,95.39614103644352
228|0.0003738740842713639,1.7026367335581938e-05,95.44596214290587
229|0.0003715025002559713,1.675051848759601e-05,95.49114246174531
230|0.0003691038855362372,1.6488365505384905e-05,95.53286590808155
231|0.0003671528093751597,1.621986793098884e-05,95.58225689227527
232|0.00036443739160763045,1.5967885395262726e-05,95.6184832393778
233|0.0003626481762060152,1.5714956451473583e-05,95.66661092415197
234|0.000359971361788336,1.546507768557248e-05,95.7038033223693
235|0.0003575600492609077,1.52253075411668e-05,95.74188795067062
236|0.00035519398415351233,1.4981257806523374e-05,95.78223211121487
237|0.0003531865386534605,1.4748758506044624e-05,95.82408815401773
238|0.0003505723603303146,1.4518420411446797e-05,95.85865229142215
239|0.0003484107439919448,1.4293488467709281e-05,95.89751788250257
240|0.00034670657767854607,1.4073182584617427e-05,95.94089541685432
241|0.00034472623128589674,1.3857975252440369e-05,95.98000558276422
242|0.00034218243516859204,1.3641543018527713e-05,96.01337134332843
243|0.000339909998064325,1.343896902050723e-05,96.0463154667301
244|0.0003378971866885294,1.3225582774056832e-05,96.08591509634319
245|0.0003351427936020279,1.3027116864794408e-05,96.11296524541604
246|0.00033311275804059903,1.2827843156371088e-05,96.14909881211825
247|0.0003311541635673265,1.2634939679623258e-05,96.1845747178551
248|0.0003284836311645556,1.2444894708307785e-05,96.21141100267688
249|0.0003266185723735937,1.225433661744546e-05,96.24812008441802
250|0.0003241265211122446,1.207017033455493e-05,96.27609296112642
251|0.0003218877052972857,1.1890013662085863e-05,96.30616097899589
252|0.00031974959933211977,1.1710652482843642e-05,96.33755522843363
253|0.0003175227508953604,1.1540748706018178e-05,96.36537896151529
254|0.0003153389427552611,1.1364046279549456e-05,96.39624393350958
255|0.0003134906409623106,1.119654644199386e-05,96.42842720675034
256|0.0003108040320278782,1.1036980112066885e-05,96.4488941665091
257|0.00030922506665831406,1.0870520044559129e-05,96.48459286886636
258|0.0003065992365125503,1.0711858582146405e-05,96.50623442380689
259|0.0003045455440910949,1.0555343268769946e-05,96.53406740844888
260|0.00030243768210747035,1.0403258699831497e-05,96.5601975827421
261|0.0002999947656361357,1.0249678444651522e-05,96.58338090569107
262|0.00029772873389966037,1.0104560780543892e-05,96.60611837890349
263|0.00029610088965847936,9.957053353604195e-06,96.63727678593314
264|0.0002936894954772562,9.815488390296778e-06,96.65786875545336
265|0.0002914635938893184,9.676566149696697e-06,96.6800086348447
266|0.0002899369209301561,9.535185104825317e-06,96.7112897956441
267|0.00028697279094247463,9.399727424419524e-06,96.72452311818519
268|0.0002850902469200278,9.26776444831745e-06,96.74918221565216
269|0.0002831767840598687,9.135283802308436e-06,96.77399973566439
270|0.0002810711392813303,9.01074009984626e-06,96.7941425352721
271|0.00027887969858175765,8.880698588287217e-06,96.81558082805955
272|0.00027650415130775485,8.760032931931505e-06,96.83186205686243
273|0.00027432464657728417,8.636179204435379e-06,96.8518398502694
274|0.0002726163167832141,8.518003712376654e-06,96.87546078940308
275|0.00027072795373905834,8.401595203766377e-06,96.89666505149141
276|0.00026833062226527815,8.284233405930763e-06,96.91267685514448
277|0.00026646106797523217,8.170186429623527e-06,96.933816076132
278|0.0002643614782598114,8.059125498949271e-06,96.95147509690166
279|0.0002620918080085133,7.949078726809944e-06,96.9670632641247
280|0.00025959902554317793,7.84072351001086e-06,96.97967914417046
281|0.0002576272785250744,7.732778272373508e-06,96.99846292805485
282|0.00025564904312824765,7.631358148074696e-06,97.01490838585052
283|0.00025377516147351287,7.530176031167457e-06,97.03273717276173
284|0.00025167998689035187,7.427916526303591e-06,97.04866619786512
285|0.0002494191236288579,7.328301661946313e-06,97.06185253346852
286|0.0002474796942504298,7.234337606742969e-06,97.07679548067391
287|0.00024537375246724835,7.1359593327713355e-06,97.09180005562175
288|0.00024353376839680863,7.044835361735835e-06,97.10724495904111
289|0.00024091794200442607,6.950614868550531e-06,97.1149451092261
290|0.00023922796439324046,6.860493260596456e-06,97.13223607532802
291|0.00023698024270624174,6.771714855524635e-06,97.14249813478384
292|0.00023499640217394813,6.68568122952351e-06,97.15498570715366
293|0.00023310896596528963,6.598657364076388e-06,97.16928204080364
294|0.00023093576221056011,6.515253723637926e-06,97.1787592959736
295|0.00022880678890935258,6.429573969235491e-06,97.18995489605742
296|0.00022698341010363166,6.348626648833289e-06,97.20304376168515
297|0.00022482614709717907,6.270213376069478e-06,97.21108356077497
298|0.00022243721735426547,6.190686611340368e-06,97.21688362901935
299|0.00022109467602282606,6.113357933656971e-06,97.23495922940008
300|0.00021867478159354192,6.03597655635113e-06,97.23974730311134
301|0.00021671668317368997,5.962517590329952e-06,97.24870392855209
302|0.0002145249680114425,5.88814730928533e-06,97.25526246950832
303|0.0002126213030497759,5.813692824929717e-06,97.26570539191518
304|0.00021064726961839142,5.743984000883273e-06,97.27317424465598
305|0.00020834399548652627,5.673632329727951e-06,97.27679585078569
306|0.00020657848702754222,5.605802495534107e-06,97.28635707609442
307|0.00020473938496046173,5.539886918093373e-06,97.29417624305006
308|0.00020287245927708142,5.473526148325192e-06,97.3019865940258
309|0.00020088637441872947,5.408638882542505e-06,97.30761287409733
310|0.00019887160543063942,5.344286129194131e-06,97.31269523488709
311|0.0001967821905810574,5.2806619668110955e-06,97.3164939615631
312|0.00019466163336501197,5.21739067593785e-06,97.31976425670143
313|0.00019300294578705746,5.1552519395592356e-06,97.32892577440394
314|0.0001909364293544158,5.0985639168388275e-06,97.32970605238727
315|0.00018883338078579115,5.038280559865882e-06,97.33189093003571
316|0.0001866483290737797,4.979691881956683e-06,97.33204582828691
317|0.00018463349716180133,4.924058539135245e-06,97.33306327680069
318|0.00018278541729488396,4.868388414625002e-06,97.33655535180307
319|0.0001808472779551984,4.812347285110263e-06,97.33899932610407
320|0.0001787621168021225,4.761346453996396e-06,97.33649022557341
321|0.0001771428814003606,4.704884535744469e-06,97.3440171580415
322|0.0001751220715346946,4.654500831424713e-06,97.34213923428688
323|0.00017325495470732477,4.603713191109193e-06,97.34281008073556
324|0.0001710304710029753,4.553896805870039e-06,97.33737691350285
325|0.00016895594592991614,4.503548553635994e-06,97.33448353720318
326|0.00016723644572591567,4.4560335665799755e-06,97.33548895562933
327|0.00016544607966606506,4.405932771067711e-06,97.33693733936724
328|0.00016346601355188284,4.362598031271148e-06,97.33118956260196
329|0.00016137761632917247,4.317709790147006e-06,97.32446798486608
330|0.00015942285269154866,4.2701638531816855e-06,97.3214857336397
331|0.00015759558954853148,4.224721041445889e-06,97.3192644200586
332|0.00015582582074369355,4.184374243987321e-06,97.31471060186496
333|0.00015348740876497402,4.138439036349695e-06,97.30372734177392
334|0.00015168691699285475,4.0988084863968766e-06,97.2978496974858
335|0.0001500356707420103,4.055778012101996e-06,97.29679082844505
336|0.00014772015700659225,4.0176361641997005e-06,97.28023836041523
337|0.00014596819397416638,3.9790202341905e-06,97.27404982835185
338|0.00014435340747542824,3.937041423096588e-06,97.27263700112742
339|0.00014208119155867394,3.900364220488228e-06,97.25483424111239
340|0.0001401502625868467,3.86234637517191e-06,97.24413903771423
341|0.0001385513562821572,3.825219277331371e-06,97.23913256428801
342|0.00013654343585978168,3.7915037900404513e-06,97.22322514724618
343|0.00013482621724447696,3.755144459383075e-06,97.21482621397442
344|0.0001325325318246584,3.7204935070533907e-06,97.19276961223707
345|0.00013076497558683897,3.685699199174053e-06,97.18143242666196
346|0.0001292377348667273,3.652259441988548e-06,97.17399918394203
347|0.00012716841388549227,3.6202096689308405e-06,97.15321630716365
348|0.00012513901269750605,3.589162038242222e-06,97.13186003239599
349|0.000123181510007786,3.5578683998949145e-06,97.11168632397019
350|0.0001215147820481377,3.524891560857668e-06,97.09920760137537
351|0.00011945244355748841,3.4964420732030987e-06,97.0729421943383
352|0.0001178783089414992,3.4667925761233676e-06,97.05900720221236
353|0.00011591099209518063,3.4394573309448617e-06,97.03267371905459
354|0.0001138301619842963,3.4089554659111343e-06,97.00522655288725
355|0.00011239609741897638,3.3828977961114504e-06,96.99019995018057
356|0.00011039556735914502,3.3552324096852715e-06,96.9607181792274
357|0.00010844817675481622,3.3291295484794148e-06,96.93021160143057
358|0.00010675706302221144,3.3046378526968567e-06,96.90452532212383
359|0.0001045054776200871,3.2772905860234403e-06,96.86400114074641
360|0.00010290674914337217,3.252985735446856e-06,96.83889952551633
361|0.00010092311611575866,3.2295107366131504e-06,96.80002871402732
362|9.94023512448372e-05,3.2050766676228193e-06,96.77565306304635
363|9.752477068580845e-05,3.1826970752213413e-06,96.73652442057525
364|9.550127115787177e-05,3.1613953748177437e-06,96.68968241313596
365|9.389519640778943e-05,3.137839214684135e-06,96.65814723784547
366|9.193485080949415e-05,3.1170582315276363e-06,96.60949226100692
367|8.983044219590397e-05,3.0977357714512266e-06,96.5515746157682
368|8.812669449964616e-05,3.0765611658267744e-06,96.50893388967502
369|8.627526984472667e-05,3.059476167965869e-06,96.4538202274277
370|8.467420262325831e-05,3.0405982953674027e-06,96.40906179076056
371|8.272170461598449e-05,3.021074959086434e-06,96.34790533740686
372|8.098736280182095e-05,3.0036299816238454e-06,96.29123621548977
373|7.892978049284238e-05,2.9850115623730744e-06,96.21814283058374
374|7.726348875491951e-05,2.97041712249424e-06,96.15547114120561
375|7.562563943031009e-05,2.9526778551058896e-06,96.0956656005179
376|7.386628262029404e-05,2.9372017982254306e-06,96.02362310105144
377|7.173242698543802e-05,2.9218293975397103e-06,95.92676628920857
378|7.002934025113206e-05,2.909359392955224e-06,95.84551363396831
379|6.800213635971275e-05,2.893556542371556e-06,95.74490347322997
380|6.637268609877012e-05,2.8813720152065514e-06,95.65879854415002
381|6.439319662243648e-05,2.867525701777396e-06,95.54684989690624
382|6.282832588411225e-05,2.8567217769115416e-06,95.45313083436154
383|6.093583647004408e-05,2.843029995869273e-06,95.3343875122369
384|5.910184645241401e-05,2.8334494266424315e-06,95.20581911273484
385|5.744452639033781e-05,2.822349010500602e-06,95.08682691311157
386|5.566287572733586e-05,2.812428432807934e-06,94.9473892678765
387|5.3758157786187866e-05,2.802420042691267e-06,94.7869864628968
388|5.2019531958880094e-05,2.793602678519136e-06,94.62970431812536
389|5.035783590701115e-05,2.7870788064099372e-06,94.46545159018261
390|4.8570271794723396e-05,2.7781158702389064e-06,94.28021345653512
391|4.663576251751067e-05,2.770708192656457e-06,94.05883372955225
392|4.5078852688895665e-05,2.7648601745866586e-06,93.86661370095666
393|4.307589099417086e-05,2.75910476821295e-06,93.59478189647588
394|4.1263469373387096e-05,2.752229624203295e-06,93.3301061059632
395|3.950443551792304e-05,2.7488843739043034e-06,93.04158042542554
396|3.790271018555558e-05,2.7440571801484737e-06,92.76026129341481
397|3.606679866763329e-05,2.7432907225843906e-06,92.39386132419274
398|3.4123356462689713e-05,2.739050389610753e-06,91.97309211769476
399|3.2510700950894034e-05,2.7377951257179234e-06,91.57878776636271
400|3.09861300116232e-05,2.735988301250103e-06,91.17028070228903
401|2.903706779733284e-05,2.7338032739798734e-06,90.58512624945214
402|2.7225771975114554e-05,2.732738049626704e-06,89.96267928738794
403|2.5683977983081974e-05,2.7359563343765103e-06,89.34761454717535
404|2.398695177285859e-05,2.7364140295915718e-06,88.59207265890348
405|2.1914455943239375e-05,2.7382513261287045e-06,87.50481721644813
406|2.0369020577781782e-05,2.7424298587597207e-06,86.53627037054927
407|1.868435781959832e-05,2.7439369154613757e-06,85.31425622462005
408|1.6611774800168178e-05,2.748180856215754e-06,83.45642841132224
409|1.505308652527404e-05,2.7554888193392912e-06,81.69485829558714
410|1.3334301863565656e-05,2.7616099798066784e-06,79.28942956246972
411|1.1654861096221936e-05,2.7711395196305944e-06,76.22331577569042
412|9.835908163502438e-06,2.7760994671943706e-06,71.77587040213034
413|8.09442669646998e-06,2.783913979786945e-06,65.60702710420463
414|6.395309280371464e-06,2.7935226034614402e-06,56.31919456912986
415|4.5515371076554345e-06,2.8038787567297163e-06,38.39710211274018
416|2.9807344783527867e-06,2.81815886404857e-06,5.454213231165068
417|1.0416802100898792e-06,2.82935830986375e-06,171.61486629563834
418|4.2282020640271867e-07,2.8450418891878826e-06,572.872735528183
419|2.2536142831874884e-06,2.8591097720465086e-06,26.86775165458278
420|3.8305929912496595e-06,2.878032689057619e-06,24.86717603170065
421|5.75129590973944e-06,2.8932505564682742e-06,49.693936777470526
422|7.417474952031711e-06,2.9134313677126045e-06,60.72205991184924
423|9.23490960635931e-06,2.9313656866314375e-06,68.25777607381396
424|1.0789461269755662e-05,2.9547175279809323e-06,72.61478164564703
425|1.24935674126192e-05,2.976180467850753e-06,76.17829744253315
426|1.4161076054453048e-05,2.9987592529145957e-06,78.82393088361661
427|1.595045552926777e-05,3.0285045489186757e-06,81.01305292904256
428|1.7508611035665922e-05,3.054664835300258e-06,82.55335715050296
429|1.921011760730451e-05,3.0850109862257113e-06,83.94069703637494
430|2.1036217513703548e-05,3.1163905900299937e-06,85.18559437788711
431|2.261817875437444e-05,3.1504564095286014e-06,86.0711313508419
432|2.434975339671297e-05,3.1819162491508735e-06,86.93244979811415
433|2.601299148619063e-05,3.2222477064358657e-06,87.61292906989786
434|2.783926252902802e-05,3.2606421309644418e-06,88.28761312349934
435|2.941899097042011e-05,3.3076396124265273e-06,88.75678769624608
436|3.1274756624011246e-05,3.352823712887698e-06,89.27945706118281
437|3.2736283617662565e-05,3.401116394297077e-06,89.61056045939792
438|3.451252075370448e-05,3.448780895531911e-06,90.007160241514
439|3.620746001731234e-05,3.5067284094303375e-06,90.31490083050946
440|3.786078706458085e-05,3.5627572612106917e-06,90.5898489243408
441|3.9620001353046774e-05,3.6235773364090562e-06,90.85417159853175
442|4.115046614749929e-05,3.6903477558247744e-06,91.03206330009208
443|4.279352566749495e-05,3.758371038831143e-06,91.2174307206337
444|4.4392796724856964e-05,3.830108999736126e-06,91.37222864449195
445|4.610212716738005e-05,3.909642670052449e-06,91.51960460336687
446|4.7907866654206543e-05,3.995654871413734e-06,91.65971029297984
447|4.949089155426023e-05,4.090383735277925e-06,91.7350776944615
448|5.1168378259802694e-05,4.186813419071456e-06,91.81757647699268
449|5.29364662171794e-05,4.291351536345189e-06,91.8933925080316
450|5.447741150321761e-05,4.40521054967391e-06,91.91369334900627
451|5.6225970809453685e-05,4.5236386507774284e-06,91.95453882671451
452|5.783954227300825e-05,4.651961359680712e-06,91.9571262550402
453|5.944505741917183e-05,4.795037368499067e-06,91.93366517473898
454|6.122899864546838e-05,4.940734533054325e-06,91.93072785386799
455|6.28943218732303e-05,5.1124040751915345e-06,91.87143779768213
456|6.444440633401882e-05,5.2929279146241015e-06,91.78683113753803
457|6.617244027085079e-05,5.479465320590293e-06,91.71941476215436
458|6.778501575821494e-05,5.700676962483442e-06,91.59006323341812
459|6.935711582833903e-05,5.93444541863164e-06,91.44363869841477
460|7.103289606336105e-05,6.180089445528836e-06,91.29967974272621
461|7.266249254733737e-05,6.47118661323276e-06,91.09418575337615
462|7.435892821883172e-05,6.781266924882345e-06,90.88035951119994
463|7.5847784018368e-05,7.130157410273341e-06,90.59938599056943
464|7.767324716878576e-05,7.508818252510707e-06,90.33281274285615
465|7.92925596764249e-05,7.954479091409894e-06,89.96818979754174
466|8.07749351472431e-05,8.444871498092255e-06,89.54518318993601
467|8.251834572226002e-05,8.985338235234508e-06,89.11110231720188
468|8.41202923878015e-05,9.629787621090458e-06,88.55236073515253
469|8.577876279458607e-05,1.035178866137798e-05,87.93199117808757
470|8.729160448783801e-05,1.1193357555061567e-05,87.17705142351795
471|8.905702168426899e-05,1.2151835879326e-05,86.35499408187317
472|9.067295555853505e-05,1.3318297151787561e-05,85.31172049069276
473|9.233495471194786e-05,1.467215074457684e-05,84.1098630628577
474|9.384692384140081e-05,1.630669130969764e-05,82.62416002334228
475|9.540205765379284e-05,1.82491562652487e-05,80.87131796310561
476|9.70015244514677e-05,2.064095232645613e-05,78.72100212529823
477|9.864385164393141e-05,2.3624403981958864e-05,76.0508094642995
478|0.0001003260524607974,2.7392437152773397e-05,72.69658629947885
479|0.00010185023531095183,3.2228468028971946e-05,68.35700189540313
480|0.00010361224244226364,3.8420302348463053e-05,62.91914792803352
481|0.00010522581433658473,4.669177393834545e-05,55.627072850210546
482|0.00010666007574311465,5.7596182880370606e-05,46.00024190955192
483|0.00010833695025302958,7.210911437516287e-05,33.43996281347565
484|0.00011004317931240237,9.18889668635181e-05,16.497353640925024
485|0.00011157797026761784,0.00011852533463274639,6.226465984696993
486|0.00011314081849622681,0.000153758288096828,35.89992554451581
487|0.00011472517404742533,6.65592845781049e-05,41.983714445627704
488|0.00011633959927648263,4.8540373380312474e-05,58.27699795926267
489|0.00011796892613968879,3.5647993743559425e-05,69.78187823686036
490|0.00011961853104702769,2.6445147885745257e-05,77.89209777593037
491|0.0001210702854441692,1.985231611412175e-05,83.60265192958802
492|0.0001227582142235839,1.503067189112528e-05,87.75587280558726
493|0.00012424059536808585,1.1555338005564408e-05,90.69922518374162
494|0.00012593861667387074,8.946679130872326e-06,92.89600015693316
495|0.00012742079904937142,7.026139935639719e-06,94.48587672651675
496|0.00012911123263359414,5.541354284321898e-06,95.70807731342187
497|0.00013061006418224608,4.422713186347238e-06,96.61380368041468
498|0.00013232062226897767,3.5351020848395365e-06,97.32838160505814
499|0.00013379870511354142,2.8553664885855312e-06,97.8659236752983
500|0.00013543249555247883,2.3035442668906114e-06,98.29911997302153
501|0.0001369195836096182,1.8755622694932583e-06,98.63017238290702
502|0.00013850648216262584,1.5214589161871572e-06,98.90152511822461
503|0.00014014549536289778,1.2441684615893678e-06,99.1122308581038
504|0.0001417243582686467,1.01730368085029e-06,99.28219559906425
505|0.00014330791497219053,8.331375074277503e-07,99.41863817669147
506|0.00014482114284897207,6.818521183227233e-07,99.52917639999997
507|0.0001464555561847547,5.576547876806615e-07,99.61923275414885
508|0.00014788703222512467,4.6006117182528783e-07,99.68891040349978
509|0.00014950776462052673,3.763685905155967e-07,99.74826150904545
510|0.00015104361263063026,3.1059089788954e-07,99.79437005479399
511|0.00015257114404931826,2.570860599959701e-07,99.83149758652077
512|0.00015419929203286387,2.1359072466253792e-07,99.8614839783979
513|0.0001557323237952879,1.80686001272079e-07,99.8839765587075
514|0.00015724441135711587,1.545219139309495e-07,99.90173137945105
515|0.00015884724853876264,1.3443868418505645e-07,99.9153660605256
516|0.0001604338206679934,1.203439796704231e-07,99.9249883976026
517|0.00016209619671503361,1.1047190184854117e-07,99.93184793715872
518|0.00016344085534480968,1.0459774779647546e-07,99.93600269187542
519|0.0001651576459238413,1.0197796207478405e-07,99.93825416831031
520|0.00016654991796993812,1.0225107871519867e-07,99.93860634699703
521|0.00016819669050205377,1.0535597283478637e-07,99.93736144717218
522|0.00016982653158770233,1.103430329330024e-07,99.93502603397631
523|0.00017130280914212648,1.1710991865143683e-07,99.93163572784479
524|0.0001728366465347797,1.2583267317012314e-07,99.92719560597075
525|0.00017420364667541932,1.3566063117309568e-07,99.92212526329838
526|0.00017594978454926746,1.4744310306014086e-07,99.91620160067951
527|0.0001775227531477519,1.5940159281413457e-07,99.91020779590914
528|0.00017893531211088387,1.7245784800223873e-07,99.90362000324711
529|0.000180372861471767,1.869610768423513e-07,99.89634744644131
530|0.00018196537945325275,2.0224988661610155e-07,99.88885254589428
531|0.00018343854046998231,2.1815835404837003e-07,99.88107278138528
532|0.00018508277952422603,2.3413166738706082e-07,99.87349894572098
533|0.00018652440530431136,2.504674538883478e-07,99.86571866910407
534|0.0001881813830628687,2.684545985509601e-07,99.85734263709749
535|0.00018962440938752323,2.8552947517468397e-07,99.84942367066722
536|0.0001910717281625729,3.039317362230065e-07,99.84093317250765
537|0.0001925188891158669,3.2240636338443096e-07,99.83253260764953
538|0.0001943104666297657,3.418137191069093e-07,99.82408887949501
539|0.00019572245484766881,3.60076161776135e-07,99.81602715842881
540|0.00019710798569239074,3.7964524857159176e-07,99.8073922539272
541|0.0001988582051377641,3.9977907917432276e-07,99.79896274388207
542|0.00020019324196685062,4.1887769741677516e-07,99.7907633178316
543|0.00020168960863653496,4.3992644371826373e-07,99.78187946979904
544|0.00020334679345834772,4.5987007624148646e-07,99.77384935930367
545|0.0002047673830554153,4.806418019143166e-07,99.76527423716489
546|0.00020635094993082248,5.018420488056563e-07,99.75680167744616
547|0.0002078784328407579,5.222315548891743e-07,99.74878030984137
548|0.00020934577255271591,5.433683201161443e-07,99.7404445700095
549|0.00021077850844308799,5.645973688572781e-07,99.7321371267746
550|0.00021232142833627066,5.878112592228035e-07,99.7231502897146
551|0.00021381472628423381,6.078910645967994e-07,99.71569261146742
552|0.00021523333219386487,6.308344970840096e-07,99.70690669021664
553|0.00021678570518091078,6.529435472302225e-07,99.69880691778762
554|0.000218251478925513,6.745512122208197e-07,99.69092937397642
555|0.0002198292311019756,6.978789470757363e-07,99.68253587406126
556|0.00022111620810916222,7.201316440941241e-07,99.67431982926435
557|0.00022270553920566982,7.441087501725008e-07,99.66587775372516
558|0.0002241903810662471,7.664104710869424e-07,99.65814301780392
559|0.00022580432380037152,7.898940399542198e-07,99.65018648595385
560|0.00022726777234893802,8.136882705400694e-07,99.64196935529831
561|0.00022863071801237922,8.366329704578845e-07,99.63406799500468
562|0.00023029596430523824,8.618778157831741e-07,99.62575209757439
563|0.00023160404476030294,8.851511901220022e-07,99.61781704156415
564|0.00023318665841953745,9.108711056526886e-07,99.6093811233343
565|0.00023461693018678176,9.350147567310785e-07,99.601471745459
566|0.00023610989660660664,9.59399010902473e-07,99.5936642111614
567|0.0002376828769663497,9.844491355437412e-07,99.58581402745175
568|0.00023908478027490077,1.0096069646969852e-06,99.57772010266143
569|0.00024053921672795298,1.0352283683623398e-06,99.56962179288496
570|0.0002419914552080904,1.062428294673623e-06,99.56096454159506
571|0.0002434313640757857,1.0889200385832964e-06,99.55267882480243
572|0.00024502831474215725,1.1129036252555125e-06,99.54580611370298
573|0.0002462998378338632,1.141203145316183e-06,99.53666102448433
574|0.00024784544237776984,1.1680728908558535e-06,99.52870915048925
575|0.0002491282185621557,1.1948125999694525e-06,99.5204025433709
576|0.00025067923949029236,1.222572866055316e-06,99.51229592504701
577|0.0002521792618637164,1.2505640314408595e-06,99.50409719570173
578|0.00025371747034164116,1.2776894000587902e-06,99.49641252597296
579|0.00025521482898094305,1.3065790369637398e-06,99.48804736692581
580|0.0002566406568291768,1.335327863838387e-06,99.47968966400862
581|0.0002579860964995184,1.3642089737864183e-06,99.47120833552789
582|0.00025955720048820297,1.3933140219357654e-06,99.46319577368108
583|0.0002608564632171628,1.4220719521951253e-06,99.45484503828021
584|0.0002622602799671192,1.4535883954280848e-06,99.44574588435187
585|0.00026388102384666823,1.4838658568550045e-06,99.43767617874742
586|0.0002650888577431232,1.5148946475029845e-06,99.4285332622426
587|0.00026673279547395623,1.5459312567855932e-06,99.42041950483117
588|0.0002682527089268305,1.5765291090374944e-06,99.41229704059857
589|0.0002696408173097353,1.6080415727870445e-06,99.40363569995418
590|0.00027091456457295493,1.6399645477171987e-06,99.39465618974666
591|0.0002726155162933175,1.6730435015155365e-06,99.38629923774572
592|0.000274027448829095,1.7069932995994463e-06,99.37707214846785
593|0.00027530515299822866,1.7390583617604705e-06,99.36831608750467
594|0.00027676959485800623,1.7723255418822248e-06,99.35963863993388
595|0.0002781728611886969,1.8085366764175603e-06,99.34985150287872
596|0.00027975700265514547,1.8414482299000667e-06,99.34176867337615
597|0.000281004010117325,1.8779119868028715e-06,99.33171345632441
598|0.0002823187630829338,1.913243187434688e-06,99.32231100528283
599|0.0002836417954310555,1.949190485905916e-06,99.31279856590116
600|0.00028522813193587737,1.986044154911326e-06,99.30369976431433
601|0.000286606908783682,2.0208901778673294e-06,99.29489132469148
602|0.0002880061161523173,2.0584328153105957e-06,99.28528156179088
603|0.0002896267786898221,2.0976782031389973e-06,99.27573057552613
604|0.0002908735365538817,2.1358458193176943e-06,99.2657132564818
605|0.00029250975285322056,2.174008510547054e-06,99.25677400861298
606|0.0002939631739558024,2.215222560941754e-06,99.2464285471095
607|0.00029501447518232027,2.2547494502589416e-06,99.23571565467576
608|0.0002966828664354715,2.294993025397929e-06,99.2264490858635
609|0.00029811202145646476,2.337210056602146e-06,99.21599603894421
610|0.00029914314087431393,2.3776488160542897e-06,99.20518023274575
611|0.0003007553482943237,2.4195887338152033e-06,99.19549602441406
612|0.000302340072716234,2.4646754908097535e-06,99.18480025864021
613|0.0003035034435683315,2.506055132300844e-06,99.17429103840246
614|0.00030524367648254724,2.549335425428012e-06,99.16481957798271
615|0.00030630653294538845,2.595100467406297e-06,99.15277665074517
616|0.0003075504542451313,2.6395672265699943e-06,99.14174497545494
617|0.00030914892346034506,2.6866245526058208e-06,99.1309610518665
618|0.000310496105865532,2.7328064580167677e-06,99.11985805735023
619|0.00031198174666924317,2.7795700763277864e-06,99.10906003123489
620|0.00031340910345400985,2.829019501326968e-06,99.09733971663586
621|0.000314768682516231,2.877799921030544e-06,99.0857413456683
622|0.0003158093311337318,2.92550700065064e-06,99.07364770060838
623|0.00031717442844803045,2.9759621291702842e-06,99.06172696716693
624|0.0003189330298072335,3.0269497268697876e-06,99.05091368909036
625|0.0003201125476572919,3.079464403032972e-06,99.03800571843568
626|0.00032146702920243797,3.12906335864227e-06,99.02663008196969
627|0.00032288534372426625,3.1839543477296672e-06,99.01390558301442
628|0.00032415035639710155,3.2382055565882695e-06,99.00101743136099
629|0.00032532568827026154,3.2925655832904965e-06,98.98791712366862
630|0.00032704477882994354,3.348614669107519e-06,98.97609902806346
631|0.00032815900913085727,3.4046388681652218e-06,98.96250330680162
632|0.000329600083795345,3.4603324077231434e-06,98.95014213349783
633|0.00033110227732757735,3.519961717213249e-06,98.93689595081499
634|0.0003321787432599699,3.5802019344721714e-06,98.92220618955433
635|0.00033381914894414777,3.639045806025365e-06,98.90987505733705
636|0.0003352931915108215,3.698320321099402e-06,98.896989138242
637|0.00033652437804576607,3.7624868807206724e-06,98.8819571103378
638|0.0003375714648479189,3.822768850358926e-06,98.86756753800825
639|0.00033938424948898316,3.88754276192671e-06,98.85453058950725
640|0.0003407202148868471,3.952791169492542e-06,98.83987183713027
641|0.00034156521553541097,4.0184707703616596e-06,98.82351287906685
642|0.0003432073063796004,4.084688210337362e-06,98.80984811966108
643|0.0003443449302404922,4.1515095561273085e-06,98.79437471223176
644|0.0003456870950553359,4.220931923981652e-06,98.77897324361906
645|0.00034706080915070103,4.289878101637612e-06,98.76394050018628
646|0.0003483677204432212,4.3638158508940705e-06,98.74735355923848
647|0.0003496956405930618,4.433238827594721e-06,98.7322579085984
648|0.0003512115493382595,4.507255511043695e-06,98.71665509874715
649|0.0003526826910955627,4.58423890581372e-06,98.70018035430846
650|0.00035380255744010825,4.659343701085561e-06,98.68306669833095
651|0.0003551366575118564,4.735284590662303e-06,98.666630298365
652|0.0003561916566852119,4.812613451310455e-06,98.6488696854672
653|0.0003576226882957556,4.892894544195059e-06,98.63182770435733
654|0.00035897527470929447,4.9749150048405966e-06,98.61413435538996
655|0.0003601972762261596,5.057006432718225e-06,98.59604534334595
656|0.0003616165580373476,5.138007952876222e-06,98.57915578292032
657|0.0003631077580030784,5.22631280341912e-06,98.56067167714582
658|0.0003642835423836033,5.31054999930447e-06,98.54219326940873
659|0.0003655173509446996,5.400286876344751e-06,98.5225634672643
660|0.00036663580630724724,5.488314962942553e-06,98.50306083897783
661|0.0003675864803507345,5.577793532829389e-06,98.48259013021716
662|0.0003691908338865346,5.670652732714387e-06,98.46403209066204
663|0.00037031333599824023,5.765954023573272e-06,98.44295263954506
664|0.00037208696116008966,5.859999543389449e-06,98.42509946461999
665|0.00037310223335174086,5.955883778163695e-06,98.40368584110061
666|0.0003744014490552061,6.056416224531347e-06,98.38237372215984
667|0.0003755528895563742,6.153635695227422e-06,98.3614463191865
668|0.0003769826330808357,6.257577190194041e-06,98.34008873590412
669|0.0003778855470524256,6.360902216062669e-06,98.31671196062436
670|0.0003790568137431727,6.466708752927985e-06,98.29400012914437
671|0.0003803303831495519,6.5714745174361155e-06,98.27216682952934
672|0.0003818197004039625,6.681832779520391e-06,98.25000313696464
673|0.00038302524142475036,6.7947322412997835e-06,98.22603538711307
674|0.00038454228691220393,6.906884400414981e-06,98.20386869390208
675|0.00038571386721297785,7.021831931908196e-06,98.17952307946683
676|0.0003867478039483174,7.140665224891762e-06,98.1536636660913
677|0.0003880852908384469,7.257409483596433e-06,98.12994471707057
678|0.0003891135452773753,7.3769697763736986e-06,98.10416011832353
679|0.00039060800636958604,7.500737379206868e-06,98.07972769198443
680|0.0003920580695697673,7.627312318181367e-06,98.05454525485183
681|0.00039251010414531606,7.752568453422981e-06,98.02487416972257
682|0.00039432028519525986,7.882900173061813e-06,98.00088900596165
683|0.0003953952024988716,8.016945911126783e-06,97.97242205761218
684|0.0003963556578057137,8.150438846943331e-06,97.94365522821967
685|0.0003974727628359709,8.287937988793459e-06,97.91484127625274
686|0.0003986894506677885,8.426953227225198e-06,97.8863365426122
687|0.0004004276812059615,8.565955754935572e-06,97.8607983021709
688|0.00040103609488806313,8.712983056824442e-06,97.82738183223722
689|0.0004023834091619882,8.857185287425295e-06,97.79881946279261
690|0.00040388573206406875,9.007097944380149e-06,97.7698895431762
691|0.00040505195188300647,9.163453998262128e-06,97.7377089640815
692|0.0004057731374813578,9.316430864991787e-06,97.70402966474838
693|0.0004074643283500379,9.472921115527555e-06,97.6751532695177
694|0.0004082095812316666,9.636728803608108e-06,97.63926932471017
695|0.0004091059181616785,9.795464526396458e-06,97.60564096202458
696|0.00041059839738766257,9.964987492727673e-06,97.5730573825598
697|0.00041186240792034923,1.0134945480411162e-05,97.5392399778396
698|0.00041283482915099867,1.030624717612838e-05,97.50354222842017
699|0.0004137345183061747,1.048343519616246e-05,97.46614441572785
700|0.0004153024784225856,1.0662443322928539e-05,97.43260782757017
701|0.00041589860695978587,1.0843938248905616e-05,97.39264857649448
702|0.0004173914685128288,1.1031806498751351e-05,97.35696406587853
703|0.0004188820034776164,1.1221810743089478e-05,97.32100910282026
704|0.0004196817575352618,1.1414749908622568e-05,97.28014151111547
705|0.0004206370147410432,1.1612187891474335e-05,97.23938039579728
706|0.00042188138611454207,1.1813307084773683e-05,97.19985107814965
707|0.0004231324752930199,1.2014199570309358e-05,97.16065292270713
708|0.00042413968876697794,1.2227304670986427e-05,97.11715149635428
709|0.00042522617708229404,1.2433844911230452e-05,97.07594555994982
710|0.000426072242158515,1.2652835448934141e-05,97.03035443359701
711|0.00042745620380557625,1.28735611775177e-05,96.98833212317277
712|0.00042860682989065424,1.3100440698021742e-05,96.9434829815092
713|0.00042943806491368974,1.3325441643896596e-05,96.89700500895867
714|0.0004302655865071614,1.3560574997573127e-05,96.84832451796667
715|0.0004316591124191582,1.379601245954376e-05,96.80395662627706
716|0.0004322528356017763,1.4038087626122575e-05,96.75234342729551
717|0.0004336552613293243,1.4283223093825015e-05,96.70631850515515
718|0.0004344216053757677,1.453755161073822e-05,96.6535845752507
719|0.00043558233052287676,1.4796386950788332e-05,96.60307916231895
720|0.0004366229727525983,1.5052205510679428e-05,96.55258507911621
721|0.00043807855598343437,1.5322577258558567e-05,96.50232200383303
722|0.0004389934830189013,1.5594384617401147e-05,96.44769564455477
723|0.00043959951319161306,1.5872484602219572e-05,96.38933071445393
724|0.0004409511541156874,1.615641043373195e-05,96.33600903797768
725|0.00044171082986332877,1.6439483230268337e-05,96.27822500178343
726|0.0004424913338421099,1.673601318352702e-05,96.21777605490941
727|0.00044405813165804275,1.70351070456487e-05,96.16376644606365
728|0.0004448404154477892,1.7343668851532712e-05,96.10114813104963
729|0.0004454490749532525,1.764867321285557e-05,96.03800429606736
730|0.0004463559439304987,1.7968151183156422e-05,95.9744792407303
731|0.00044757658070393447,1.8293925138523903e-05,95.91267150087438
732|0.0004481297327827427,1.862225399351658e-05,95.84445024928868
733|0.0004491041930405615,1.8957271433750478e-05,95.77887008682676
734|0.0004504400105966866,1.930003044381401e-05,95.71529393708882
735|0.00045169277250511897,1.9657068110801035e-05,95.64813313222136
736|0.0004517870344429298,2.0013920452255363e-05,95.5700542675083
737|0.00045268527277730897,2.0375255312510276e-05,95.49902403771515
738|0.00045433188917964884,2.074598375556569e-05,95.4337381439315
739|0.00045439568084804094,2.1129207149694906e-05,95.35004225606605
740|0.00045547836440906764,2.151441164910395e-05,95.27652390755892
741|0.0004569026125769149,2.1913590216637857e-05,95.20388161209104
742|0.0004576662305004753,2.23150623399615e-05,95.12416235832843
743|0.0004582535857045045,2.2730344197752217e-05,95.03978912400493
744|0.0004592493805568587,2.3144567553812223e-05,94.96034866160332
745|0.0004601149977663255,2.357610759862183e-05,94.87604018276421
746|0.00046096067903311777,2.4013634037478582e-05,94.79052441352523
747|0.00046181231209629914,2.4456484349011376e-05,94.70423726080486
748|0.0004620351818416246,2.491326581499642e-05,94.60792883440288
749|0.000463124852711605,2.5368199193520624e-05,94.5223843969959
750|0.0004637279733894495,2.5845463010654157e-05,94.42658961853299
751|0.0004650123643972215,2.633269622576151e-05,94.33720514939519
752|0.00046481317338908923,2.6819198710947845e-05,94.23011217272497
753|0.0004664149563406994,2.732406970085144e-05,94.14168235186433
754|0.00046715909733574534,2.7843947979055983e-05,94.03972904780132
755|0.00046789729514618017,2.836535751438163e-05,93.93769577028229
756|0.0004679313924751405,2.8895700895370524e-05,93.82479966934348
757|0.000469335176495278,2.9441722356970956e-05,93.72693038335106
758|0.0004692767486669247,2.9995600246524035e-05,93.60812136298408
759|0.00046993207661039094,3.0560236694121556e-05,93.49688216336457
760|0.0004713468104533547,3.114034926077203e-05,93.39332555770976
761|0.00047164929320420157,3.1731153012692914e-05,93.2722992549986
762|0.0004722950895321709,3.2338285089528185e-05,93.15294911883147
763|0.0004730903295180333,3.2949116277603e-05,93.03534352283837
764|0.0004734778190358391,3.357961836014667e-05,92.90787931132104
765|0.0004737431185963814,3.422479369530329e-05,92.77566420453654
766|0.00047440148138022664,3.486377791039885e-05,92.65099725047949
767|0.0004752801917051741,3.5542213706607484e-05,92.52183989004637
768|0.00047554025218410345,3.6226480338630296e-05,92.38203702583617
769|0.0004757418011629433,3.690462102112768e-05,92.24272054065568
770|0.00047667191066302905,3.762156539743877e-05,92.10745073165548
771|0.0004774983174224978,3.8348737918525444e-05,91.96882239804965
772|0.0004780675961830738,3.908335479119174e-05,91.82472204700004
773|0.00047767931674513875,3.9832853162558024e-05,91.6611727227431
774|0.00047883419027172636,4.06016923877317e-05,91.52071986240347
775|0.0004794052588201758,4.1385248312320044e-05,91.36737706754202
776|0.0004798111399972882,4.2188418587940646e-05,91.20728656108754
777|0.0004798729332908813,4.299473320545921e-05,91.04039210742536
778|0.00048037884659013486,4.382996595020394e-05,90.87595836883297
779|0.00048030341286775524,4.46782004697166e-05,90.69792150695832
780|0.0004804634131398977,4.5528768621405646e-05,90.52398842944802
781|0.00048091774614400506,4.642646891417357e-05,90.34627661665209
782|0.00048111883207635486,4.730791301521542e-05,90.1671042866791
783|0.0004816664877478338,4.822776369017845e-05,89.98731177755778
784|0.00048199446974894755,4.917096215795169e-05,89.79843852076499
785|0.00048271244458275575,5.0114292267755545e-05,89.61818929050544
786|0.0004828709633670769,5.110241268901916e-05,89.41696300546212
787|0.0004830849405892401,5.208361466979561e-05,89.21853895791764
788|0.0004830518180947152,5.3093441242380024e-05,89.00874828464684
789|0.00048288040090760376,5.4120958866588076e-05,88.79205725374972
790|0.0004835664120252936,5.515717483173255e-05,88.59367121866035
791|0.00048302633876495804,5.6240801458273815e-05,88.3565766616216
792|0.0004838202438608441,5.731144060550086e-05,88.15439384095207
793|0.0004837365798966431,5.8429965925643756e-05,87.92111898212698
794|0.00048314442343633246,5.956160547404554e-05,87.6720908728662
795|0.000483724685866882,6.06908587573729e-05,87.45342949603473
796|0.00048352063551160285,6.188018495389969e-05,87.20216255332606
797|0.00048344571404346226,6.306008117029638e-05,86.95611951073637
798|0.0004831043519746281,6.427854147483814e-05,86.69468796708047
799|0.00048342383532418154,6.550090323831359e-05,86.45062604445455
800|0.00048297453762646825,6.67638657593228e-05,86.17652473204335
801|0.00048334866622257167,6.804633272250449e-05,85.92189500504992
802|0.0004823310229262745,6.933916492335435e-05,85.62415402959618
803|0.00048284696372657976,7.06616181019859e-05,85.36562857170637
804|0.00048216018126856497,7.201629320496838e-05,85.06382401477175
805|0.0004822806241939759,7.337073807445194e-05,84.78671246702588
806|0.00048181549052239703,7.476037080988984e-05,84.48360995433487
807|0.00048132217068719285,7.617900787149079e-05,84.17296926864421
808|0.0004812732725287816,7.761763787983433e-05,83.87243956598638
809|0.00048078615856539386,7.907421109076829e-05,83.55314318392278
810|0.0004796803422113527,8.055865349820834e-05,83.20576300316404
811|0.00047987518516068306,8.204202449624276e-05,82.90346593588256
812|0.0004793454024896171,8.358443081524225e-05,82.56279701836658
813|0.00047815391948757835,8.512381603043018e-05,82.19740285269343
814|0.0004780281756695537,8.668801785816083e-05,81.86550034697419
815|0.00047717283384596243,8.828186893716783e-05,81.49897423421503
816|0.0004763992503478143,8.990057741498081e-05,81.12915220808065
817|0.0004754402321793805,9.154539777789239e-05,80.74513018003219
818|0.00047533441220526385,9.319236525484609e-05,80.3943575592413
819|0.0004736758417767106,9.487653685780195e-05,79.97015501108741
820|0.00047321111546061445,9.656256050549761e-05,79.59419012981014
821|0.00047244332835960634,9.82907941973199e-05,79.19522018892717
822|0.00047114859790120533,0.00010004733380009068,78.7652273092258
823|0.0004704661003689381,0.00010179088605521969,78.36382133050701
824|0.0004683025389944362,0.00010357427179685796,77.88304286813006
825|0.00046758830576099086,0.00010536674502448218,77.46591526642227
826|0.00046658813027411483,0.00010719133967374006,77.02656096056998
827|0.00046521012314437726,0.00010902983612548489,76.56331393037041
828|0.0004639090923963529,0.00011087238304996472,76.1004074144686
829|0.0004622723881015922,0.00011272968838438313,75.61401215259067
830|0.0004614058881928784,0.00011462476636514563,75.15749813811873
831|0.0004598805017668184,0.00011652513578053192,74.66186643424692
832|0.0004577964700547277,0.00011845636727325637,74.12466564910486
833|0.00045633769560282644,0.00012035012909106246,73.62695866444284
834|0.00045505060021566734,0.000122309994490033,73.1216716488089
835|0.0004529605297833861,0.00012424874284211462,72.56963141986508
836|0.0004506109429973648,0.00012620436368793175,71.99261011096443
837|0.0004486636202027938,0.0001281668842282313,71.43363570010413
838|0.00044695799162619565,0.00013013173756504237,70.88501827843467
839|0.00044466020795486116,0.00013212460872802367,70.28638804094743
840|0.000442501586864541,0.00013409850539203294,69.69536169526025
841|0.00044055954516641904,0.00013608887242022583,69.10999343600217
842|0.00043818063403566754,0.00013809730416425303,68.48393255257099
843|0.0004352876895090674,0.00014009266388526065,67.81607491742713
844|0.00043270186913213493,0.00014206632595892277,67.16761907133345
845|0.0004310193028644882,0.00014406003187406036,66.57689553190322
846|0.00042810372586510326,0.00014605877654538801,65.88238603851545
847|0.0004251385965237109,0.00014803823702425056,65.17882915483676
848|0.00042207582009345934,0.0001500325100560751,64.45365905517788
849|0.00041922117478554455,0.00015197348232232066,63.74861494053497
850|0.00041563912338737907,0.0001539396040478591,62.96315832992792
851|0.00041271468445036597,0.000155883116937372,62.229810857113115
852|0.000409292749422141,0.0001577958670311297,61.446698663997005
853|0.0004056503445291071,0.00015973554924697542,60.62235582903252
854|0.0004019574234637169,0.00016163563076276866,59.78787271300169
855|0.0003979366013471264,0.00016350786432550724,58.91107684691795
856|0.0003939462819850803,0.00016535618754942583,58.025701698159885
857|0.0003893786996447268,0.00016721313792322778,57.05642397085542
858|0.00038582716135526773,0.0001690199205655052,56.19284034545394
859|0.0003815068457058146,0.00017080301591321234,55.22937062971578
860|0.00037627892910374605,0.00017258758220983772,54.13307287205216
861|0.0003713238671623209,0.00017428341506442457,53.06431111032296
862|0.00036663361096822555,0.00017599811132473775,51.996187458113134
863|0.00036161940347878563,0.0001776650335632013,50.86960714661319
864|0.00035705850664413674,0.000179321598759552,49.7780908666956
865|0.00035107533226486076,0.00018092986780626763,48.46408984674286
866|0.0003450411099685802,0.00018247619738998022,47.11465036540234
867|0.00033968983164478495,0.00018399740369645645,45.8337028207358
868|0.0003336656984698205,0.00018549617289720377,44.40658007464271
869|0.00032758579566749546,0.00018693656693591354,42.93508161579235
870|0.00032056179898587445,0.0001883599004491865,41.24069023661595
871|0.000313365868542137,0.00018970663831086032,39.46161424872879
872|0.00030623123058681756,0.00019100806229066514,37.62619771842189
873|0.0002994988605327098,0.00019227992555137519,35.799446712627706
874|0.0002920418951275483,0.00019354439780727706,33.72718057361352
875|0.00028442675189332967,0.00019469788325221504,31.547267633519297
876|0.00027575410872882067,0.00019583127814348789,28.983368898386818
877|0.0002668265356933208,0.00019694360340416495,26.19039823290903
878|0.0002585797003138435,0.00019793348665442245,23.453586490282675
879|0.00024895938328373113,0.00019894481578808243,20.089448662655418
880|0.00023950466405642246,0.0001998891752572618,16.54059178982337
881|0.00022944647793177175,0.0002007553336926815,12.504504099479728
882|0.000219397440283986,0.000201609371582534,8.107691994230784
883|0.00020888967381638146,0.000202399273362186,3.1070949250946067
884|0.0001981106821646872,0.00020315413425064932,2.545774932908244
885|0.00018633585389871143,0.0002038485818087743,9.398474605741976
886|0.00017403827224926616,0.00020446399926044023,17.482204700123003
887|0.0001612021343597725,0.0002051034954234643,27.23373436589389
888|0.00014815919150734658,0.00020561821241527056,38.78194820270387
889|0.00013464400904328322,0.00020613728020590916,53.09799646536328
890|0.00012038727159446871,0.000206577799575558,71.59438605056764
891|0.00010528650086660818,0.00020700961076824953,96.61552911756328
892|9.031455990915482e-05,0.00020737854782582055,129.6180682654242
893|7.409944220193587e-05,0.00020771559769783288,180.32005575934855
894|5.69316221405991e-05,0.00020799947673322272,265.34964034494647
895|3.9786619661752454e-05,0.0002082549332325101,423.4295725623282
896|2.125009506603881e-05,0.00020847998159267966,881.0778772743722
897|2.4240511722339875e-06,0.0002086454220004974,8507.302700141076
898|1.8035592218801355e-05,0.0002088015009376054,1057.7191278473158
899|3.949263398905778e-05,0.0002089016309478886,428.96353027698524
900|6.163072478093667e-05,0.00020897458522872725,239.07533291473848
901|8.425063357631046e-05,0.00020903188928000915,148.10720158048116
902|0.00010854888112943328,0.00020908753757709064,92.62062897523138
903|0.00013446306846764955,0.00020906668483533508,55.48260739389151
904|0.00016066864439689965,0.00020906026089084762,30.118892628736063
905|0.00018871236914486111,0.00020903541153449723,10.769321842404276
906|0.00021842312616726645,0.00020897660817009722,4.324870796847384
907|0.0002493155722078644,0.00020889903978837943,16.2109939870856
908|0.0002822932567527747,0.00020882295132507167,26.026234658536843
909|0.0003161307602581598,0.0002087328429696278,33.97262487232445
910|0.0003527368454163682,0.00020864866154113315,40.84863425740351
911|0.0003917022537869297,0.00020855888735815675,46.75576018727622
912|0.0004319925590772211,0.00020842791493058677,51.75196642835483
913|0.0004746274482987367,0.00020836353782272,56.09956007188753
914|0.0005204571394474833,0.00020825372003430154,59.98638422841438
915|0.0005685587492035848,0.00020815546783925498,63.3889253958661
916|0.0006197179019847843,0.0002080824459371744,66.42303776109354
917|0.0006744347514361371,0.00020801106545809134,69.15771836858141
918|0.0007320015565991378,0.00020796645985865503,71.58934185538315
919|0.0007936342510715955,0.00020793273341945806,73.79992948405399
920|0.0008587373249344665,0.00020793213561520751,75.78629348257623
921|0.0009290614704878797,0.0002079097866618529,77.62152524173962
922|0.0010043387309226492,0.0002079354935913269,79.29627851747745
923|0.0010837959581495582,0.00020798181617087685,80.8098734261771
924|0.0011696651933832403,0.0002080643780981717,82.21162950943693
925|0.0012610299579322026,0.0002081527429051988,83.49343395088557
926|0.001360610743835089,0.00020826815040120294,84.6930394056593
927|0.0014666309392609156,0.00020839463158184302,85.79092899220713
928|0.0015809331486080769,0.00020854265647640702,86.80888836697382
929|0.0017038647087778136,0.00020870057092103877,87.75134141543784
930|0.0018369284104249317,0.00020883883869204922,88.63108450460848
931|0.001979443182879237,0.0002089814977717097,89.44240988681818
932|0.0021356142479103113,0.00020907661376456943,90.21000098828007
933|0.0023026695366953343,0.00020911233849041366,90.91869957204018
934|0.002483001386211714,0.00020907610008435995,91.57970264352753
935|0.0026784740719485445,0.00020889989398398257,92.20078715072229
936|0.0028892228744964443,0.00020853699510681167,92.7822461552691
937|0.0031159161468710117,0.00020793461477275343,93.326694141575
938|0.0033587046076533067,0.00020697854529494464,93.83754841603773
939|0.0036184306257552867,0.00020555903837271572,94.31911069651062
940|0.0038933733169559392,0.00020352899982345463,94.7724252658467
941|0.004181910775002018,0.00020069633669361764,95.2008460368569
942|0.004483390423092537,0.00019677192501710294,95.6110910171108
943|0.004791506241394794,0.00019137626438547883,96.00592684755077
944|0.005100013408068649,0.0001840381896465182,96.39141753322934
945|0.005399876343220145,0.00017404815898158787,96.77681213570538
946|0.005681835605259589,0.00016036147482667573,97.1776466978694
947|0.005932400175997166,0.00014128998645901447,97.61833351986803
948|0.0061389054852865055,0.00011396146138364927,98.14361922240393
949|0.006284142536816251,7.304739003144434e-05,98.8375917700229


geodesic relative error mean : 19451.372719521256
newtonian relative error mean : 99.4792385986763
