OneBody2_E-0.25_ecc0.8_EU1.txt
initial value : [x, y, v_x, v_y] = [0.40,0.00,0.00,2.12] , numerical interval dt = 0.02000 , [M, m] = [ 1, 1]

num|geodesic|
num|newtonian
num|degree, x, y, simple error, relative error
1|0.0,0.4,0.0,1.1102230246251565e-16,2.775557561562892e-14
2|0.105671,0.4,0.042426,0.002243627894868372,0.5609069226560217
3|0.210632,0.396257,0.084721,0.0022182029444802187,0.5504302082712563
4|0.315139,0.39002,0.127148,0.0022382061877502246,0.5486015341129928
5|0.41942,0.381181,0.16996,0.002300032820533482,0.5541511216496742
6|0.523659,0.369564,0.213397,0.0024013219735010694,0.5658837475490243
7|0.627986,0.354925,0.257687,0.0025446851606924503,0.5835626579541898
8|0.732465,0.336945,0.303037,0.002726319177691394,0.605251497651867
9|0.837082,0.315235,0.349629,0.0029467480920052913,0.6299004311510424
10|0.941729,0.289332,0.397604,0.0031988714541916208,0.6547889384839054
11|1.046192,0.258706,0.447053,0.003477254834535204,0.6777808656348384
12|1.15015,0.222776,0.497992,0.003770958556168824,0.6960321221004921
13|1.253169,0.180929,0.550341,0.004062310075569009,0.7061734442863357
14|1.354718,0.13256,0.603905,0.004330856801029848,0.7054066842625449
15|1.45419,0.077118,0.658357,0.004553043780969546,0.691631084606426
16|1.550941,0.014164,0.713231,0.004702263937377826,0.6635342491498873
17|1.644331,-0.056571,0.767932,0.0047555759210979875,0.6214348949795753
18|1.73378,-0.135133,0.821767,0.004697042803003204,0.5672026676687656
19|1.818808,-0.221316,0.87399,0.004523097297680967,0.5042174504069465
20|1.899072,-0.314665,0.923856,0.004241507581045578,0.4364895144836591
21|1.974379,-0.414502,0.970677,0.003873158276979538,0.36831062294816214
22|2.044686,-0.519978,1.013862,0.0034441273927605653,0.3031848711013445
23|2.11008,-0.630142,1.052945,0.002985701663119622,0.24390728462455835
24|2.170757,-0.743999,1.087593,0.002523138867188912,0.19184456804712807
25|2.226985,-0.86057,1.117601,0.0020800761362385067,0.1476848244333722
26|2.27908,-0.978928,1.142875,0.0016709169183215522,0.111161580785872
27|2.327379,-1.098226,1.163413,0.0013041458136642259,0.0815815029848883
28|2.372221,-1.217707,1.179288,0.0009836129091906898,0.05805884416328238
29|2.413934,-1.336712,1.190623,0.0007090214912617299,0.039624090057292456
30|2.452827,-1.454674,1.19758,0.000477710098387929,0.025359669493525593
31|2.489185,-1.571113,1.200348,0.00028673844506088564,0.014504515464735829
32|2.523267,-1.685623,1.199125,0.00013082373447081963,0.006324575974461826
33|2.555309,-1.79787,1.194121,4.650283345064565e-06,0.00021546087485831077
34|2.585519,-1.907573,1.185545,9.54074286809714e-05,0.004247770690125089
35|2.614083,-2.014505,1.173602,0.0001721561987637621,0.007383596728024189
36|2.64117,-2.118479,1.158493,0.00023154918814372039,0.009588819215303858
37|2.666926,-2.219341,1.140411,0.00027543351285563844,0.011037326172471058
38|2.691482,-2.316971,1.11954,0.00030539604671542264,0.01186660046456559
39|2.714956,-2.411268,1.096057,0.00032506165046353175,0.012271042060742195
40|2.737452,-2.502153,1.070127,0.00033636005464909857,0.012358353190845496
41|2.759063,-2.589565,1.041909,0.0003403549559495289,0.012191882937280364
42|2.779872,-2.673454,1.011551,0.0003385238843995886,0.011841620271448952
43|2.799954,-2.753783,0.979194,0.0003319708881641681,0.011357095785506536
44|2.819376,-2.830522,0.944973,0.00032151991997508844,0.010773288957393224
45|2.838199,-2.90365,0.909011,0.000308229478957589,0.010129399173805323
46|2.856478,-2.97315,0.871429,0.0002928419774690383,0.009451028538494307
47|2.874263,-3.039012,0.83234,0.0002756110632979869,0.008746199549089883
48|2.8916,-3.101227,0.791849,0.00025766086210188277,0.008049432773345588
49|2.90853,-3.15979,0.750059,0.00023882040016776074,0.007353225211234331
50|2.925092,-3.2147,0.707067,0.0002194094502345756,0.006665414442589092
51|2.941321,-3.265954,0.662965,0.00019984684918350482,0.005996431208045655
52|2.957251,-3.313553,0.617841,0.00018071374331096735,0.005361085320776848
53|2.972911,-3.357496,0.571781,0.00016162785259776768,0.004745390683049192
54|2.988331,-3.397784,0.524865,0.000143401811520949,0.0041708068775078155
55|3.003538,-3.434419,0.477171,0.0001258716285770234,0.0036300031217637394
56|3.018558,-3.467399,0.428777,0.00010969877508415493,0.0031397054600917017
57|3.033414,-3.496725,0.379755,9.429967393126404e-05,0.0026809634030797013
58|3.048129,-3.522395,0.330177,7.995906528934782e-05,0.0022600611991692625
59|3.062727,-3.544408,0.280112,6.703883925229803e-05,0.001885482849671271
60|3.077229,-3.56276,0.229629,5.555877779173102e-05,0.001556177627095857
61|3.091656,-3.577446,0.178795,4.567018516121735e-05,0.0012750065779026291
62|3.106028,-3.588461,0.127676,3.718210103009767e-05,0.001035491371403928
63|3.120366,-3.595798,0.076338,3.016801016375581e-05,0.0008387835206249871
64|3.13469,-3.599446,0.024844,2.505049948986482e-05,0.0006959328873894724
65|3.149021,-3.599397,-0.026739,2.128836154424718e-05,0.0005914226259428727
66|3.163379,-3.595636,-0.078347,1.931117213205269e-05,0.000536942165727384
67|3.177784,-3.58815,-0.129915,1.8825473444561425e-05,0.0005243105094368541
68|3.192257,-3.576921,-0.181377,2.0134510303027042e-05,0.0005621751655745729
69|3.20682,-3.561932,-0.232666,2.2826651862928315e-05,0.0006394834029901955
70|3.221496,-3.543161,-0.283715,2.688903373648799e-05,0.000756472517064499
71|3.236308,-3.520585,-0.334453,3.220006957782573e-05,0.0009105149649396777
72|3.25128,-3.494178,-0.38481,3.87687035297013e-05,0.0011028429287619627
73|3.266437,-3.463912,-0.434711,4.670718396582174e-05,0.0013378816850521838
74|3.281808,-3.429756,-0.484081,5.529589680230984e-05,0.001596391828614561
75|3.297421,-3.391677,-0.532839,6.466294427687203e-05,0.0018833822120784343
76|3.313307,-3.349639,-0.580902,7.469542048710309e-05,0.0021971107380740792
77|3.329501,-3.303603,-0.628184,8.451893294880719e-05,0.0025132885761141874
78|3.346037,-3.253527,-0.674592,9.524555579432104e-05,0.002866405698297365
79|3.362958,-3.199369,-0.720028,0.00010446512365369642,0.0031854027362658343
80|3.380305,-3.14108,-0.76439,0.00011366240471755162,0.0035158422952540585
81|3.398128,-3.078612,-0.807565,0.00012117269266864739,0.0038070030248819886
82|3.416479,-3.011914,-0.849436,0.00012713048130885696,0.004062285644692103
83|3.435417,-2.940933,-0.889876,0.0001311403179200532,0.00426785322437261
84|3.45501,-2.865614,-0.928745,0.00013163469731747313,0.004369629099186676
85|3.475332,-2.785902,-0.965896,0.0001280202422355714,0.004341550430911892
86|3.496468,-2.701742,-1.001166,0.00011887108792496548,0.0041254722766344235
87|3.518513,-2.61308,-1.034378,0.00010381204734333238,0.0036937688490917744
88|3.541578,-2.519864,-1.065339,8.053138176000729e-05,0.002943515164333468
89|3.56579,-2.422048,-1.093837,4.636680408642846e-05,0.0017446618209766996
90|3.591294,-2.319592,-1.119637,2.769443678829475e-07,1.0752307559281872e-05
91|3.618261,-2.212467,-1.142482,6.14389741726562e-05,0.0024674546732454004
92|3.646891,-2.100658,-1.162088,0.00014296137590275038,0.005955418203151528
93|3.677417,-1.984174,-1.17814,0.00024782478441220945,0.01074071499814518
94|3.71012,-1.863049,-1.190287,0.00038357975520275644,0.017353106070356228
95|3.745329,-1.73736,-1.198145,0.0005557481385305429,0.026340177231762837
96|3.783443,-1.607234,-1.201286,0.0007739712067471594,0.038586898313750284
97|3.824944,-1.47287,-1.199238,0.0010511797978260962,0.05537492960052766
98|3.870411,-1.334563,-1.191487,0.0013994774306269608,0.0782858541621881
99|3.920554,-1.192731,-1.177474,0.001838034994839699,0.10978686988334536
100|3.976233,-1.047961,-1.156607,0.0023878905980334597,0.1532301161189503
101|4.038494,-0.901053,-1.128273,0.0030741123211697197,0.21335512865464437
102|4.108595,-0.753086,-1.09187,0.003924432963707147,0.29675054700063963
103|4.188019,-0.605483,-1.046861,0.004964028643878793,0.4121625816940575
104|4.27845,-0.460087,-0.992857,0.0062086609989036035,0.5706124487073675
105|4.381674,-0.319201,-0.929739,0.007646310284703417,0.7839464806716495
106|4.499337,-0.185581,-0.857838,0.009217934230585922,1.0614060698155943
107|4.632507,-0.06229,-0.77812,0.0107769833285416,1.3999132016842015
108|4.781076,0.04763,-0.692344,0.012084405039678559,1.7721770876762029
109|4.943194,0.141712,-0.603049,0.012845571772025943,2.117528786693275
110|5.115191,0.218689,-0.513235,0.012835942388830346,2.355009240273498
111|5.292306,0.278879,-0.425737,0.012048646282091069,2.424778293130327
112|5.469975,0.324014,-0.342558,0.010731315291983734,2.3289019462566096
113|5.644884,0.356566,-0.264539,0.0092351006878173,2.124246643498866
114|5.815293,0.379005,-0.191518,0.007849740663249893,1.883353542592569
115|5.980755,0.393344,-0.122724,0.0067197679521742715,1.657872606518407
116|6.141632,0.40102,-0.057148,nan,nan
117|0.015511,0.402937,0.00625,nan,nan
1|0.0,0.4,0.0,1.1102230246251565e-16,2.775557561562892e-14
2|0.105671,0.4,0.042426,0.002243627894868372,0.5609069226560217
3|0.210632,0.396257,0.084721,0.0022182029444802187,0.5504302082712563
4|0.313892,0.390066,0.126625,0.00215693103692155,0.5287280283331848
5|0.414561,0.38153,0.167898,0.0020631973352860933,0.4974245271745616
6|0.511897,0.370793,0.208331,0.0019452585856413185,0.45947497261749026
7|0.605325,0.358028,0.24775,0.0018123019678781827,0.41798819728856396
8|0.694447,0.343426,0.286019,0.0016729306482332063,0.37572066593281866
9|0.779029,0.327182,0.323041,0.0015321884119154916,0.3343533606405055
10|0.858977,0.309494,0.358752,0.0013985985070097962,0.29605941842074035
11|0.934317,0.290548,0.393118,0.0012736079072297457,0.2612198736961355
12|1.00516,0.270521,0.426131,0.001163177158882256,0.2309799833636027
13|1.071682,0.249572,0.457801,0.001066928517386878,0.2050434529297036
14|1.134098,0.227846,0.48815,0.0009826267812937939,0.18273832146281724
15|1.19265,0.205472,0.517216,0.000912377140500964,0.1642080812302245
16|1.247587,0.182564,0.54504,0.00085386386807218,0.14877001597408762
17|1.29916,0.159222,0.57167,0.0008067190541583003,0.13612697097499651
18|1.347614,0.135532,0.597155,0.0007680314263684984,0.12558270402634503
19|1.393182,0.111571,0.621547,0.000738487811439148,0.11708222076883401
20|1.436086,0.087404,0.644896,0.0007148642290022433,0.10996605167889309
21|1.476531,0.063086,0.667253,0.0006972597956081961,0.10414146851483772
22|1.514707,0.038667,0.688666,0.0006845722284232192,0.09934783087807791
23|1.550792,0.014188,0.709182,0.000674790156871441,0.09522204128013563
24|1.584947,-0.010314,0.728847,0.0006684823794440575,0.09179279238628993
25|1.617318,-0.03481,0.747704,0.0006662195971367524,0.08908493598513254
26|1.648042,-0.059272,0.765792,0.0006647454690384969,0.08662108228849702
27|1.677241,-0.083678,0.78315,0.0006649911998806157,0.08450312461176225
28|1.705028,-0.10801,0.799814,0.0006662014497696989,0.08261345841993564
29|1.731506,-0.13225,0.815819,0.0006683935718817535,0.08093887506019942
30|1.756767,-0.156385,0.831197,0.0006723055058555083,0.07955259205801608
31|1.780898,-0.180403,0.845977,0.0006756505681715375,0.078171091264051
32|1.803976,-0.204294,0.860189,0.0006802454134894331,0.0769999840971433
33|1.826072,-0.22805,0.873858,0.0006848956976254206,0.0758937641569035
34|1.847252,-0.251663,0.88701,0.0006895174917492808,0.07483931705292243
35|1.867576,-0.275129,0.899669,0.0006945380668798018,0.07387892192970338
36|1.887098,-0.298441,0.911856,0.00069912083048429,0.0729198053852014
37|1.905869,-0.321597,0.923592,0.0007032929424052314,0.07196449340530976
38|1.923934,-0.344592,0.934897,0.0007077836298314821,0.07108590241673807
39|1.941337,-0.367426,0.94579,0.0007124777071139121,0.07026819949391523
40|1.958117,-0.390095,0.956288,0.0007167172347963824,0.06944422867933688
41|1.974309,-0.412598,0.966406,0.0007206243733628437,0.06862579735192693
42|1.989948,-0.434935,0.976162,0.000724886684233983,0.06787662064914232
43|2.005065,-0.457104,0.985568,0.0007274474603911063,0.06700365096401124
44|2.019688,-0.479107,0.99464,0.0007308173708588939,0.06624008975477416
45|2.033843,-0.500941,1.00339,0.000734001033620979,0.06549176764813841
46|2.047556,-0.522609,1.011831,0.0007371276016752137,0.06476895924621788
47|2.060849,-0.544111,1.019973,0.0007399158261194305,0.06404597858710172
48|2.073744,-0.565446,1.027829,0.0007424757594141074,0.06333189986409604
49|2.086261,-0.586617,1.035409,0.00074511754988138,0.0626521300476532
50|2.098419,-0.607623,1.042722,0.0007464351437878047,0.06188840274154238
51|2.110234,-0.628466,1.049779,0.000748668302080091,0.06122708423743309
52|2.121724,-0.649148,1.056588,0.000750106445970733,0.06052569684520466
53|2.132902,-0.669669,1.063157,0.0007519955884280893,0.05988489885434024
54|2.143785,-0.690031,1.069496,0.0007531423677282767,0.05920813692324645
55|2.154384,-0.710235,1.075611,0.0007546247549370388,0.05858033343673418
56|2.164714,-0.730283,1.08151,0.0007548407400728152,0.05787649259450546
57|2.174784,-0.750176,1.0872,0.0007560685619647511,0.05727182331117606
58|2.184608,-0.769916,1.092688,0.0007560991589798949,0.05659708731474613
59|2.194194,-0.789504,1.097981,0.0007571798722667555,0.05602086629076072
60|2.203553,-0.808941,1.103083,0.0007572442939629553,0.05538842060241526
61|2.212695,-0.82823,1.108002,0.0007570657587567808,0.054757294197812334
62|2.221627,-0.847372,1.112743,0.0007578003490380514,0.054210013149292524
63|2.230359,-0.866368,1.117311,0.000757630590142444,0.05361500439743056
64|2.238898,-0.88522,1.121711,0.0007574146249167413,0.05303371240650778
65|2.247252,-0.903929,1.125948,0.0007565192269869403,0.052421630937058844
66|2.255428,-0.922498,1.130028,0.000755937960434272,0.05184763386143144
67|2.263432,-0.940928,1.133954,0.0007555277259037041,0.05130072619659396
68|2.27127,-0.95922,1.137731,0.0007556916331024066,0.05080704677277026
69|2.27895,-0.977375,1.141363,0.0007544036527595832,0.050229939651828585
70|2.286476,-0.995396,1.144853,0.0007533357666860141,0.04968195305966003
71|2.293854,-1.013284,1.148207,0.000752599404602261,0.04916935060691887
72|2.301089,-1.03104,1.151427,0.0007515962083917138,0.04865230467016959
73|2.308187,-1.048667,1.154518,0.0007503152270835756,0.04813002743729438
74|2.315151,-1.066164,1.157482,0.0007490625679427154,0.04762207425736641
75|2.321986,-1.083534,1.160323,0.0007480842220324302,0.04714339441867639
76|2.328697,-1.100778,1.163044,0.0007465112747824243,0.04663880161137766
77|2.335287,-1.117898,1.165648,0.0007455079910201334,0.04618097791000443
78|2.341761,-1.134895,1.168138,0.0007439390347236952,0.0456988601144304
79|2.348122,-1.151771,1.170517,0.0007427171948872768,0.04524855522629154
80|2.354374,-1.168526,1.172787,0.0007407786698547802,0.04476490207281472
81|2.36052,-1.185162,1.174952,0.0007391237094422909,0.04430854342920803
82|2.366564,-1.201681,1.177014,0.0007370850191521505,0.04383901841044995
83|2.372508,-1.218083,1.178975,0.0007351752856932237,0.043386832752319526
84|2.378355,-1.23437,1.180838,0.0007337883704625625,0.04297453919956926
85|2.384109,-1.250544,1.182605,0.0007319839925583604,0.04254645507634174
86|2.389772,-1.266605,1.184279,0.000730306288248217,0.04213425877279107
87|2.395347,-1.282554,1.18586,0.0007277295995185007,0.04167878531821089
88|2.400836,-1.298394,1.187353,0.0007261205458732878,0.041286986261384453
89|2.406242,-1.314125,1.188757,0.0007237365178116573,0.040859061941537655
90|2.411567,-1.329748,1.190077,0.0007216799076221747,0.04045747454578443
91|2.416813,-1.345264,1.191313,0.0007196185659843479,0.040063128198117574
92|2.421982,-1.360676,1.192467,0.0007183108616597433,0.03971771386186784
93|2.427078,-1.375982,1.193541,0.0007150458216158562,0.03927126884920651
94|2.4321,-1.391186,1.194537,0.0007136238887399671,0.038933109793724545
95|2.437052,-1.406287,1.195456,0.0007112684844605699,0.038550525564192924
96|2.441936,-1.421288,1.196301,0.0007087619261916256,0.038166410040987406
97|2.446752,-1.436188,1.197072,0.0007068069645366215,0.037818394649000504
98|2.451503,-1.450989,1.197771,0.0007045891335073495,0.03746238968112007
99|2.456191,-1.465693,1.198401,0.0007024390095566879,0.037115924469377316
100|2.460817,-1.480299,1.198961,0.0006997500349319452,0.036746959893753775
101|2.465382,-1.494809,1.199454,0.0006977318958132361,0.036418977244208964
102|2.469889,-1.509224,1.19988,0.0006946265471765578,0.036039950431162544
103|2.474338,-1.523546,1.200242,0.0006925150917600487,0.03571807361122412
104|2.478731,-1.537774,1.200541,0.0006901762205255846,0.03538967336523854
105|2.483069,-1.55191,1.200777,0.0006879712684786377,0.0350732387966789
106|2.487354,-1.565954,1.200953,0.0006853666951673887,0.03474145428967961
107|2.491587,-1.579908,1.201068,0.0006824434385976907,0.03439862083965625
108|2.495768,-1.593773,1.201125,0.0006808143521328525,0.034125725286154346
109|2.4999,-1.607549,1.201124,0.0006782315446147713,0.033809495342093654
110|2.503984,-1.621237,1.201067,0.0006750681111356016,0.03346908969730824
111|2.508019,-1.634838,1.200955,0.0006733746817202402,0.033206008459198084
112|2.512009,-1.648352,1.200788,0.0006698804217037946,0.03285850456840509
113|2.515952,-1.661782,1.200568,0.0006683341116300312,0.03261080990933684
114|2.519852,-1.675127,1.200296,0.000665343439625321,0.032296630217425466
115|2.523708,-1.688388,1.199972,0.0006626681678554291,0.032001970577582035
116|2.527521,-1.701566,1.199598,0.0006605330201847615,0.03173728293446879
117|2.531293,-1.714662,1.199174,0.0006577797303770616,0.031446693553589256
118|2.535024,-1.727677,1.198702,0.0006555485726300603,0.03118480160112836
119|2.538716,-1.740611,1.198182,0.0006523663939885793,0.030881409101212696
120|2.542368,-1.753464,1.197615,0.0006498196064583794,0.030611850414930104
121|2.545982,-1.766239,1.197002,0.00064744153977081,0.030353689681428857
122|2.549559,-1.778935,1.196343,0.0006443985347663883,0.030067848908127824
123|2.553099,-1.791553,1.195641,0.0006419231726884078,0.02981192655891347
124|2.556603,-1.804094,1.194894,0.0006393393055192931,0.0295542267488222
125|2.560072,-1.816558,1.194105,0.0006366103526209699,0.02929305174779296
126|2.563506,-1.828947,1.193273,0.0006344587465747509,0.02906151888376112
127|2.566907,-1.84126,1.1924,0.0006314017095143676,0.02879157563838778
128|2.570274,-1.853499,1.191486,0.000629274316936268,0.028567029244882507
129|2.573609,-1.865664,1.190531,0.0006264900431331988,0.028315536990062912
130|2.576912,-1.877755,1.189538,0.0006238849620978648,0.028075051556629656
131|2.580184,-1.889774,1.188505,0.0006210047569670252,0.027825045917213652
132|2.583425,-1.901721,1.187434,0.00061848544978238,0.027593998756616642
133|2.586636,-1.913597,1.186326,0.0006160978316116505,0.027371452507666868
134|2.589818,-1.925402,1.185181,0.000613162615090701,0.027127226642638176
135|2.59297,-1.937136,1.184,0.0006110579822631301,0.02692230846973436
136|2.596094,-1.948801,1.182782,0.0006085198010481463,0.026700704217922498
137|2.599191,-1.960396,1.18153,0.0006050734242037947,0.026441849869488818
138|2.60226,-1.971924,1.180243,0.0006025474887829674,0.0262257704686356
139|2.605301,-1.983383,1.178921,0.0006006339386264159,0.026038602149765347
140|2.608317,-1.994774,1.177567,0.0005974756412681081,0.02579975060402989
141|2.611307,-2.006099,1.176179,0.0005944512746811625,0.025569119260597514
142|2.614271,-2.017358,1.174759,0.0005920847595159984,0.025369042782109347
143|2.61721,-2.02855,1.173306,0.0005892171268171431,0.025149691921969985
144|2.620124,-2.039677,1.171822,0.0005868889553664047,0.024955503995100835
145|2.623014,-2.05074,1.170307,0.0005846168673802055,0.02476569318047009
146|2.625881,-2.061738,1.168762,0.0005815364520094235,0.02454371340250159
147|2.628724,-2.072672,1.167186,0.000578878922618209,0.024341691066354823
148|2.631544,-2.083543,1.165581,0.0005764461329076376,0.024151073711964677
149|2.634342,-2.094351,1.163947,0.0005734732801920828,0.023939793123431998
150|2.637117,-2.105097,1.162284,0.0005713186926272762,0.0237645673563243
151|2.63987,-2.115781,1.160592,0.0005692103711925078,0.02359299646120299
152|2.642603,-2.126403,1.158872,0.0005655929554104766,0.02336077238069736
153|2.645314,-2.136964,1.157125,0.0005628769854797433,0.02316774668180752
154|2.648004,-2.147465,1.155351,0.0005605383137532449,0.022991989671260718
155|2.650674,-2.157906,1.15355,0.0005577929811804161,0.022801261388529042
156|2.653323,-2.168287,1.151723,0.0005558396536873289,0.022644545115121217
157|2.655953,-2.178609,1.14987,0.0005532254388360691,0.022462476696459097
158|2.658564,-2.188872,1.147991,0.0005500825002342502,0.02226065144441267
159|2.661155,-2.199076,1.146087,0.0005475908736047863,0.022086858656846634
160|2.663727,-2.209223,1.144158,0.0005454672426883356,0.021929405809472138
161|2.666281,-2.219312,1.142205,0.0005427893354648106,0.02175116400376086
162|2.668817,-2.229344,1.140227,0.000539798224465482,0.021561954121555118
163|2.671334,-2.23932,1.138226,0.0005380347942081087,0.02142322461292684
164|2.673834,-2.249239,1.136201,0.0005353960168856808,0.021251009764645577
165|2.676317,-2.259102,1.134152,0.0005322470827540116,0.021060062826058556
166|2.678782,-2.268909,1.132081,0.0005298535817344074,0.02090047526433302
167|2.681231,-2.278662,1.129988,0.0005270074192424978,0.020724417333066653
168|2.683662,-2.288359,1.127872,0.0005249785610459412,0.020581850188277025
169|2.686078,-2.298002,1.125734,0.0005217847016782962,0.020394946915263883
170|2.688477,-2.307591,1.123575,0.0005194433515844921,0.020242734418351546
171|2.69086,-2.317126,1.121394,0.0005170166059209613,0.020088450239625848
172|2.693228,-2.326608,1.119192,0.0005140683354429854,0.01991519669017784
173|2.69558,-2.336037,1.116969,0.0005115775416713042,0.019760957157813487
174|2.697917,-2.345414,1.114726,0.0005090998848351624,0.019608431856350993
175|2.700239,-2.354738,1.112462,0.0005063437298362672,0.01944640721701953
176|2.702546,-2.36401,1.110179,0.0005038718662753183,0.019296501853948714
177|2.704838,-2.373231,1.107876,0.0005018867461141774,0.019166336068892675
178|2.707116,-2.3824,1.105553,0.0004993238739134931,0.01901519923879809
179|2.70938,-2.391518,1.103211,0.0004966197809621598,0.018859832017531372
180|2.71163,-2.400586,1.100851,0.000494203713085728,0.018716513372742792
181|2.713866,-2.409603,1.098471,0.0004916640740875167,0.01856960258027525
182|2.716089,-2.418571,1.096073,0.0004889084245820463,0.018415622053134212
183|2.718298,-2.427488,1.093657,0.00048638055435823446,0.018271310049393866
184|2.720494,-2.436357,1.091223,0.0004840035575361945,0.01813368281690892
185|2.722677,-2.445176,1.088771,0.00048134303745417384,0.0179864592624503
186|2.724847,-2.453947,1.086301,0.0004789480449596262,0.017850163716053764
187|2.727004,-2.462669,1.083814,0.0004767351815617715,0.01772160822753891
188|2.729149,-2.471343,1.08131,0.0004741349402839212,0.01757960249394227
189|2.731282,-2.479969,1.078789,0.0004712012983429936,0.017426241426801492
190|2.733402,-2.488547,1.076252,0.00046895308544980807,0.017299193560453535
191|2.73551,-2.497079,1.073698,0.0004669559100656251,0.01718225899249454
192|2.737607,-2.505563,1.071127,0.00046391339865792247,0.017027778078986245
193|2.739691,-2.514,1.068541,0.0004620379878166325,0.01691703419792181
194|2.741765,-2.522392,1.065939,0.00045918770775132955,0.016771444202771428
195|2.743827,-2.530737,1.063321,0.0004566311874185658,0.0166375006168945
196|2.745877,-2.539036,1.060687,0.0004546495386748006,0.01652532756493496
197|2.747917,-2.547289,1.058038,0.00045168696575936806,0.016378338561514376
198|2.749945,-2.555497,1.055374,0.00044971889102196627,0.01626824358220127
199|2.751963,-2.56366,1.052695,0.0004470917076395686,0.016135089882097515
200|2.75397,-2.571778,1.050002,0.00044478565294436834,0.016014332128640667
201|2.755967,-2.579851,1.047293,0.0004418005419077886,0.015869950327039833
202|2.757953,-2.58788,1.044571,0.0004395430200907491,0.015752511740025447
203|2.759929,-2.595865,1.041834,0.00043701428489661964,0.015626111713570735
204|2.761894,-2.603807,1.039083,0.0004354155325771991,0.015533659966250482
205|2.76385,-2.611704,1.036318,0.00043263703286422484,0.015399825453916091
206|2.765796,-2.619558,1.033539,0.00043002076952713963,0.015272541112017498
207|2.767732,-2.627369,1.030747,0.00042768923632241496,0.015156098504642657
208|2.769658,-2.635138,1.027941,0.00042581325830015615,0.015056460137565862
209|2.771575,-2.642863,1.025122,0.0004232166641813251,0.01493201611912991
210|2.773483,-2.650546,1.02229,0.0004204042932052232,0.014800690502195098
211|2.775381,-2.658187,1.019445,0.0004182202305078597,0.01469218096515039
212|2.77727,-2.665786,1.016587,0.0004158718279243523,0.014578546711958032
213|2.77915,-2.673343,1.013716,0.0004133854899994738,0.014460740650705293
214|2.781021,-2.680859,1.010833,0.0004111105671795734,0.01435097581039851
215|2.782883,-2.688333,1.007937,0.0004087455040178156,0.014238698484283217
216|2.784737,-2.695766,1.00503,0.0004059191664955719,0.014111009133888686
217|2.786581,-2.703159,1.00211,0.00040432017850466906,0.014026587701174301
218|2.788418,-2.71051,0.999178,0.00040118118683851733,0.013889350919998576
219|2.790245,-2.717822,0.996234,0.0003996267900401307,0.013807576570317465
220|2.792065,-2.725093,0.993279,0.00039689912393070514,0.013685824539087154
221|2.793876,-2.732324,0.990312,0.0003947593896547197,0.013584945356940012
222|2.795679,-2.739515,0.987333,0.0003924315609089568,0.01347815513297894
223|2.797474,-2.746666,0.984343,0.000390019009322895,0.013369027922253522
224|2.799261,-2.753778,0.981342,0.00038777131918399377,0.013266109636831194
225|2.801041,-2.760851,0.97833,0.00038492153220071046,0.013143169822308605
226|2.802812,-2.767885,0.975307,0.0003830522681687043,0.013054262820528555
227|2.804576,-2.77488,0.972273,0.00038061468027850154,0.012946500164369549
228|2.806332,-2.781836,0.969229,0.0003784851359207586,0.012849741693916915
229|2.808081,-2.788753,0.966173,0.00037574165207709953,0.012732678176596044
230|2.809822,-2.795633,0.963108,0.0003738740842713639,0.012645806742021634
231|2.811556,-2.802474,0.960032,0.0003715025002559713,0.012542373504511662
232|2.813283,-2.809278,0.956945,0.0003691038855362372,0.012438535250862087
233|2.815002,-2.816043,0.953849,0.0003671528093751597,0.012350262027952402
234|2.816715,-2.822771,0.950742,0.00036443739160763045,0.012236764826191262
235|2.81842,-2.829462,0.947626,0.0003626481762060152,0.012154843146738393
236|2.820119,-2.836115,0.9445,0.000359971361788336,0.01204363816814037
237|2.821811,-2.842732,0.941363,0.0003575600492609077,0.011941812612571951
238|2.823496,-2.849311,0.938218,0.00035519398415351233,0.011841973797602656
239|2.825174,-2.855854,0.935063,0.0003531865386534605,0.01175453422863406
240|2.826846,-2.86236,0.931898,0.0003505723603303146,0.011647354124237301
241|2.828511,-2.86883,0.928724,0.0003484107439919448,0.011555665449335143
242|2.830169,-2.875264,0.925541,0.00034670657767854607,0.011479547983869244
243|2.831821,-2.881662,0.922349,0.00034472623128589674,0.011394667900590133
244|2.833467,-2.888023,0.919147,0.00034218243516859204,0.011291591482575235
245|2.835107,-2.89435,0.915937,0.000339909998064325,0.011197899454111641
246|2.83674,-2.90064,0.912718,0.0003378971866885294,0.011113168270044922
247|2.838368,-2.906895,0.90949,0.0003351427936020279,0.011004465844315026
248|2.839989,-2.913115,0.906253,0.00033311275804059903,0.010919968470007133
249|2.841604,-2.9193,0.903008,0.0003311541635673265,0.010838183323729714
250|2.843214,-2.92545,0.899754,0.0003284836311645556,0.010733495868801657
251|2.844817,-2.931565,0.896492,0.0003266185723735937,0.010655521632489161
252|2.846415,-2.937645,0.893222,0.0003241265211122446,0.010557467597733143
253|2.848007,-2.943691,0.889943,0.0003218877052972857,0.010468053069581519
254|2.849593,-2.949702,0.886656,0.00031974959933211977,0.010382284315492995
255|2.851174,-2.95568,0.883362,0.0003175227508953604,0.010293992121464927
256|2.852749,-2.961623,0.880059,0.0003153389427552611,0.010207460588022535
257|2.854318,-2.967532,0.876748,0.0003134906409623106,0.010132128845452
258|2.855883,-2.973408,0.873429,0.0003108040320278782,0.010030056333403085
259|2.857441,-2.97925,0.870103,0.00030922506665831406,0.009964074411581135
260|2.858995,-2.985058,0.866769,0.0003065992365125503,0.009864692315366422
261|2.860543,-2.990833,0.863427,0.0003045455440910949,0.009784072663742618
262|2.862086,-2.996575,0.860078,0.00030243768210747035,0.009702035658137865
263|2.863624,-3.002283,0.856721,0.0002999947656361357,0.009609591116789109
264|2.865157,-3.007959,0.853357,0.00029772873389966037,0.009523152122934798
265|2.866684,-3.013602,0.849986,0.00029610088965847936,0.009457428809089495
266|2.868207,-3.019212,0.846607,0.0002936894954772562,0.009366981544011457
267|2.869725,-3.02479,0.843221,0.0002914635938893184,0.009282776326464343
268|2.871237,-3.030335,0.839829,0.0002899369209301561,0.009221126991334424
269|2.872746,-3.035847,0.836429,0.00028697279094247463,0.009114072311959074
270|2.874249,-3.041328,0.833022,0.0002850902469200278,0.00904169320688754
271|2.875747,-3.046776,0.829608,0.0002831767840598687,0.008968611277174183
272|2.877241,-3.052193,0.826188,0.0002810711392813303,0.008889720645621796
273|2.87873,-3.057577,0.82276,0.00027887969858175765,0.00880841077658462
274|2.880215,-3.06293,0.819326,0.00027650415130775485,0.008721581599952928
275|2.881695,-3.068251,0.815885,0.00027432464657728417,0.008641232627150977
276|2.88317,-3.073541,0.812438,0.0002726163167832141,0.008575988537376277
277|2.884641,-3.0788,0.808985,0.00027072795373905834,0.00850532721460957
278|2.886108,-3.084027,0.805524,0.00026833062226527815,0.008418951172866007
279|2.88757,-3.089223,0.802058,0.00026646106797523217,0.008349404222567311
280|2.889028,-3.094388,0.798585,0.0002643614782598114,0.008272903576582913
281|2.890482,-3.099522,0.795106,0.0002620918080085133,0.008191347811261926
282|2.891932,-3.104625,0.79162,0.00025959902554317793,0.008103099745267446
283|2.893377,-3.109697,0.788129,0.0002576272785250744,0.008031381963881888
284|2.894818,-3.114739,0.784631,0.00025564904312824765,0.007959703126641246
285|2.896255,-3.119751,0.781128,0.00025377516147351287,0.007891507419416854
286|2.897688,-3.124732,0.777618,0.00025167998689035187,0.007816669222665976
287|2.899117,-3.129682,0.774102,0.0002494191236288579,0.007736935889046811
288|2.900542,-3.134603,0.770581,0.0002474796942504298,0.007667411681354486
289|2.901963,-3.139493,0.767054,0.00024537375246724835,0.007592962615197601
290|2.90338,-3.144354,0.763521,0.00024353376839680863,0.007526967879203385
291|2.904794,-3.149184,0.759982,0.00024091794200442607,0.007437236944275119
292|2.906203,-3.153985,0.756438,0.00023922796439324046,0.007376321336609908
293|2.907609,-3.158756,0.752888,0.00023698024270624174,0.007298425787380712
294|2.909011,-3.163498,0.749332,0.00023499640217394813,0.0072288827049760305
295|2.910409,-3.16821,0.745771,0.00023310896596528963,0.007162516805405201
296|2.911804,-3.172893,0.742205,0.00023093576221056011,0.007087583576029834
297|2.913195,-3.177546,0.738633,0.00022880678890935258,0.00701423063627866
298|2.914582,-3.18217,0.735056,0.00022698341010363166,0.006950452225755686
299|2.915966,-3.186765,0.731473,0.00022482614709717907,0.006876654219274543
300|2.917347,-3.191331,0.727886,0.00022243721735426547,0.006795991147726565
301|2.918723,-3.195869,0.724293,0.00022109467602282606,0.006747490285510533
302|2.920097,-3.200377,0.720695,0.00021867478159354192,0.006666300803615666
303|2.921467,-3.204857,0.717091,0.00021671668317368997,0.006599398119020289
304|2.922834,-3.209308,0.713483,0.0002145249680114425,0.006525580261838737
305|2.924197,-3.21373,0.70987,0.0002126213030497759,0.006460721045359922
306|2.925557,-3.218124,0.706252,0.00021064726961839142,0.00639390836762205
307|2.926914,-3.222489,0.702628,0.00020834399548652627,0.006317299564407765
308|2.928267,-3.226826,0.699,0.00020657848702754222,0.006257184432834916
309|2.929617,-3.231135,0.695367,0.00020473938496046173,0.006195010561485882
310|2.930964,-3.235416,0.69173,0.00020287245927708142,0.006132166343428126
311|2.932308,-3.239669,0.688087,0.00020088637441872947,0.0060658953018099225
312|2.933649,-3.243894,0.68444,0.00019887160543063942,0.005998935254096986
313|2.934987,-3.248091,0.680788,0.0001967821905810574,0.005929902264462285
314|2.936322,-3.25226,0.677132,0.00019466163336501197,0.005860110610040039
315|2.937653,-3.256401,0.673471,0.00019300294578705746,0.005804389317208073
316|2.938982,-3.260515,0.669805,0.0001909364293544158,0.005736562523834107
317|2.940308,-3.264601,0.666135,0.00018883338078579115,0.005667811227860163
318|2.941631,-3.268659,0.66246,0.0001866483290737797,0.00559677358590508
319|2.942951,-3.27269,0.658781,0.00018463349716180133,0.005531009098351688
320|2.944268,-3.276694,0.655098,0.00018278541729488396,0.005470397470074231
321|2.945582,-3.28067,0.65141,0.0001808472779551984,0.005407245704023811
322|2.946894,-3.28462,0.647718,0.0001787621168021225,0.005339854724339426
323|2.948202,-3.288542,0.644022,0.0001771428814003606,0.005286531769104777
324|2.949508,-3.292437,0.640321,0.0001751220715346946,0.005221368670239564
325|2.950811,-3.296305,0.636616,0.00017325495470732477,0.005160938112763864
326|2.952112,-3.300146,0.632907,0.0001710304710029753,0.005090015518118779
327|2.95341,-3.30396,0.629194,0.00016895594592991614,0.0050237138400692095
328|2.954705,-3.307748,0.625477,0.00016723644572591567,0.00496811003418469
329|2.955997,-3.311508,0.621756,0.00016544607966606506,0.004910535788944086
330|2.957287,-3.315242,0.61803,0.00016346601355188284,0.004847468571088718
331|2.958575,-3.31895,0.614301,0.00016137761632917247,0.004781332243868279
332|2.95986,-3.322631,0.610568,0.00015942285269154866,0.0047192984216285734
333|2.961142,-3.326285,0.606831,0.00015759558954853148,0.004661173802643881
334|2.962422,-3.329914,0.60309,0.00015582582074369355,0.0046048755992352175
335|2.9637,-3.333515,0.599345,0.00015348740876497402,0.004531913756101482
336|2.964975,-3.337091,0.595596,0.00015168691699285475,0.004474972072487968
337|2.966247,-3.34064,0.591844,0.0001500356707420103,0.004422554015572303
338|2.967518,-3.344163,0.588087,0.00014772015700659225,0.004350685627438368
339|2.968786,-3.347661,0.584327,0.00014596819397416638,0.004295546090877766
340|2.970051,-3.351132,0.580564,0.00014435340747542824,0.004244558004868974
341|2.971315,-3.354577,0.576796,0.00014208119155867394,0.004174362856267038
342|2.972576,-3.357996,0.573025,0.0001401502625868467,0.004114325665089833
343|2.973834,-3.361389,0.569251,0.0001385513562821572,0.004064149130050063
344|2.975091,-3.364757,0.565473,0.00013654343585978168,0.004002087186036456
345|2.976345,-3.368099,0.561691,0.00013482621724447696,0.003948661474662629
346|2.977598,-3.371415,0.557906,0.0001325325318246584,0.0038784724828862947
347|2.978848,-3.374706,0.554118,0.00013076497558683897,0.003823799995138415
348|2.980095,-3.377971,0.550325,0.0001292377348667273,0.0037762570540403775
349|2.981341,-3.38121,0.54653,0.00012716841388549227,0.0037129812092665886
350|2.982585,-3.384424,0.542731,0.00012513901269750605,0.003650987071849762
351|2.983827,-3.387613,0.538929,0.000123181510007786,0.00359120285289925
352|2.985066,-3.390776,0.535124,0.0001215147820481377,0.0035400002002422964
353|2.986304,-3.393914,0.531315,0.00011945244355748841,0.003477376333965367
354|2.987539,-3.397027,0.527503,0.0001178783089414992,0.0034290659933452635
355|2.988773,-3.400115,0.523687,0.00011591099209518063,0.0033694155265033355
356|2.990005,-3.403177,0.519869,0.0001138301619842963,0.003306573169526821
357|2.991234,-3.406215,0.516047,0.00011239609741897638,0.0032626129871825625
358|2.992462,-3.409227,0.512222,0.00011039556735914502,0.003202302052857978
359|2.993688,-3.412214,0.508394,0.00010844817675481622,0.0031436339938463727
360|2.994912,-3.415177,0.504563,0.00010675706302221144,0.0030924880748383174
361|2.996135,-3.418114,0.500729,0.0001045054776200871,0.0030252059019491608
362|2.997355,-3.421027,0.496892,0.00010290674914337217,0.0029769180926357817
363|2.998574,-3.423915,0.493051,0.00010092311611575866,0.0029175848954123844
364|2.99979,-3.426778,0.489208,9.94023512448372e-05,0.0028717199169264723
365|3.001005,-3.429616,0.485362,9.752477068580845e-05,0.0028156300612815605
366|3.002219,-3.43243,0.481513,9.550127115787177e-05,0.0027554186846470634
367|3.00343,-3.435219,0.477661,9.389519640778943e-05,0.0027073372749735975
368|3.00464,-3.437983,0.473806,9.193485080949415e-05,0.002649124410104873
369|3.005849,-3.440723,0.469948,8.983044219590397e-05,0.002586851244378587
370|3.007055,-3.443438,0.466087,8.812669449964616e-05,0.002536202199956894
371|3.00826,-3.446129,0.462223,8.627526984472667e-05,0.0024813826302118114
372|3.009463,-3.448796,0.458357,8.467420262325831e-05,0.002433840509294809
373|3.010665,-3.451438,0.454488,8.272170461598449e-05,0.002376274983974458
374|3.011865,-3.454056,0.450616,8.098736280182095e-05,0.002325055242741242
375|3.013064,-3.456649,0.446742,7.892978049284238e-05,0.002264635576028733
376|3.014261,-3.459219,0.442864,7.726348875491951e-05,0.0022155198266491124
377|3.015456,-3.461764,0.438984,7.562563943031009e-05,0.00216728953185731
378|3.01665,-3.464285,0.435102,7.386628262029404e-05,0.002115646823048001
379|3.017843,-3.466781,0.431216,7.173242698543802e-05,0.0020533554296805487
380|3.019034,-3.469254,0.427328,7.002934025113206e-05,0.0020034696386002377
381|3.020224,-3.471702,0.423438,6.800213635971275e-05,0.0019443838586349841
382|3.021412,-3.474127,0.419545,6.637268609877012e-05,0.001896740924738397
383|3.022599,-3.476527,0.415649,6.439319662243648e-05,0.0018391636620913347
384|3.023784,-3.478904,0.411751,6.282832588411225e-05,0.0017934946439777555
385|3.024968,-3.481256,0.407851,6.093583647004408e-05,0.001738537891911135
386|3.026151,-3.483585,0.403948,5.910184645241401e-05,0.0016853170598743806
387|3.027332,-3.48589,0.400042,5.744452639033781e-05,0.0016371969867912195
388|3.028512,-3.488171,0.396134,5.566287572733586e-05,0.001585594447011831
389|3.029691,-3.490428,0.392224,5.3758157786187866e-05,0.0015305500015780748
390|3.030868,-3.492661,0.388311,5.2019531958880094e-05,0.0014802967123324665
391|3.032044,-3.494871,0.384396,5.035783590701115e-05,0.0014322899804082502
392|3.033219,-3.497057,0.380479,4.8570271794723396e-05,0.0013807608268317664
393|3.034393,-3.499219,0.376559,4.663576251751067e-05,0.00132511481242467
394|3.035565,-3.501358,0.372637,4.5078852688895665e-05,0.0012802541279841818
395|3.036737,-3.503473,0.368712,4.307589099417086e-05,0.001222781717230771
396|3.037907,-3.505564,0.364786,4.1263469373387096e-05,0.001170777120679383
397|3.039076,-3.507632,0.360857,3.950443551792304e-05,0.0011203417835025605
398|3.040243,-3.509676,0.356926,3.790271018555558e-05,0.001074418828464454
399|3.04141,-3.511697,0.352992,3.606679866763329e-05,0.0010219083316297239
400|3.042576,-3.513694,0.349057,3.4123356462689713e-05,0.0009664057897609096
401|3.04374,-3.515668,0.345119,3.2510700950894034e-05,0.0009203222884542397
402|3.044903,-3.517619,0.34118,3.09861300116232e-05,0.0008767769145708299
403|3.046066,-3.519546,0.337238,2.903706779733284e-05,0.0008212683807510113
404|3.047227,-3.521449,0.333294,2.7225771975114554e-05,0.0007697072787528289
405|3.048387,-3.52333,0.329348,2.5683977983081974e-05,0.0007258100310134027
406|3.049546,-3.525187,0.325399,2.398695177285859e-05,0.0006775689043126635
407|3.050705,-3.52702,0.321449,2.1914455943239375e-05,0.0006187699506049881
408|3.051862,-3.528831,0.317497,2.0369020577781782e-05,0.0005748983346799885
409|3.053018,-3.530618,0.313543,1.868435781959832e-05,0.0005271374688951577
410|3.054174,-3.532381,0.309587,1.6611774800168178e-05,0.0004684777254022567
411|3.055328,-3.534122,0.305629,1.505308652527404e-05,0.0004243536353769135
412|3.056481,-3.535839,0.301668,1.3334301863565656e-05,0.0003757547992670103
413|3.057634,-3.537534,0.297706,1.1654861096221936e-05,0.00032830343362262235
414|3.058786,-3.539205,0.293742,9.835908163502438e-06,0.00027696141700360075
415|3.059937,-3.540853,0.289777,8.09442669646998e-06,0.00022783985415785198
416|3.061087,-3.542478,0.285809,6.395309280371464e-06,0.00017994768561237646
417|3.062236,-3.544079,0.281839,4.5515371076554345e-06,0.00012802250580293365
418|3.063384,-3.545658,0.277868,2.9807344783527867e-06,8.381027266834375e-05
419|3.064532,-3.547213,0.273895,1.0416802100898792e-06,2.9279016227751455e-05
420|3.065678,-3.548746,0.26992,4.2282020640271867e-07,1.1880320047099188e-05
421|3.066824,-3.550255,0.265943,2.2536142831874884e-06,6.33001452640382e-05
422|3.067969,-3.551742,0.261964,3.8305929912496595e-06,0.00010755882471510213
423|3.069114,-3.553205,0.257984,5.75129590973944e-06,0.00016143698345248277
424|3.070258,-3.554646,0.254002,7.417474952031711e-06,0.00020813872655802527
425|3.071401,-3.556063,0.250018,9.23490960635931e-06,0.0002590546131900289
426|3.072543,-3.557458,0.246033,1.0789461269755662e-05,0.0003025676620752134
427|3.073685,-3.55883,0.242046,1.24935674126192e-05,0.00035024790771884663
428|3.074825,-3.560178,0.238057,1.4161076054453048e-05,0.00039687531499618065
429|3.075966,-3.561504,0.234067,1.595045552926777e-05,0.0004468912061001945
430|3.077105,-3.562807,0.230075,1.7508611035665922e-05,0.0004904035540344017
431|3.078244,-3.564087,0.226081,1.921011760730451e-05,0.0005379072486701009
432|3.079383,-3.565344,0.222086,2.1036217513703548e-05,0.0005888744890969793
433|3.080521,-3.566579,0.218089,2.261817875437444e-05,0.0006329838359320023
434|3.081658,-3.56779,0.214091,2.434975339671297e-05,0.0006812583315446821
435|3.082795,-3.568979,0.210091,2.601299148619063e-05,0.0007275988279404707
436|3.083931,-3.570144,0.206089,2.783926252902802e-05,0.0007784777872931606
437|3.085066,-3.571287,0.202086,2.941899097042011e-05,0.0008224419441036994
438|3.086202,-3.572407,0.198082,3.1274756624011246e-05,0.0008741030298284986
439|3.087336,-3.573505,0.194076,3.2736283617662565e-05,0.0009147269304068876
440|3.08847,-3.574579,0.190069,3.451252075370448e-05,0.0009641276068052915
441|3.089604,-3.575631,0.18606,3.620746001731234e-05,0.001011238973217363
442|3.090737,-3.57666,0.18205,3.786078706458085e-05,0.0010571717311787128
443|3.09187,-3.577666,0.178039,3.9620001353046774e-05,0.001106045002677847
444|3.093002,-3.57865,0.174026,4.115046614749929e-05,0.0011485175810305322
445|3.094134,-3.579611,0.170011,4.279352566749495e-05,0.0011941194711976226
446|3.095265,-3.580549,0.165996,4.4392796724856964e-05,0.0012384865470318567
447|3.096396,-3.581464,0.161979,4.610212716738005e-05,0.0012859114750952503
448|3.097527,-3.582356,0.157961,4.7907866654206543e-05,0.0013360124315126664
449|3.098657,-3.583226,0.153941,4.949089155426023e-05,0.0013798906297209275
450|3.099787,-3.584073,0.14992,5.1168378259802694e-05,0.001426392343195986
451|3.100917,-3.584897,0.145898,5.29364662171794e-05,0.0014754092027469382
452|3.102046,-3.585699,0.141875,5.447741150321761e-05,0.0015180859259208593
453|3.103176,-3.586478,0.13785,5.6225970809453685e-05,0.0015665397777921296
454|3.104304,-3.587234,0.133824,5.783954227300825e-05,0.0016112248332902966
455|3.105433,-3.587968,0.129797,5.944505741917183e-05,0.0016556785014626956
456|3.106561,-3.588678,0.125769,6.122899864546838e-05,0.0017050955353425019
457|3.107689,-3.589366,0.12174,6.28943218732303e-05,0.0017512027735833897
458|3.108817,-3.590032,0.117709,6.444440633401882e-05,0.0017940965055645644
459|3.109944,-3.590674,0.113678,6.617244027085079e-05,0.001841940659959635
460|3.111071,-3.591294,0.109645,6.778501575821494e-05,0.0018865669990673767
461|3.112199,-3.591892,0.105611,6.935711582833903e-05,0.0019300640752466336
462|3.113325,-3.592466,0.101576,7.103289606336105e-05,0.001976445030318641
463|3.114452,-3.593018,0.09754,7.266249254733737e-05,0.0020215391108449783
464|3.115579,-3.593547,0.093503,7.435892821883172e-05,0.0020684919939547037
465|3.116705,-3.594054,0.089465,7.5847784018368e-05,0.0021096704794940093
466|3.117832,-3.594537,0.085426,7.767324716878576e-05,0.0021602126816518017
467|3.118958,-3.594998,0.081386,7.92925596764249e-05,0.0022050221004080665
468|3.120084,-3.595437,0.077345,8.07749351472431e-05,0.0022460256678799102
469|3.12121,-3.595852,0.073303,8.251834572226002e-05,0.002294291098246944
470|3.122336,-3.596245,0.06926,8.41202923878015e-05,0.0023386262442822003
471|3.123462,-3.596615,0.065216,8.577876279458607e-05,0.0023845371139853224
472|3.124588,-3.596963,0.061171,8.729160448783801e-05,0.0024264043447154637
473|3.125714,-3.597287,0.057125,8.905702168426899e-05,0.0024752984867609648
474|3.12684,-3.597589,0.053078,9.067295555853505e-05,0.0025200433918444324
475|3.127966,-3.597868,0.049031,9.233495471194786e-05,0.0025660755944328937
476|3.129092,-3.598125,0.044982,9.384692384140081e-05,0.002607945634228199
477|3.130218,-3.598359,0.040933,9.540205765379284e-05,0.0026510238894054566
478|3.131344,-3.59857,0.036883,9.70015244514677e-05,0.002695343303088168
479|3.13247,-3.598758,0.032832,9.864385164393141e-05,0.0027408634636099326
480|3.133596,-3.598923,0.028781,0.0001003260524607974,0.0027875019275244175
481|3.134722,-3.599066,0.024728,0.00010185023531095183,0.00282976053700577
482|3.135848,-3.599185,0.020675,0.00010361224244226364,0.002878639203934591
483|3.136975,-3.599282,0.016621,0.00010522581433658473,0.002923405730819678
484|3.138101,-3.599357,0.012566,0.00010666007574311465,0.0029632032946231997
485|3.139228,-3.599408,0.008511,0.00010833695025302958,0.0030097556799148217
486|3.140355,-3.599436,0.004455,0.00011004317931240237,0.0030571381420937717
487|3.141482,-3.599442,0.000398,0.00011157797026761784,0.003099772434793485
488|3.142609,-3.599425,-0.003659,0.00011314081849622681,0.0031432021446466387
489|3.143737,-3.599385,-0.007717,0.00011472517404742533,0.0031872459825257374
490|3.144864,-3.599322,-0.011776,0.00011633959927648263,0.003232142508473196
491|3.145992,-3.599236,-0.015835,0.00011796892613968879,0.003277471054783225
492|3.14712,-3.599127,-0.019895,0.00011961853104702769,0.0033233817047798944
493|3.148249,-3.598996,-0.023955,0.0001210702854441692,0.0033638139963908303
494|3.149377,-3.598841,-0.028016,0.0001227582142235839,0.0034108288682498096
495|3.150506,-3.598664,-0.032078,0.00012424059536808585,0.0034521525479303686
496|3.151635,-3.598463,-0.03614,0.00012593861667387074,0.003499490164067553
497|3.152765,-3.59824,-0.040202,0.00012742079904937142,0.0035408515106413975
498|3.153895,-3.597993,-0.044265,0.00012911123263359414,0.0035880233968507555
499|3.155025,-3.597724,-0.048329,0.00013061006418224608,0.003629893255375103
500|3.156155,-3.597431,-0.052393,0.00013232062226897767,0.003677672356194379
501|3.157286,-3.597116,-0.056457,0.00013379870511354142,0.0037190141519851338
502|3.158418,-3.596777,-0.060522,0.00013543249555247883,0.0037647101446897937
503|3.159549,-3.596416,-0.064587,0.0001369195836096182,0.003806353292073124
504|3.160682,-3.596031,-0.068652,0.00013850648216262584,0.003850798723039307
505|3.161814,-3.595623,-0.072718,0.00014014549536289778,0.003896720641402177
506|3.162947,-3.595192,-0.076785,0.0001417243582686467,0.003940998461000046
507|3.16408,-3.594738,-0.080851,0.00014330791497219053,0.003985435693755696
508|3.165214,-3.594261,-0.084918,0.00014482114284897207,0.0040279464785134235
509|3.166349,-3.59376,-0.088986,0.0001464555561847547,0.004073858990753154
510|3.167484,-3.593237,-0.093053,0.00014788703222512467,0.004114156273510667
511|3.168619,-3.59269,-0.097121,0.00014950776462052673,0.0041597507439721845
512|3.169755,-3.59212,-0.101189,0.00015104361263063026,0.004203015861565861
513|3.170891,-3.591527,-0.105257,0.00015257114404931826,0.0042460822058950146
514|3.172028,-3.59091,-0.109326,0.00015419929203286387,0.004291983426173311
515|3.173166,-3.59027,-0.113394,0.0001557323237952879,0.004335271719892169
516|3.174304,-3.589607,-0.117463,0.00015724441135711587,0.004378011569337307
517|3.175443,-3.58892,-0.121532,0.00015884724853876264,0.004423314774670063
518|3.176582,-3.58821,-0.125601,0.0001604338206679934,0.0044682016855346965
519|3.177722,-3.587476,-0.129671,0.00016209619671503361,0.0045152384902623485
520|3.178863,-3.58672,-0.13374,0.00016344085534480968,0.004553461539104965
521|3.180004,-3.585939,-0.13781,0.0001651576459238413,0.004602092333496829
522|3.181146,-3.585136,-0.141879,0.00016654991796993812,0.004641718687051171
523|3.182289,-3.584308,-0.145949,0.00016819669050205377,0.0046884795332604685
524|3.183432,-3.583457,-0.150018,0.00016982653158770233,0.004734809826343981
525|3.184576,-3.582583,-0.154088,0.00017130280914212648,0.00477690001429172
526|3.185721,-3.581685,-0.158157,0.0001728366465347797,0.004820637932537623
527|3.186867,-3.580764,-0.162227,0.00017420364667541932,0.004859764086654533
528|3.188013,-3.579818,-0.166296,0.00017594978454926746,0.00490951262661772
529|3.18916,-3.578849,-0.170366,0.0001775227531477519,0.004954474659807108
530|3.190308,-3.577857,-0.174435,0.00017893531211088387,0.0049950040622958975
531|3.191457,-3.576841,-0.178504,0.000180372861471767,0.0050362762240915016
532|3.192606,-3.575801,-0.182574,0.00018196537945325275,0.00508192207555293
533|3.193757,-3.574737,-0.186643,0.00018343854046998231,0.005124282744842722
534|3.194908,-3.573649,-0.190711,0.00018508277952422603,0.005171471311121405
535|3.19606,-3.572538,-0.19478,0.00018652440530431136,0.0052130469255359125
536|3.197213,-3.571402,-0.198848,0.0001881813830628687,0.0052606929099108446
537|3.198367,-3.570243,-0.202917,0.00018962440938752323,0.005302407711977246
538|3.199522,-3.56906,-0.206985,0.0001910717281625729,0.0053442929808680244
539|3.200678,-3.567853,-0.211052,0.0001925188891158669,0.005386225019547474
540|3.201834,-3.566621,-0.21512,0.0001943104666297657,0.005437848383662511
541|3.202992,-3.565366,-0.219187,0.00019572245484766881,0.005478902902371351
542|3.204151,-3.564087,-0.223254,0.00019710798569239074,0.005519269327443341
543|3.20531,-3.562783,-0.22732,0.0001988582051377641,0.005569904522539522
544|3.206471,-3.561456,-0.231386,0.00020019324196685062,0.005608966061403738
545|3.207633,-3.560104,-0.235452,0.00020168960863653496,0.005652603933301208
546|3.208795,-3.558728,-0.239517,0.00020334679345834772,0.005700807186713957
547|3.209959,-3.557328,-0.243582,0.0002047673830554153,0.005742436397422028
548|3.211124,-3.555903,-0.247646,0.00020635094993082248,0.005788696189800765
549|3.21229,-3.554454,-0.25171,0.0002078784328407579,0.005833443131365688
550|3.213457,-3.552981,-0.255774,0.00020934577255271591,0.005876562509295939
551|3.214625,-3.551484,-0.259836,0.00021077850844308799,0.005918770744764278
552|3.215795,-3.549961,-0.263899,0.00021232142833627066,0.005964137430428098
553|3.216965,-3.548415,-0.267961,0.00021381472628423381,0.006008171523269609
554|3.218137,-3.546844,-0.272022,0.00021523333219386487,0.006050171014497762
555|3.21931,-3.545248,-0.276082,0.00021678570518091078,0.006095995944132051
556|3.220484,-3.543628,-0.280142,0.000218251478925513,0.0061394507719596545
557|3.221659,-3.541983,-0.284202,0.0002198292311019756,0.006186123065521732
558|3.222836,-3.540314,-0.28826,0.00022111620810916222,0.006224678423066056
559|3.224014,-3.538619,-0.292318,0.00022270553920566982,0.006271814142931179
560|3.225193,-3.5369,-0.296376,0.0002241903810662471,0.006316076106979152
561|3.226373,-3.535156,-0.300432,0.00022580432380037152,0.006364046816360447
562|3.227555,-3.533387,-0.304488,0.00022726777234893802,0.006407848419536131
563|3.228738,-3.531594,-0.308543,0.00022863071801237922,0.006448884982614236
564|3.229922,-3.529775,-0.312597,0.00023029596430523824,0.006498523069161622
565|3.231108,-3.527932,-0.31665,0.00023160404476030294,0.006538155002821519
566|3.232295,-3.526063,-0.320703,0.00023318665841953745,0.006585611589288319
567|3.233484,-3.524169,-0.324754,0.00023461693018678176,0.006628841940234803
568|3.234674,-3.52225,-0.328805,0.00023610989660660664,0.0066739188532809555
569|3.235865,-3.520306,-0.332855,0.0002376828769663497,0.006721335374391404
570|3.237058,-3.518337,-0.336903,0.00023908478027490077,0.006763992371235126
571|3.238252,-3.516343,-0.340951,0.00024053921672795298,0.006808212446402445
572|3.239448,-3.514323,-0.344998,0.0002419914552080904,0.006852450842876629
573|3.240646,-3.512277,-0.349044,0.0002434313640757857,0.006896421338507898
574|3.241844,-3.510207,-0.353088,0.00024502831474215725,0.006944920818814808
575|3.243045,-3.508111,-0.357132,0.0002462998378338632,0.006984279632042902
576|3.244247,-3.505989,-0.361174,0.00024784544237776984,0.007031492977146631
577|3.245451,-3.503842,-0.365216,0.0002491282185621557,0.0070713318706681376
578|3.246656,-3.501669,-0.369256,0.00025067923949029236,0.007118869108763422
579|3.247863,-3.49947,-0.373295,0.0002521792618637164,0.007165046845569617
580|3.249071,-3.497246,-0.377333,0.00025371747034164116,0.007212396856783457
581|3.250281,-3.494996,-0.381369,0.00025521482898094305,0.007258676237344633
582|3.251493,-3.49272,-0.385404,0.0002566406568291768,0.007303010920950896
583|3.252707,-3.490418,-0.389438,0.0002579860964995184,0.007345146481681848
584|3.253922,-3.48809,-0.393471,0.00025955720048820297,0.00739379780631224
585|3.255139,-3.485737,-0.397502,0.0002608564632171628,0.0074347956338697225
586|3.256358,-3.483357,-0.401532,0.0002622602799671192,0.007478865155218356
587|3.257578,-3.480951,-0.405561,0.00026388102384666823,0.007529216082687899
588|3.258801,-3.478519,-0.409588,0.0002650888577431232,0.007567880353460258
589|3.260025,-3.47606,-0.413613,0.00026673279547395623,0.007619091131939703
590|3.261251,-3.473575,-0.417637,0.0002682527089268305,0.007666860402624211
591|3.262479,-3.471064,-0.42166,0.0002696408173097353,0.0077109606204943965
592|3.263709,-3.468527,-0.425681,0.00027091456457295493,0.007751885577105079
593|3.26494,-3.465963,-0.4297,0.0002726155162933175,0.007805136775898527
594|3.266174,-3.463372,-0.433718,0.000274027448829095,0.00785022015661088
595|3.26741,-3.460755,-0.437734,0.00027530515299822866,0.00789155670030698
596|3.268647,-3.458112,-0.441749,0.00027676959485800623,0.007938345342714025
597|3.269887,-3.455441,-0.445761,0.0002781728611886969,0.00798348744854489
598|3.271128,-3.452744,-0.449772,0.00027975700265514547,0.008033926216640055
599|3.272372,-3.45002,-0.453782,0.000281004010117325,0.008074790597557108
600|3.273618,-3.447269,-0.457789,0.0002823187630829338,0.008117704765911893
601|3.274866,-3.444491,-0.461795,0.0002836417954310555,0.008160961942749125
602|3.276116,-3.441685,-0.465798,0.00028522813193587737,0.008211908247229643
603|3.277368,-3.438853,-0.4698,0.000286606908783682,0.00825698997906244
604|3.278622,-3.435994,-0.4738,0.0002880061161523173,0.008302771160276489
605|3.279878,-3.433107,-0.477798,0.0002896267786898221,0.008355054980065389
606|3.281137,-3.430193,-0.481794,0.0002908735365538817,0.008396668154633668
607|3.282397,-3.427252,-0.485788,0.00029250975285322056,0.008449639048829116
608|3.28366,-3.424283,-0.48978,0.0002939631739558024,0.00849745374046354
609|3.284926,-3.421287,-0.49377,0.00029501447518232027,0.008533756282600396
610|3.286193,-3.418263,-0.497757,0.0002966828664354715,0.008588026527873254
611|3.287463,-3.415211,-0.501743,0.00029811202145646476,0.008635499207708524
612|3.288736,-3.412132,-0.505726,0.00029914314087431393,0.008671556135648061
613|3.29001,-3.409025,-0.509707,0.0003007553482943237,0.008724576420012295
614|3.291287,-3.405889,-0.513686,0.000302340072716234,0.008776934990027768
615|3.292567,-3.402726,-0.517662,0.0003035034435683315,0.008817185264145589
616|3.293848,-3.399535,-0.521636,0.00030524367648254724,0.008874321861978002
617|3.295133,-3.396316,-0.525608,0.00030630653294538845,0.008911895013056396
618|3.29642,-3.393069,-0.529577,0.0003075504542451313,0.00895485455219015
619|3.297709,-3.389793,-0.533544,0.00030914892346034506,0.009008270340456976
620|3.299001,-3.386489,-0.537508,0.000310496105865532,0.009054499778837656
621|3.300295,-3.383157,-0.54147,0.00031198174666924317,0.00910490000522943
622|3.301592,-3.379796,-0.545429,0.00031340910345400985,0.009153739012992462
623|3.302892,-3.376406,-0.549385,0.000314768682516231,0.009200736593332919
624|3.304195,-3.372988,-0.553339,0.0003158093311337318,0.009238539740771611
625|3.3055,-3.369541,-0.557291,0.00031717442844803045,0.009285964293882672
626|3.306807,-3.366065,-0.561239,0.0003189330298072335,0.009345058559446978
627|3.308118,-3.36256,-0.565185,0.0003201125476572919,0.009387332775310333
628|3.309431,-3.359027,-0.569127,0.00032146702920243797,0.00943487319207324
629|3.310747,-3.355464,-0.573067,0.00032288534372426625,0.009484434320938468
630|3.312066,-3.351872,-0.577005,0.00032415035639710155,0.009529636553050006
631|3.313388,-3.348251,-0.580939,0.00032532568827026154,0.009572342442848577
632|3.314712,-3.3446,-0.58487,0.00032704477882994354,0.009631201213014124
633|3.31604,-3.34092,-0.588798,0.00032815900913085727,0.009672400961767615
634|3.31737,-3.337211,-0.592723,0.000329600083795345,0.009723379593437862
635|3.318703,-3.333472,-0.596645,0.00033110227732757735,0.009776321410390714
636|3.32004,-3.329703,-0.600564,0.0003321787432599699,0.009816846359115896
637|3.321379,-3.325904,-0.604479,0.00033381914894414777,0.009874193492750117
638|3.322721,-3.322076,-0.608391,0.0003352931915108215,0.009926786523758386
639|3.324067,-3.318217,-0.6123,0.00033652437804576607,0.009972352813316147
640|3.325416,-3.314329,-0.616206,0.0003375714648479189,0.010012610737134811
641|3.326767,-3.31041,-0.620108,0.00033938424948898316,0.010075747812300875
642|3.328122,-3.306461,-0.624007,0.0003407202148868471,0.010124906623626091
643|3.329481,-3.302482,-0.627903,0.00034156521553541097,0.010159628043567726
644|3.330842,-3.298472,-0.631794,0.0003432073063796004,0.01021822082271496
645|3.332207,-3.294432,-0.635682,0.0003443449302404922,0.010261966207184862
646|3.333575,-3.290361,-0.639567,0.0003456870950553359,0.010311972915911795
647|3.334946,-3.28626,-0.643448,0.00034706080915070103,0.01036309285246768
648|3.336321,-3.282127,-0.647325,0.0003483677204432212,0.010412397065283251
649|3.337699,-3.277964,-0.651198,0.0003496956405930618,0.010462502037987037
650|3.33908,-3.27377,-0.655068,0.0003512115493382595,0.010518413965982359
651|3.340465,-3.269544,-0.658933,0.0003526826910955627,0.010573178749758138
652|3.341854,-3.265287,-0.662795,0.00035380255744010825,0.010617592384634177
653|3.343246,-3.260999,-0.666653,0.0003551366575118564,0.010668611203958765
654|3.344642,-3.25668,-0.670506,0.0003561916566852119,0.010711423326686773
655|3.346041,-3.252329,-0.674356,0.0003576226882957556,0.010765725630792455
656|3.347444,-3.247946,-0.678201,0.00035897527470929447,0.0108178623415888
657|3.348851,-3.243531,-0.682042,0.0003601972762261596,0.010866254290252104
658|3.350261,-3.239085,-0.685879,0.0003616165580373476,0.010920787710405345
659|3.351675,-3.234606,-0.689712,0.0003631077580030784,0.01097770039726065
660|3.353093,-3.230096,-0.69354,0.0003642835423836033,0.011025273903959586
661|3.354515,-3.225553,-0.697364,0.0003655173509446996,0.011074798020585572
662|3.355941,-3.220978,-0.701183,0.00036663580630724724,0.011121019286896924
663|3.357371,-3.216371,-0.704998,0.0003675864803507345,0.01116233506173166
664|3.358804,-3.211731,-0.708808,0.0003691908338865346,0.011223704042730851
665|3.360242,-3.207058,-0.712613,0.00037031333599824023,0.011270639085259385
666|3.361683,-3.202352,-0.716413,0.00037208696116008966,0.01133761010261367
667|3.363129,-3.197614,-0.720209,0.00037310223335174086,0.011381691484303555
668|3.364579,-3.192842,-0.724,0.0003744014490552061,0.011434641495776148
669|3.366033,-3.188038,-0.727786,0.0003755528895563742,0.011483286380633713
670|3.367491,-3.1832,-0.731567,0.0003769826330808357,0.01154066097644532
671|3.368954,-3.178329,-0.735343,0.0003778855470524256,0.011582119884751831
672|3.370421,-3.173424,-0.739114,0.0003790568137431727,0.011632009070812806
673|3.371892,-3.168486,-0.742879,0.0003803303831495519,0.011685256336767574
674|3.373367,-3.163514,-0.74664,0.0003818197004039625,0.011745366296033762
675|3.374847,-3.158508,-0.750395,0.00038302524142475036,0.011796983905587151
676|3.376331,-3.153468,-0.754144,0.00038454228691220393,0.011858433860347076
677|3.37782,-3.148394,-0.757888,0.00038571386721297785,0.011909470961456853
678|3.379314,-3.143285,-0.761627,0.0003867478039483174,0.011956484876395397
679|3.380812,-3.138142,-0.76536,0.0003880852908384469,0.012013114114159111
680|3.382315,-3.132965,-0.769087,0.0003891135452773753,0.012060406098395296
681|3.383822,-3.127753,-0.772809,0.00039060800636958604,0.012122391220690714
682|3.385334,-3.122506,-0.776524,0.0003920580695697673,0.012183264656552617
683|3.386852,-3.117225,-0.780234,0.00039251010414531606,0.012213348427283596
684|3.388373,-3.111908,-0.783938,0.00039432028519525986,0.012285932803126778
685|3.3899,-3.106556,-0.787636,0.0003953952024988716,0.01233588100246199
686|3.391432,-3.101169,-0.791328,0.0003963556578057137,0.012382495355314539
687|3.392969,-3.095746,-0.795013,0.0003974727628359709,0.012434248374639622
688|3.394511,-3.090287,-0.798692,0.0003986894506677885,0.01248937382207728
689|3.396057,-3.084793,-0.802365,0.0004004276812059615,0.012561117963625877
690|3.39761,-3.079263,-0.806031,0.00040103609488806313,0.012597688779130095
691|3.399167,-3.073697,-0.809691,0.0004023834091619882,0.012657715823260364
692|3.400729,-3.068095,-0.813344,0.00040388573206406875,0.012722909226625756
693|3.402297,-3.062456,-0.816991,0.00040505195188300647,0.01277780468002953
694|3.403871,-3.056781,-0.82063,0.0004057731374813578,0.01281891685293554
695|3.405449,-3.051069,-0.824263,0.0004074643283500379,0.012890950992656837
696|3.407034,-3.04532,-0.827889,0.0004082095812316666,0.012933349049042751
697|3.408624,-3.039535,-0.831508,0.0004091059181616785,0.01298078194146713
698|3.410219,-3.033712,-0.83512,0.00041059839738766257,0.01304742155330172
699|3.41182,-3.027852,-0.838724,0.00041186240792034923,0.01310711309379981
700|3.413427,-3.021955,-0.842321,0.00041283482915099867,0.013157814302904877
701|3.41504,-3.01602,-0.845911,0.0004137345183061747,0.01320647488394887
702|3.416658,-3.010047,-0.849493,0.0004153024784225856,0.013276773817519317
703|3.418283,-3.004037,-0.853068,0.00041589860695978587,0.0133163009152757
704|3.419913,-2.997988,-0.856635,0.0004173914685128288,0.013384836962233138
705|3.421549,-2.991901,-0.860194,0.0004188820034776164,0.01345364275247285
706|3.423192,-2.985776,-0.863745,0.0004196817575352618,0.013500577721900942
707|3.424841,-2.979612,-0.867289,0.0004206370147410432,0.013552805762657175
708|3.426496,-2.973409,-0.870824,0.00042188138611454207,0.013614667122074377
709|3.428157,-2.967168,-0.874351,0.0004231324752930199,0.013677077543702496
710|3.429825,-2.960887,-0.87787,0.00042413968876697794,0.013731937703403833
711|3.431499,-2.954568,-0.88138,0.00042522617708229404,0.013789682881886834
712|3.43318,-2.948209,-0.884882,0.000426072242158515,0.01383995287872254
713|3.434867,-2.94181,-0.888375,0.00042745620380557625,0.013908033655174578
714|3.436561,-2.935371,-0.89186,0.00042860682989065424,0.013968882875250346
715|3.438262,-2.928893,-0.895335,0.00042943806491368974,0.014019654952595741
716|3.43997,-2.922374,-0.898802,0.0004302655865071614,0.014070627964453962
717|3.441684,-2.915815,-0.90226,0.0004316591124191582,0.01414046161608358
718|3.443406,-2.909216,-0.905708,0.0004322528356017763,0.014184443785042453
719|3.445134,-2.902576,-0.909147,0.0004336552613293243,0.014255312088426501
720|3.44687,-2.895895,-0.912577,0.0004344216053757677,0.014305639165508309
721|3.448613,-2.889172,-0.915997,0.00043558233052287676,0.014369312431922288
722|3.450363,-2.882409,-0.919408,0.0004366229727525983,0.014429394900957472
723|3.45212,-2.875604,-0.922809,0.00043807855598343437,0.014503590062737876
724|3.453885,-2.868758,-0.9262,0.0004389934830189013,0.01456028181505592
725|3.455658,-2.86187,-0.929581,0.00043959951319161306,0.014607080575598508
726|3.457438,-2.854939,-0.932951,0.0004409511541156874,0.014679038167720709
727|3.459226,-2.847967,-0.936312,0.00044171082986332877,0.01473168038684835
728|3.461022,-2.840952,-0.939662,0.0004424913338421099,0.014785385889818292
729|3.462825,-2.833894,-0.943001,0.00044405813165804275,0.014865783962651735
730|3.464637,-2.826793,-0.94633,0.0004448404154477892,0.014920348606464942
731|3.466457,-2.81965,-0.949648,0.0004454490749532525,0.014969456310288443
732|3.468285,-2.812463,-0.952955,0.0004463559439304987,0.01502897088443455
733|3.470121,-2.805232,-0.956251,0.00044757658070393447,0.015099479398908744
734|3.471966,-2.797958,-0.959536,0.0004481297327827427,0.015147879884696626
735|3.473819,-2.79064,-0.962809,0.0004491041930405615,0.01521092070118262
736|3.47568,-2.783278,-0.966071,0.0004504400105966866,0.015286655006137871
737|3.47755,-2.775871,-0.969321,0.00045169277250511897,0.015360057779551323
738|3.47943,-2.76842,-0.97256,0.0004517870344429298,0.015394470787710642
739|3.481318,-2.760924,-0.975786,0.00045268527277730897,0.015456662458825477
740|3.483214,-2.753383,-0.979,0.00045433188917964884,0.015544901856520413
741|3.485121,-2.745797,-0.982202,0.00045439568084804094,0.01557943807922329
742|3.487036,-2.738165,-0.985392,0.00045547836440906764,0.015649316866749582
743|3.48896,-2.730487,-0.988569,0.0004569026125769149,0.015731447886892944
744|3.490894,-2.722764,-0.991733,0.0004576662305004753,0.015791332241174752
745|3.492838,-2.714994,-0.994884,0.0004582535857045045,0.0158455853261717
746|3.494791,-2.707178,-0.998022,0.0004592493805568587,0.015914425748877373
747|3.496754,-2.699315,-1.001147,0.0004601149977663255,0.01597925327751443
748|3.498727,-2.691405,-1.004258,0.00046096067903311777,0.01604388189681032
749|3.50071,-2.683448,-1.007355,0.00046181231209629914,0.016109215208703533
750|3.502704,-2.675443,-1.010439,0.0004620351818416246,0.016153076754904343
751|3.504707,-2.667391,-1.013509,0.000463124852711605,0.01622771541128114
752|3.506721,-2.659291,-1.016565,0.0004637279733894495,0.016285826651257867
753|3.508745,-2.651142,-1.019606,0.0004650123643972215,0.0163684070962957
754|3.510781,-2.642946,-1.022633,0.00046481317338908923,0.01639924905428518
755|3.512826,-2.6347,-1.025645,0.0004664149563406994,0.016494146476942927
756|3.514883,-2.626405,-1.028642,0.00046715909733574534,0.01655932251746886
757|3.516951,-2.618061,-1.031624,0.00046789729514618017,0.016624825714282688
758|3.519031,-2.609668,-1.03459,0.0004679313924751405,0.016665801317511834
759|3.521121,-2.601224,-1.037541,0.000469335176495278,0.016756108471517844
760|3.523224,-2.592731,-1.040476,0.0004692767486669247,0.016794766444415726
761|3.525338,-2.584187,-1.043395,0.00046993207661039094,0.016859462425384806
762|3.527463,-2.575592,-1.046298,0.0004713468104533547,0.016952032059425075
763|3.529601,-2.566947,-1.049185,0.00047164929320420157,0.01700520954406894
764|3.531751,-2.55825,-1.052055,0.0004722950895321709,0.01707131786671125
765|3.533913,-2.549502,-1.054908,0.0004730903295180333,0.01714342722972641
766|3.536088,-2.540702,-1.057744,0.0004734778190358391,0.017201352345594254
767|3.538276,-2.531849,-1.060563,0.0004737431185963814,0.01725539107113524
768|3.540476,-2.522945,-1.063364,0.00047440148138022664,0.01732431862948273
769|3.542689,-2.513987,-1.066148,0.0004752801917051741,0.017401946169701202
770|3.544916,-2.504976,-1.068913,0.00047554025218410345,0.017457549210628438
771|3.547156,-2.495913,-1.07166,0.0004757418011629433,0.017511560294702966
772|3.549409,-2.486795,-1.074389,0.00047667191066302905,0.017593030280744822
773|3.551676,-2.477623,-1.077098,0.0004774983174224978,0.01767138851996087
774|3.553957,-2.468397,-1.079789,0.0004780675961830738,0.017740914701955917
775|3.556253,-2.459117,-1.082461,0.00047767931674513875,0.01777548118289866
776|3.558562,-2.449781,-1.085112,0.00047883419027172636,0.017868115249031598
777|3.560886,-2.44039,-1.087744,0.0004794052588201758,0.017939717630912594
778|3.563225,-2.430943,-1.090356,0.0004798111399972882,0.018005828473552542
779|3.565579,-2.421441,-1.092948,0.0004798729332908813,0.0180596654397581
780|3.567948,-2.411882,-1.095518,0.00048037884659013486,0.018130886448923317
781|3.570333,-2.402266,-1.098068,0.00048030341286775524,0.01818082964857714
782|3.572733,-2.392594,-1.100597,0.0004804634131398977,0.01824030926326818
783|3.575149,-2.382863,-1.103104,0.00048091774614400506,0.018311675602029606
784|3.577581,-2.373076,-1.105588,0.00048111883207635486,0.01837411277200053
785|3.580029,-2.36323,-1.108051,0.0004816664877478338,0.01845052785266277
786|3.582494,-2.353325,-1.110491,0.00048199446974894755,0.01851930429289509
787|3.584975,-2.343362,-1.112909,0.00048271244458275575,0.01860385742748714
788|3.587474,-2.333339,-1.115303,0.0004828709633670769,0.018667656937308454
789|3.58999,-2.323257,-1.117674,0.0004830849405892401,0.01873434416389029
790|3.592524,-2.313115,-1.12002,0.0004830518180947152,0.01879219328615867
791|3.595076,-2.302912,-1.122343,0.00048288040090760376,0.0188453679923959
792|3.597645,-2.292649,-1.124641,0.0004835664120252936,0.018932802463442464
793|3.600234,-2.282324,-1.126914,0.00048302633876495804,0.018973021293804303
794|3.60284,-2.271938,-1.129162,0.0004838202438608441,0.019066425582724606
795|3.605466,-2.26149,-1.131384,0.0004837365798966431,0.019126129252253134
796|3.608112,-2.250979,-1.13358,0.00048314442343633246,0.019166444409541575
797|3.610776,-2.240406,-1.13575,0.000483724685866882,0.019254064109144157
798|3.613461,-2.229769,-1.137893,0.00048352063551160285,0.019311353552934826
799|3.616166,-2.219069,-1.140008,0.00048344571404346226,0.01937460099721383
800|3.618892,-2.208304,-1.142096,0.0004831043519746281,0.019427975738692548
801|3.621638,-2.197475,-1.144156,0.00048342383532418154,0.019508786738758496
802|3.624406,-2.186581,-1.146188,0.00048297453762646825,0.019559447392736067
803|3.627195,-2.175621,-1.14819,0.00048334866622257167,0.019644351215699636
804|3.630007,-2.164596,-1.150164,0.0004823310229262745,0.019673517866435026
805|3.63284,-2.153504,-1.152107,0.00048284696372657976,0.019766099483236415
806|3.635697,-2.142345,-1.15402,0.00048216018126856497,0.019810386190972484
807|3.638576,-2.131119,-1.155903,0.0004822806241939759,0.01988871704099524
808|3.641479,-2.119826,-1.157754,0.00048181549052239703,0.01994384159280078
809|3.644406,-2.108464,-1.159574,0.00048132217068719285,0.019998665250868002
810|3.647357,-2.097033,-1.161361,0.0004812732725287816,0.02007290160335249
811|3.650333,-2.085533,-1.163116,0.00048078615856539386,0.020129824997118226
812|3.653335,-2.073963,-1.164837,0.0004796803422113527,0.020161667174243992
813|3.656361,-2.062323,-1.166525,0.00047987518516068306,0.02024910407296422
814|3.659414,-2.050612,-1.168178,0.0004793454024896171,0.020307031174040136
815|3.662494,-2.03883,-1.169797,0.00047815391948757835,0.02033776894345925
816|3.6656,-2.026976,-1.17138,0.0004780281756695537,0.02041476205327451
817|3.668734,-2.01505,-1.172928,0.00047717283384596243,0.020461603289432893
818|3.671896,-2.003051,-1.174439,0.0004763992503478143,0.020512866459100897
819|3.675087,-1.990978,-1.175912,0.0004754402321793805,0.02055706921510736
820|3.678306,-1.978831,-1.177348,0.00047533441220526385,0.020639207109473156
821|3.681556,-1.96661,-1.178746,0.0004736758417767106,0.020654879121953195
822|3.684835,-1.954314,-1.180104,0.00047321111546061445,0.020723504318009442
823|3.688145,-1.941942,-1.181423,0.00047244332835960634,0.020779948995683355
824|3.691487,-1.929493,-1.182702,0.00047114859790120533,0.020814178511554583
825|3.69486,-1.916968,-1.18394,0.0004704661003689381,0.020876433723802042
826|3.698267,-1.904366,-1.185136,0.0004683025389944362,0.020873818623306978
827|3.701706,-1.891685,-1.186289,0.00046758830576099086,0.020936654839390154
828|3.705179,-1.878925,-1.1874,0.00046658813027411483,0.020987796160803852
829|3.708687,-1.866086,-1.188466,0.00046521012314437726,0.021022944633065033
830|3.71223,-1.853167,-1.189488,0.0004639090923963529,0.02106252336697214
831|3.715809,-1.840168,-1.190465,0.0004622723881015922,0.021087779185999356
832|3.719424,-1.827087,-1.191396,0.0004614058881928784,0.021149205362768052
833|3.723077,-1.813925,-1.192279,0.0004598805017668184,0.02118152012251781
834|3.726769,-1.800679,-1.193115,0.0004577964700547277,0.021188953949833764
835|3.730499,-1.787351,-1.193902,0.00045633769560282644,0.02122618577085273
836|3.734269,-1.773938,-1.194639,0.00045505060021566734,0.02127249079061151
837|3.73808,-1.760441,-1.195327,0.0004529605297833861,0.021282207467813525
838|3.741933,-1.746859,-1.195962,0.0004506109429973648,0.02128046233469553
839|3.745828,-1.73319,-1.196546,0.0004486636202027938,0.02129848628624626
840|3.749766,-1.719435,-1.197076,0.00044695799162619565,0.021328932939032395
841|3.753749,-1.705592,-1.197552,0.00044466020795486116,0.021332018691235643
842|3.757777,-1.691661,-1.197973,0.000442501586864541,0.02134257030532283
843|3.761851,-1.677641,-1.198338,0.00044055954516641904,0.021364471458767458
844|3.765973,-1.663531,-1.198645,0.00043818063403566754,0.021366068784449476
845|3.770144,-1.64933,-1.198894,0.0004352876895090674,0.021343244334330207
846|3.774364,-1.635038,-1.199084,0.00043270186913213493,0.021336066129757504
847|3.778634,-1.620654,-1.199212,0.0004310193028644882,0.021374375613010598
848|3.782957,-1.606177,-1.199279,0.00042810372586510326,0.02135242786650336
849|3.787333,-1.591606,-1.199284,0.0004251385965237109,0.021328536790557844
850|3.791764,-1.57694,-1.199223,0.00042207582009345934,0.021300265213177856
851|3.79625,-1.562179,-1.199098,0.00041922117478554455,0.021283030705010225
852|3.800794,-1.547322,-1.198905,0.00041563912338737907,0.021229283902173195
853|3.805396,-1.532367,-1.198644,0.00041271468445036597,0.02120951907624243
854|3.810058,-1.517315,-1.198314,0.000409292749422141,0.0211646351086246
855|3.814782,-1.502163,-1.197913,0.0004056503445291071,0.021108596727793912
856|3.819569,-1.486911,-1.19744,0.0004019574234637169,0.021050079824024577
857|3.824421,-1.471559,-1.196892,0.0003979366013471264,0.020974422539978343
858|3.829339,-1.456105,-1.19627,0.0003939462819850803,0.020900290463091876
859|3.834326,-1.440548,-1.19557,0.0003893786996447268,0.02079527827993114
860|3.839382,-1.424887,-1.194791,0.00038582716135526773,0.02074440449017632
861|3.84451,-1.409122,-1.193933,0.0003815068457058146,0.020652154101674994
862|3.849713,-1.393251,-1.192992,0.00037627892910374605,0.020510129702910704
863|3.854991,-1.377274,-1.191968,0.0003713238671623209,0.020382040219469332
864|3.860347,-1.361189,-1.190857,0.00036663361096822555,0.020267751656013938
865|3.865783,-1.344995,-1.18966,0.00036161940347878563,0.020134756638622648
866|3.871301,-1.328691,-1.188373,0.00035705850664413674,0.02002623746135691
867|3.876905,-1.312277,-1.186994,0.00035107533226486076,0.019836764714872685
868|3.882596,-1.295751,-1.185522,0.0003450411099685802,0.019642549315989147
869|3.888376,-1.279112,-1.183954,0.00033968983164478495,0.019485564580860572
870|3.894249,-1.262359,-1.182288,0.0003336656984698205,0.019288293099361187
871|3.900217,-1.245491,-1.180522,0.00032758579566749546,0.019085711867016547
872|3.906284,-1.228506,-1.178654,0.00032056179898587445,0.018825517619495843
873|3.912452,-1.211404,-1.176681,0.000313365868542137,0.01855198685741212
874|3.918724,-1.194184,-1.1746,0.00030623123058681756,0.018278678068941803
875|3.925103,-1.176844,-1.172409,0.0002994988605327098,0.018026080861896786
876|3.931594,-1.159382,-1.170105,0.0002920418951275483,0.017726307239206818
877|3.938199,-1.141799,-1.167686,0.00028442675189332967,0.017412750751785763
878|3.944923,-1.124093,-1.165149,0.00027575410872882067,0.017029483981986785
879|3.95177,-1.106261,-1.16249,0.0002668265356933208,0.016624616417907384
880|3.958742,-1.088305,-1.159706,0.0002585797003138435,0.016256289943075514
881|3.965846,-1.070221,-1.156795,0.00024895938328373113,0.015795146095550047
882|3.973085,-1.052008,-1.153753,0.00023950466405642246,0.015337069091396757
883|3.980464,-1.033667,-1.150576,0.00022944647793177175,0.014832345265881081
884|3.987988,-1.015194,-1.147261,0.000219397440283986,0.014319533057404268
885|3.995662,-0.996589,-1.143805,0.00020888967381638146,0.013767453543539393
886|4.003492,-0.977851,-1.140202,0.0001981106821646872,0.01318732478058801
887|4.011484,-0.958978,-1.13645,0.00018633585389871143,0.01252945497282645
888|4.019643,-0.93997,-1.132545,0.00017403827224926616,0.011823442881334374
889|4.027977,-0.920823,-1.128481,0.0001612021343597725,0.011066570159830468
890|4.036491,-0.901539,-1.124254,0.00014815919150734658,0.010280045052442162
891|4.045193,-0.882114,-1.11986,0.00013464400904328322,0.009444121413403202
892|4.05409,-0.862549,-1.115294,0.00012038727159446871,0.008537866090228819
893|4.063191,-0.842841,-1.11055,0.00010528650086660818,0.007551357423314077
894|4.072503,-0.822989,-1.105623,9.031455990915482e-05,0.006552172206554397
895|4.082036,-0.802992,-1.100508,7.409944220193587e-05,0.005438916508102319
896|4.091799,-0.782849,-1.095199,5.69316221405991e-05,0.0042288135835054
897|4.101801,-0.762558,-1.08969,3.9786619661752454e-05,0.0029913696115974353
898|4.112054,-0.742119,-1.083974,2.125009506603881e-05,0.0016175813790643072
899|4.122568,-0.721531,-1.078044,2.4240511722339875e-06,0.00018686438950563
900|4.133356,-0.700791,-1.071895,1.8035592218801355e-05,0.001408334244782169
901|4.14443,-0.6799,-1.065518,3.949263398905778e-05,0.003124615965478532
902|4.155803,-0.658856,-1.058906,6.163072478093667e-05,0.0049419851851469415
903|4.167489,-0.637658,-1.052051,8.425063357631046e-05,0.006848939399987782
904|4.179505,-0.616305,-1.044944,0.00010854888112943328,0.008948468066249184
905|4.191866,-0.594798,-1.037577,0.00013446306846764955,0.011244252329739747
906|4.204589,-0.573134,-1.02994,0.00016066864439689965,0.01363322890124251
907|4.217694,-0.551314,-1.022023,0.00018871236914486111,0.016253578549484313
908|4.2312,-0.529337,-1.013817,0.00021842312616726645,0.019101784885012657
909|4.245128,-0.507204,-1.00531,0.0002493155722078644,0.022146360904927675
910|4.259502,-0.484914,-0.996491,0.0002822932567527747,0.025479325792724907
911|4.274345,-0.462467,-0.987348,0.0003161307602581598,0.029003523265683638
912|4.289685,-0.439864,-0.977869,0.0003527368454163682,0.03290788121258221
913|4.305551,-0.417106,-0.968039,0.0003917022537869297,0.03717452466150057
914|4.321971,-0.394195,-0.957845,0.0004319925590772211,0.04172406049767334
915|4.338981,-0.37113,-0.947271,0.0004746274482987367,0.04667375892975682
916|4.356616,-0.347916,-0.936302,0.0005204571394474833,0.052132651710588854
917|4.374914,-0.324554,-0.924921,0.0005685587492035848,0.058037357534706194
918|4.393918,-0.301047,-0.91311,0.0006197179019847843,0.06449770901550092
919|4.413673,-0.277399,-0.900851,0.0006744347514361371,0.07160218871870841
920|4.434229,-0.253615,-0.888122,0.0007320015565991378,0.07931606019606119
921|4.45564,-0.2297,-0.874903,0.0007936342510715955,0.08781470921914718
922|4.477965,-0.20566,-0.86117,0.0008587373249344665,0.09708423630824262
923|4.501267,-0.181505,-0.846901,0.0009290614704878797,0.10738070552098848
924|4.525616,-0.157241,-0.83207,0.0010043387309226492,0.11874525949530146
925|4.551088,-0.132881,-0.816648,0.0010837959581495582,0.13116181971250032
926|4.577767,-0.108435,-0.800608,0.0011696651933832403,0.14498515840584064
927|4.605743,-0.08392,-0.783918,0.0012610299579322026,0.1602048230202042
928|4.635117,-0.059351,-0.766547,0.001360610743835089,0.1772827483970316
929|4.665996,-0.034748,-0.748459,0.0014666309392609156,0.19612647771443908
930|4.6985,-0.010134,-0.729618,0.0015809331486080769,0.2171291019460651
931|4.732759,0.014465,-0.709985,0.0017038647087778136,0.24051330158921502
932|4.768915,0.039017,-0.68952,0.0018369284104249317,0.2666906941137898
933|4.807122,0.063489,-0.668179,0.001979443182879237,0.2957884541515367
934|4.847549,0.087838,-0.64592,0.0021356142479103113,0.32869281193562516
935|4.890376,0.112017,-0.622694,0.0023026695366953343,0.36527898666537273
936|4.9358,0.135971,-0.598454,0.002483001386211714,0.4062348061700395
937|4.984028,0.159637,-0.573153,0.0026784740719485445,0.4522228720846928
938|5.035281,0.182941,-0.546742,0.0028892228744964443,0.503658515953773
939|5.089789,0.205801,-0.519173,0.0031159161468710117,0.5610630275611788
940|5.147785,0.22812,-0.490402,0.0033587046076533067,0.6248702056799998
941|5.209504,0.249789,-0.460389,0.0036184306257552867,0.695626854289996
942|5.275168,0.270687,-0.429099,0.0038933733169559392,0.7733384674256457
943|5.344979,0.290676,-0.396508,0.004181910775002018,0.8578993837721359
944|5.419101,0.309604,-0.362607,0.004483390423092537,0.9492336306233377
945|5.497638,0.327305,-0.327402,0.004791506241394794,1.045823593004398
946|5.580619,0.343601,-0.290922,0.005100013408068649,1.1457637554448725
947|5.667965,0.358307,-0.253222,0.005399876343220145,1.2460648220917496
948|5.75947,0.371235,-0.21439,0.005681835605259589,1.3431850997075032
949|5.854782,0.382201,-0.174547,0.005932400175997166,1.4321191017446226
950|5.953388,0.391036,-0.133851,0.0061389054852865055,1.5076963895347033
951|6.054619,0.397593,-0.092493,0.006284142536816251,1.5635091177344371
952|6.157668,0.401763,-0.050695,nan,nan
953|6.261628,0.403476,-0.008699,nan,nan
954|0.08235,0.402716,0.033239,nan,nan
