OneBody2_E-0.20_ecc0.8_EU1.txt
initial value : [x, y, v_x, v_y] = [0.50,0.00,0.00,1.90] , numerical interval dt = 0.02000 , [M, m] = [ 1, 1]

num|geodesic|
num|newtonian
num|degree, x, y, simple error, relative error
  1|0.000000,0.500000,0.000000,0.000000,0.000000
  2|0.075749,0.500000,0.037947,0.000638,0.127450
  3|0.151235,0.497602,0.075834,0.004947,0.984384
  4|0.226459,0.493609,0.113733,0.012130,2.398552
  5|0.301421,0.487997,0.151715,0.022226,4.356180
  6|0.376112,0.480733,0.189847,0.035299,6.840412
  7|0.450519,0.471765,0.228190,0.051437,9.831175
  8|0.524616,0.461031,0.266802,0.070754,13.305006
  9|0.598368,0.448455,0.305731,0.093385,17.234860
 10|0.671723,0.433951,0.345017,0.119487,21.589935
 11|0.744616,0.417420,0.384691,0.149231,26.335564
 12|0.816969,0.398761,0.424769,0.182805,31.433208
 13|0.888685,0.377862,0.465255,0.220405,36.840591
 14|0.959655,0.354611,0.506139,0.262232,42.512011
 15|1.029755,0.328897,0.547390,0.308486,48.398852
 16|1.098852,0.300615,0.588962,0.359357,54.450311
 17|1.166804,0.269668,0.630791,0.415017,60.614317
 18|1.233465,0.235973,0.672791,0.475616,66.838616
 19|1.298690,0.199466,0.714861,0.541270,73.071967
 20|1.362338,0.160105,0.756883,0.612055,79.265365
 21|1.424277,0.117874,0.798726,0.688003,85.373222
 22|1.484388,0.072785,0.840248,0.769091,91.354398
 23|1.542572,0.024881,0.881299,0.855249,97.173032
 24|1.598745,-0.025768,0.921729,0.894813,97.200904
 25|1.652849,-0.079062,0.961387,0.884091,91.791330
 26|1.704846,-0.134876,1.000128,0.872871,86.616080
 27|1.754722,-0.193063,1.037818,0.861187,81.687173
 28|1.802480,-0.253457,1.074331,0.849070,77.011296
 29|1.848147,-0.315878,1.109558,0.836560,72.590432
 30|1.891763,-0.380139,1.143403,0.823693,68.422569
 31|1.933384,-0.446046,1.175786,0.810508,64.502439
 32|1.973075,-0.513405,1.206644,0.797045,60.822232
 33|2.010911,-0.582023,1.235927,0.783339,57.372261
 34|2.046972,-0.651714,1.263601,0.769428,54.141542
 35|2.081342,-0.722298,1.289644,0.755347,51.118295
 36|2.114108,-0.793605,1.314046,0.741128,48.290349
 37|2.145355,-0.865474,1.336807,0.726802,45.645470
 38|2.175168,-0.937756,1.357937,0.712398,43.171605
 39|2.203630,-1.010311,1.377450,0.697942,40.857065
 40|2.230822,-1.083012,1.395372,0.683459,38.690654
 41|2.256819,-1.155741,1.411728,0.668972,36.661749
 42|2.281695,-1.228393,1.426551,0.654500,34.760352
 43|2.305520,-1.300869,1.439875,0.640063,32.977106
 44|2.328357,-1.373083,1.451739,0.625678,31.303298
 45|2.350270,-1.444955,1.462180,0.611360,29.730848
 46|2.371314,-1.516414,1.471239,0.597122,28.252281
 47|2.391545,-1.587396,1.478955,0.582978,26.860703
 48|2.411011,-1.657845,1.485370,0.568938,25.549762
 49|2.429761,-1.727708,1.490525,0.555012,24.313615
 50|2.447838,-1.796941,1.494459,0.541209,23.146892
 51|2.465282,-1.865504,1.497213,0.527538,22.044659
 52|2.482131,-1.933360,1.498824,0.514005,21.002386
 53|2.498420,-2.000478,1.499332,0.500617,20.015911
 54|2.514183,-2.066830,1.498773,0.487379,19.081414
 55|2.529449,-2.132391,1.497184,0.474297,18.195382
 56|2.544247,-2.197140,1.494599,0.461374,17.354588
 57|2.558603,-2.261058,1.491053,0.448615,16.556063
 58|2.572543,-2.324127,1.486578,0.436023,15.797077
 59|2.586089,-2.386334,1.481206,0.423601,15.075113
 60|2.599262,-2.447666,1.474968,0.411351,14.387853
 61|2.612083,-2.508113,1.467894,0.399276,13.733158
 62|2.624570,-2.567665,1.460012,0.387378,13.109054
 63|2.636742,-2.626315,1.451349,0.375658,12.513718
 64|2.648613,-2.684055,1.441933,0.364118,11.945463
 65|2.660200,-2.740881,1.431789,0.352759,11.402728
 66|2.671516,-2.796788,1.420941,0.341582,10.884066
 67|2.682577,-2.851773,1.409414,0.330588,10.388138
 68|2.693393,-2.905832,1.397231,0.319777,9.913698
 69|2.703977,-2.958964,1.384412,0.309150,9.459591
 70|2.714341,-3.011167,1.370981,0.298708,9.024742
 71|2.724494,-3.062441,1.356957,0.288450,8.608151
 72|2.734448,-3.112784,1.342360,0.278376,8.208886
 73|2.744210,-3.162197,1.327210,0.268488,7.826081
 74|2.753791,-3.210680,1.311524,0.258785,7.458924
 75|2.763197,-3.258233,1.295321,0.249266,7.106660
 76|2.772439,-3.304859,1.278618,0.239932,6.768583
 77|2.781522,-3.350557,1.261431,0.230783,6.444031
 78|2.790454,-3.395331,1.243777,0.221818,6.132387
 79|2.799241,-3.439180,1.225672,0.213036,5.833072
 80|2.807891,-3.482107,1.207129,0.204439,5.545543
 81|2.816409,-3.524114,1.188164,0.196025,5.269293
 82|2.824801,-3.565204,1.168791,0.187794,5.003843
 83|2.833072,-3.605377,1.149024,0.179746,4.748745
 84|2.841228,-3.644637,1.128876,0.171880,4.503579
 85|2.849273,-3.682985,1.108359,0.164196,4.267949
 86|2.857213,-3.720425,1.087486,0.156693,4.041482
 87|2.865053,-3.756958,1.066270,0.149371,3.823830
 88|2.872795,-3.792587,1.044721,0.142230,3.614661
 89|2.880445,-3.827314,1.022852,0.135269,3.413666
 90|2.888007,-3.861142,1.000674,0.128488,3.220552
 91|2.895484,-3.894074,0.978197,0.121886,3.035045
 92|2.902879,-3.926110,0.955432,0.115463,2.856883
 93|2.910198,-3.957255,0.932389,0.109218,2.685823
 94|2.917442,-3.987510,0.909078,0.103151,2.521633
 95|2.924616,-4.016877,0.885509,0.097262,2.364095
 96|2.931722,-4.045359,0.861691,0.091550,2.213005
 97|2.938763,-4.072959,0.837634,0.086015,2.068167
 98|2.945743,-4.099677,0.813347,0.080655,1.929400
 99|2.952664,-4.125517,0.788838,0.075472,1.796531
100|2.959528,-4.150480,0.764117,0.070464,1.669396
101|2.966339,-4.174569,0.739192,0.065632,1.547844
102|2.973099,-4.197784,0.714070,0.060974,1.431729
103|2.979811,-4.220129,0.688761,0.056491,1.320915
104|2.986476,-4.241605,0.663272,0.052181,1.215274
105|2.993098,-4.262214,0.637612,0.048046,1.114686
106|2.999678,-4.281957,0.611787,0.044084,1.019036
107|3.006218,-4.300835,0.585805,0.040295,0.928219
108|3.012722,-4.318851,0.559674,0.036679,0.842134
109|3.019191,-4.336005,0.533401,0.033236,0.760688
110|3.025627,-4.352300,0.506994,0.029966,0.683794
111|3.032031,-4.367735,0.480459,0.026867,0.611368
112|3.038407,-4.382313,0.453804,0.023941,0.543336
113|3.044756,-4.396034,0.427034,0.021186,0.479627
114|3.051079,-4.408900,0.400158,0.018603,0.420173
115|3.057379,-4.420911,0.373182,0.016192,0.364916
116|3.063658,-4.432067,0.346113,0.013952,0.313799
117|3.069917,-4.442370,0.318956,0.011883,0.266772
118|3.076158,-4.451821,0.291719,0.009985,0.223786
119|3.082383,-4.460419,0.264409,0.008258,0.184801
120|3.088593,-4.468164,0.237031,0.006702,0.149779
121|3.094791,-4.475059,0.209592,0.005318,0.118687
122|3.100978,-4.481101,0.182098,0.004104,0.091494
123|3.107155,-4.486292,0.154556,0.003061,0.068177
124|3.113325,-4.490632,0.126972,0.002189,0.048714
125|3.119489,-4.494120,0.099352,0.001487,0.033088
126|3.125649,-4.496756,0.071702,0.000957,0.021285
127|3.131806,-4.498540,0.044029,0.000598,0.013298
128|3.137961,-4.499471,0.016339,0.000410,0.009120
129|3.144118,-4.499549,-0.011363,0.000394,0.008750
130|3.150277,-4.498773,-0.039069,0.000549,0.012192
131|3.156440,-4.497142,-0.066774,0.000875,0.019452
132|3.162608,-4.494656,-0.094472,0.001373,0.030540
133|3.168784,-4.491313,-0.122155,0.002043,0.045471
134|3.174969,-4.487112,-0.149819,0.002885,0.064263
135|3.181165,-4.482052,-0.177457,0.003900,0.086941
136|3.187373,-4.476132,-0.205062,0.005087,0.113529
137|3.193595,-4.469350,-0.232628,0.006448,0.144061
138|3.199834,-4.461704,-0.260149,0.007982,0.178570
139|3.206090,-4.453194,-0.287618,0.009689,0.217098
140|3.212366,-4.443816,-0.315029,0.011570,0.259689
141|3.218663,-4.433569,-0.342375,0.013626,0.306391
142|3.224984,-4.422451,-0.369650,0.015856,0.357260
143|3.231330,-4.410459,-0.396847,0.018262,0.412355
144|3.237703,-4.397592,-0.423959,0.020843,0.471739
145|3.244105,-4.383846,-0.450979,0.023601,0.535482
146|3.250538,-4.369220,-0.477900,0.026535,0.603659
147|3.257005,-4.353709,-0.504716,0.029647,0.676353
148|3.263508,-4.337312,-0.531419,0.032936,0.753648
149|3.270048,-4.320026,-0.558001,0.036404,0.835640
150|3.276628,-4.301846,-0.584456,0.040051,0.922428
151|3.283250,-4.282770,-0.610775,0.043877,1.014118
152|3.289917,-4.262794,-0.636952,0.047884,1.110826
153|3.296630,-4.241914,-0.662978,0.052072,1.212673
154|3.303394,-4.220128,-0.688844,0.056442,1.319788
155|3.310210,-4.197430,-0.714544,0.060994,1.432311
156|3.317081,-4.173817,-0.740068,0.065729,1.550389
157|3.324010,-4.149284,-0.765408,0.070649,1.674178
158|3.330999,-4.123828,-0.790555,0.075754,1.803845
159|3.338052,-4.097443,-0.815501,0.081045,1.939568
160|3.345172,-4.070125,-0.840234,0.086522,2.081536
161|3.352363,-4.041868,-0.864748,0.092187,2.229950
162|3.359626,-4.012669,-0.889030,0.098041,2.385022
163|3.366968,-3.982521,-0.913072,0.104085,2.546980
164|3.374389,-3.951419,-0.936863,0.110320,2.716067
165|3.381896,-3.919358,-0.960392,0.116746,2.892538
166|3.389491,-3.886332,-0.983649,0.123365,3.076668
167|3.397179,-3.852336,-1.006621,0.130178,3.268748
168|3.404965,-3.817362,-1.029298,0.137187,3.469089
169|3.412853,-3.781406,-1.051666,0.144392,3.678022
170|3.420847,-3.744461,-1.073714,0.151794,3.895899
171|3.428954,-3.706520,-1.095428,0.159395,4.123096
172|3.437177,-3.667577,-1.116796,0.167197,4.360017
173|3.445524,-3.627625,-1.137802,0.175200,4.607089
174|3.454000,-3.586657,-1.158433,0.183405,4.864772
175|3.462611,-3.544667,-1.178673,0.191814,5.133556
176|3.471364,-3.501646,-1.198507,0.200429,5.413967
177|3.480266,-3.457589,-1.217918,0.209251,5.706567
178|3.489324,-3.412487,-1.236890,0.218280,6.011960
179|3.498547,-3.366333,-1.255405,0.227519,6.330794
180|3.507942,-3.319121,-1.273444,0.236969,6.663765
181|3.517518,-3.270841,-1.290988,0.246632,7.011620
182|3.527286,-3.221488,-1.308018,0.256508,7.375165
183|3.537254,-3.171054,-1.324513,0.266599,7.755268
184|3.547434,-3.119530,-1.340449,0.276907,8.152864
185|3.557837,-3.066910,-1.355806,0.287432,8.568965
186|3.568475,-3.013187,-1.370558,0.298177,9.004664
187|3.579362,-2.958354,-1.384681,0.309142,9.461142
188|3.590510,-2.902404,-1.398148,0.320329,9.939683
189|3.601936,-2.845330,-1.410932,0.331739,10.441677
190|3.613655,-2.787127,-1.423004,0.343373,10.968637
191|3.625684,-2.727788,-1.434333,0.355232,11.522207
192|3.638043,-2.667309,-1.444888,0.367317,12.104180
193|3.650751,-2.605686,-1.454635,0.379628,12.716512
194|3.663829,-2.542915,-1.463538,0.392166,13.361340
195|3.677302,-2.478993,-1.471561,0.404932,14.041004
196|3.691195,-2.413919,-1.478665,0.417926,14.758067
197|3.705534,-2.347693,-1.484808,0.431147,15.515345
198|3.720351,-2.280317,-1.489948,0.444595,16.315931
199|3.735676,-2.211794,-1.494037,0.458269,17.163232
200|3.751547,-2.142130,-1.497029,0.472169,18.061009
201|3.768001,-2.071332,-1.498873,0.486291,19.013411
202|3.785080,-1.999412,-1.499515,0.500635,20.025032
203|3.802830,-1.926384,-1.498899,0.515197,21.100962
204|3.821302,-1.852267,-1.496967,0.529973,22.246847
205|3.840551,-1.777083,-1.493655,0.544959,23.468965
206|3.860638,-1.700861,-1.488900,0.560150,24.774296
207|3.881629,-1.623636,-1.482633,0.575537,26.170619
208|3.903598,-1.545448,-1.474783,0.591114,27.666606
209|3.926625,-1.466346,-1.465275,0.606871,29.271934
210|3.950800,-1.386391,-1.454033,0.622796,30.997406
211|3.976221,-1.305651,-1.440978,0.638876,32.855079
212|4.002995,-1.224208,-1.426026,0.655095,34.858410
213|4.031242,-1.142157,-1.409097,0.671436,37.022395
214|4.061092,-1.059611,-1.390104,0.687876,39.363715
215|4.092688,-0.976699,-1.368966,0.704391,41.900870
216|4.126188,-0.893570,-1.345601,0.720954,44.654285
217|4.161762,-0.810396,-1.319931,0.737531,47.646369
218|4.199594,-0.727375,-1.291885,0.754086,50.901498
219|4.239883,-0.644731,-1.261401,0.770576,54.445868
220|4.282838,-0.562715,-1.228429,0.786954,58.307170
221|4.328681,-0.481611,-1.192938,0.803165,62.514004
222|4.377635,-0.401733,-1.154917,0.819152,67.094944
223|4.429925,-0.323422,-1.114387,0.834847,72.077148
224|4.485766,-0.247047,-1.071398,0.850180,77.484416
225|4.545352,-0.172999,-1.026043,0.865074,83.334627
226|4.608843,-0.101679,-0.978459,0.879449,89.636547
227|4.676348,-0.033490,-0.928832,0.893224,96.386145
228|4.747909,0.031179,-0.877395,0.843959,96.437300
229|4.823485,0.091970,-0.824432,0.734709,88.874767
230|4.902940,0.148577,-0.770263,0.632998,80.990050
231|4.986040,0.200761,-0.715235,0.539250,72.870524
232|5.072453,0.248365,-0.659709,0.453736,64.625501
233|5.161770,0.291321,-0.604034,0.376569,56.381934
234|5.253524,0.329653,-0.548532,0.307701,48.277826
235|5.347222,0.363469,-0.493480,0.246934,40.454283
236|5.442375,0.392943,-0.439095,0.193955,33.047474
237|5.538528,0.418298,-0.385531,0.148361,26.181737
238|5.635280,0.439787,-0.332876,0.109704,19.964702
239|5.732297,0.457669,-0.281159,0.077521,14.484711
240|5.829316,0.472196,-0.230354,0.051363,9.810334
241|5.926142,0.483598,-0.180397,0.030821,5.991452
242|6.022640,0.492075,-0.131190,0.015539,3.061263
243|6.118728,0.497792,-0.082612,0.005225,1.038647
244|6.214361,0.500875,-0.034527,0.000348,0.069548
245|0.026336,0.501410,0.013208,0.001333,0.266568
  1|0.000000,0.500000,0.000000,0.000000,0.000000
  2|0.075749,0.500000,0.037947,0.000638,0.127450
  3|0.151235,0.497602,0.075834,0.004947,0.984384
  4|0.226083,0.493622,0.113540,0.012098,2.392224
  5|0.299936,0.488093,0.150951,0.022029,4.318324
  6|0.372473,0.481066,0.187958,0.034650,6.718866
  7|0.443406,0.472604,0.224463,0.049851,9.541607
  8|0.512496,0.462781,0.260379,0.067499,12.728885
  9|0.579547,0.451677,0.295632,0.087449,16.220587
 10|0.644411,0.439379,0.330159,0.109548,19.956807
 11|0.706986,0.425976,0.363912,0.133635,23.880050
 12|0.767207,0.411559,0.396851,0.159550,27.936878
 13|0.825048,0.396216,0.428951,0.187132,32.079014
 14|0.880513,0.380034,0.460194,0.216228,36.263947
 15|0.933631,0.363095,0.490571,0.246688,40.455114
 16|0.984452,0.345477,0.520081,0.278373,44.621783
 17|1.033040,0.327254,0.548729,0.311149,48.738700
 18|1.079471,0.308493,0.576524,0.344895,52.785599
 19|1.123831,0.289259,0.603481,0.379496,56.746653
 20|1.166209,0.269608,0.629615,0.414848,60.609885
 21|1.206696,0.249594,0.654947,0.450856,64.366608
 22|1.245386,0.229266,0.679498,0.487433,68.010893
 23|1.282371,0.208665,0.703290,0.524500,71.539093
 24|1.317739,0.187834,0.726346,0.561984,74.949419
 25|1.351579,0.166806,0.748689,0.599822,78.241571
 26|1.383974,0.145615,0.770344,0.637954,81.416429
 27|1.415005,0.124290,0.791334,0.676330,84.475784
 28|1.444748,0.102856,0.811683,0.714900,87.422123
 29|1.473275,0.081338,0.831412,0.753624,90.258447
 30|1.500655,0.059757,0.850544,0.792462,92.988123
 31|1.526951,0.038130,0.869101,0.831381,95.614765
 32|1.552226,0.016476,0.887104,0.870350,98.142141
 33|1.576535,-0.005191,0.904573,0.898960,99.425907
 34|1.599931,-0.026856,0.921527,0.894618,97.085516
 35|1.622466,-0.048509,0.937986,0.890280,94.832853
 36|1.644186,-0.070137,0.953967,0.885946,92.664147
 37|1.665134,-0.091731,0.969487,0.881619,90.575716
 38|1.685352,-0.113283,0.984564,0.877300,88.563984
 39|1.704878,-0.134785,0.999212,0.872991,86.625497
 40|1.723749,-0.156230,1.013447,0.868694,84.756931
 41|1.741998,-0.177611,1.027284,0.864409,82.955095
 42|1.759656,-0.198924,1.040737,0.860138,81.216933
 43|1.776754,-0.220164,1.053818,0.855881,79.539530
 44|1.793319,-0.241326,1.066540,0.851640,77.920104
 45|1.809377,-0.262406,1.078916,0.847415,76.356006
 46|1.824952,-0.283402,1.090957,0.843208,74.844715
 47|1.840068,-0.304310,1.102674,0.839017,73.383838
 48|1.854746,-0.325127,1.114078,0.834845,71.971101
 49|1.869006,-0.345853,1.125179,0.830691,70.604344
 50|1.882867,-0.366484,1.135987,0.826556,69.281518
 51|1.896348,-0.387018,1.146510,0.822440,68.000681
 52|1.909465,-0.407456,1.156758,0.818343,66.759990
 53|1.922234,-0.427795,1.166739,0.814267,65.557695
 54|1.934670,-0.448034,1.176462,0.810210,64.392140
 55|1.946787,-0.468172,1.185934,0.806173,63.261752
 56|1.958598,-0.488210,1.195163,0.802157,62.165039
 57|1.970117,-0.508145,1.204155,0.798161,61.100585
 58|1.981356,-0.527979,1.212919,0.794185,60.067049
 59|1.992324,-0.547711,1.221459,0.790230,59.063156
 60|2.003034,-0.567339,1.229784,0.786295,58.087694
 61|2.013496,-0.586866,1.237898,0.782381,57.139516
 62|2.023718,-0.606290,1.245807,0.778487,56.217529
 63|2.033711,-0.625611,1.253518,0.774614,55.320695
 64|2.043482,-0.644830,1.261036,0.770762,54.448029
 65|2.053040,-0.663947,1.268365,0.766930,53.598592
 66|2.062394,-0.682962,1.275512,0.763118,52.771492
 67|2.071549,-0.701876,1.282479,0.759326,51.965879
 68|2.080514,-0.720688,1.289274,0.755555,51.180946
 69|2.089295,-0.739400,1.295898,0.751804,50.415921
 70|2.097898,-0.758012,1.302358,0.748074,49.670072
 71|2.106330,-0.776524,1.308657,0.744363,48.942697
 72|2.114596,-0.794936,1.314800,0.740672,48.233132
 73|2.122702,-0.813250,1.320789,0.737001,47.540738
 74|2.130654,-0.831466,1.326629,0.733349,46.864909
 75|2.138456,-0.849585,1.332323,0.729718,46.205064
 76|2.146113,-0.867606,1.337876,0.726105,45.560651
 77|2.153630,-0.885531,1.343289,0.722512,44.931139
 78|2.161011,-0.903361,1.348567,0.718938,44.316022
 79|2.168261,-0.921095,1.353712,0.715384,43.714818
 80|2.175384,-0.938735,1.358728,0.711848,43.127062
 81|2.182383,-0.956281,1.363617,0.708331,42.552312
 82|2.189262,-0.973734,1.368383,0.704833,41.990144
 83|2.196025,-0.991095,1.373028,0.701353,41.440151
 84|2.202675,-1.008364,1.377554,0.697892,40.901944
 85|2.209215,-1.025542,1.381965,0.694449,40.375150
 86|2.215650,-1.042629,1.386263,0.691024,39.859411
 87|2.221981,-1.059627,1.390450,0.687617,39.354383
 88|2.228211,-1.076536,1.394528,0.684228,38.859738
 89|2.234345,-1.093356,1.398500,0.680857,38.375160
 90|2.240383,-1.110089,1.402368,0.677504,37.900343
 91|2.246329,-1.126734,1.406135,0.674168,37.434997
 92|2.252185,-1.143294,1.409801,0.670849,36.978842
 93|2.257954,-1.159767,1.413370,0.667547,36.531607
 94|2.263638,-1.176156,1.416843,0.664263,36.093034
 95|2.269239,-1.192460,1.420222,0.660996,35.662873
 96|2.274759,-1.208681,1.423509,0.657745,35.240884
 97|2.280201,-1.224818,1.426706,0.654511,34.826836
 98|2.285566,-1.240874,1.429814,0.651294,34.420508
 99|2.290857,-1.256847,1.432835,0.648093,34.021684
100|2.296075,-1.272740,1.435772,0.644908,33.630158
101|2.301221,-1.288552,1.438624,0.641739,33.245731
102|2.306299,-1.304284,1.441395,0.638587,32.868212
103|2.311309,-1.319937,1.444085,0.635450,32.497415
104|2.316253,-1.335511,1.446696,0.632330,32.133162
105|2.321133,-1.351008,1.449229,0.629224,31.775280
106|2.325950,-1.366427,1.451687,0.626135,31.423603
107|2.330705,-1.381770,1.454069,0.623061,31.077971
108|2.335401,-1.397036,1.456378,0.620002,30.738228
109|2.340038,-1.412227,1.458615,0.616958,30.404225
110|2.344617,-1.427343,1.460781,0.613930,30.075817
111|2.349141,-1.442385,1.462877,0.610916,29.752864
112|2.353610,-1.457353,1.464905,0.607917,29.435230
113|2.358026,-1.472248,1.466865,0.604933,29.122785
114|2.362389,-1.487070,1.468760,0.601963,28.815401
115|2.366701,-1.501820,1.470589,0.599008,28.512957
116|2.370963,-1.516499,1.472354,0.596068,28.215334
117|2.375176,-1.531106,1.474056,0.593141,27.922417
118|2.379341,-1.545643,1.475697,0.590229,27.634094
119|2.383459,-1.560111,1.477276,0.587331,27.350258
120|2.387531,-1.574508,1.478796,0.584446,27.070804
121|2.391559,-1.588838,1.480257,0.581576,26.795632
122|2.395542,-1.603098,1.481659,0.578719,26.524642
123|2.399481,-1.617291,1.483005,0.575876,26.257741
124|2.403379,-1.631417,1.484295,0.573047,25.994836
125|2.407235,-1.645476,1.485529,0.570231,25.735837
126|2.411050,-1.659469,1.486709,0.567428,25.480658
127|2.414826,-1.673395,1.487836,0.564638,25.229214
128|2.418562,-1.687257,1.488909,0.561862,24.981424
129|2.422260,-1.701053,1.489931,0.559098,24.737208
130|2.425921,-1.714786,1.490902,0.556348,24.496490
131|2.429545,-1.728454,1.491822,0.553610,24.259193
132|2.433132,-1.742059,1.492692,0.550886,24.025247
133|2.436684,-1.755601,1.493514,0.548173,23.794579
134|2.440202,-1.769080,1.494288,0.545474,23.567121
135|2.443685,-1.782498,1.495014,0.542787,23.342807
136|2.447134,-1.795853,1.495693,0.540112,23.121571
137|2.450551,-1.809148,1.496327,0.537449,22.903351
138|2.453935,-1.822382,1.496915,0.534799,22.688085
139|2.457288,-1.835555,1.497458,0.532161,22.475713
140|2.460609,-1.848668,1.497957,0.529535,22.266177
141|2.463900,-1.861722,1.498412,0.526921,22.059421
142|2.467160,-1.874717,1.498825,0.524319,21.855389
143|2.470392,-1.887654,1.499195,0.521728,21.654028
144|2.473594,-1.900532,1.499524,0.519149,21.455286
145|2.476767,-1.913352,1.499811,0.516582,21.259112
146|2.479913,-1.926114,1.500058,0.514027,21.065457
147|2.483031,-1.938820,1.500265,0.511483,20.874272
148|2.486121,-1.951469,1.500433,0.508950,20.685510
149|2.489185,-1.964061,1.500562,0.506429,20.499125
150|2.492223,-1.976598,1.500652,0.503919,20.315074
151|2.495236,-1.989078,1.500704,0.501420,20.133311
152|2.498222,-2.001504,1.500719,0.498932,19.953796
153|2.501184,-2.013875,1.500697,0.496455,19.776486
154|2.504122,-2.026192,1.500639,0.493989,19.601341
155|2.507035,-2.038454,1.500544,0.491534,19.428322
156|2.509924,-2.050662,1.500415,0.489090,19.257391
157|2.512790,-2.062818,1.500250,0.486657,19.088509
158|2.515633,-2.074920,1.500051,0.484234,18.921641
159|2.518454,-2.086969,1.499817,0.481822,18.756751
160|2.521252,-2.098966,1.499550,0.479420,18.593804
161|2.524028,-2.110911,1.499250,0.477029,18.432765
162|2.526783,-2.122804,1.498917,0.474648,18.273602
163|2.529516,-2.134646,1.498551,0.472278,18.116283
164|2.532229,-2.146436,1.498153,0.469917,17.960775
165|2.534921,-2.158176,1.497724,0.467567,17.807047
166|2.537592,-2.169865,1.497264,0.465227,17.655070
167|2.540243,-2.181505,1.496772,0.462898,17.504814
168|2.542875,-2.193094,1.496251,0.460578,17.356249
169|2.545488,-2.204634,1.495699,0.458268,17.209349
170|2.548081,-2.216125,1.495117,0.455968,17.064084
171|2.550655,-2.227566,1.494506,0.453678,16.920429
172|2.553211,-2.238960,1.493866,0.451398,16.778356
173|2.555748,-2.250304,1.493197,0.449127,16.637841
174|2.558268,-2.261601,1.492500,0.446866,16.498857
175|2.560769,-2.272850,1.491775,0.444615,16.361380
176|2.563254,-2.284052,1.491023,0.442373,16.225387
177|2.565720,-2.295206,1.490243,0.440141,16.090852
178|2.568170,-2.306314,1.489435,0.437918,15.957754
179|2.570603,-2.317374,1.488602,0.435704,15.826069
180|2.573019,-2.328389,1.487741,0.433500,15.695776
181|2.575419,-2.339357,1.486855,0.431305,15.566853
182|2.577803,-2.350280,1.485943,0.429119,15.439279
183|2.580171,-2.361157,1.485005,0.426942,15.313032
184|2.582524,-2.371988,1.484042,0.424775,15.188093
185|2.584860,-2.382775,1.483055,0.422617,15.064441
186|2.587182,-2.393516,1.482042,0.420467,14.942057
187|2.589489,-2.404214,1.481005,0.418327,14.820923
188|2.591780,-2.414867,1.479944,0.416195,14.701019
189|2.594057,-2.425476,1.478859,0.414072,14.582326
190|2.596320,-2.436041,1.477751,0.411958,14.464828
191|2.598568,-2.446562,1.476619,0.409853,14.348506
192|2.600802,-2.457040,1.475464,0.407756,14.233343
193|2.603022,-2.467476,1.474287,0.405668,14.119323
194|2.605229,-2.477868,1.473086,0.403589,14.006428
195|2.607422,-2.488218,1.471864,0.401519,13.894642
196|2.609601,-2.498525,1.470619,0.399456,13.783950
197|2.611768,-2.508790,1.469353,0.397403,13.674336
198|2.613921,-2.519013,1.468065,0.395357,13.565785
199|2.616062,-2.529195,1.466755,0.393320,13.458280
200|2.618189,-2.539335,1.465424,0.391292,13.351809
201|2.620304,-2.549434,1.464073,0.389271,13.246356
202|2.622407,-2.559492,1.462700,0.387259,13.141907
203|2.624498,-2.569509,1.461308,0.385255,13.038448
204|2.626576,-2.579485,1.459895,0.383260,12.935966
205|2.628642,-2.589421,1.458461,0.381272,12.834447
206|2.630697,-2.599317,1.457008,0.379293,12.733879
207|2.632740,-2.609173,1.455536,0.377321,12.634247
208|2.634771,-2.618989,1.454043,0.375357,12.535540
209|2.636792,-2.628765,1.452532,0.373402,12.437745
210|2.638800,-2.638502,1.451001,0.371454,12.340850
211|2.640798,-2.648200,1.449452,0.369514,12.244842
212|2.642785,-2.657859,1.447884,0.367582,12.149711
213|2.644761,-2.667479,1.446297,0.365658,12.055445
214|2.646726,-2.677061,1.444692,0.363742,11.962031
215|2.648680,-2.686604,1.443069,0.361833,11.869460
216|2.650624,-2.696109,1.441428,0.359932,11.777720
217|2.652558,-2.705576,1.439770,0.358038,11.686800
218|2.654481,-2.715005,1.438093,0.356153,11.596691
219|2.656395,-2.724397,1.436399,0.354274,11.507380
220|2.658298,-2.733751,1.434688,0.352404,11.418859
221|2.660191,-2.743067,1.432960,0.350540,11.331118
222|2.662075,-2.752347,1.431215,0.348684,11.244146
223|2.663949,-2.761590,1.429453,0.346836,11.157933
224|2.665813,-2.770796,1.427675,0.344995,11.072471
225|2.667668,-2.779965,1.425880,0.343161,10.987750
226|2.669514,-2.789098,1.424069,0.341335,10.903761
227|2.671350,-2.798195,1.422242,0.339516,10.820494
228|2.673177,-2.807256,1.420399,0.337704,10.737942
229|2.674995,-2.816281,1.418540,0.335899,10.656094
230|2.676804,-2.825270,1.416665,0.334102,10.574943
231|2.678605,-2.834223,1.414775,0.332311,10.494481
232|2.680396,-2.843142,1.412870,0.330528,10.414698
233|2.682179,-2.852025,1.410949,0.328752,10.335586
234|2.683954,-2.860873,1.409013,0.326983,10.257139
235|2.685720,-2.869686,1.407062,0.325221,10.179347
236|2.687477,-2.878464,1.405097,0.323465,10.102203
237|2.689226,-2.887208,1.403116,0.321717,10.025700
238|2.690967,-2.895917,1.401122,0.319976,9.949830
239|2.692700,-2.904592,1.399113,0.318241,9.874585
240|2.694425,-2.913233,1.397089,0.316514,9.799958
241|2.696142,-2.921840,1.395052,0.314793,9.725942
242|2.697851,-2.930413,1.393000,0.313079,9.652531
243|2.699552,-2.938952,1.390935,0.311372,9.579716
244|2.701246,-2.947458,1.388855,0.309671,9.507492
245|2.702932,-2.955931,1.386762,0.307978,9.435851
246|2.704610,-2.964370,1.384656,0.306290,9.364787
247|2.706281,-2.972776,1.382536,0.304610,9.294294
248|2.707944,-2.981149,1.380403,0.302936,9.224365
249|2.709601,-2.989490,1.378257,0.301269,9.154993
250|2.711250,-2.997797,1.376098,0.299608,9.086173
251|2.712891,-3.006073,1.373926,0.297954,9.017899
252|2.714526,-3.014315,1.371741,0.296306,8.950164
253|2.716154,-3.022526,1.369543,0.294665,8.882962
254|2.717774,-3.030705,1.367333,0.293030,8.816288
255|2.719388,-3.038851,1.365111,0.291402,8.750136
256|2.720995,-3.046966,1.362876,0.289780,8.684500
257|2.722595,-3.055049,1.360628,0.288164,8.619375
258|2.724189,-3.063100,1.358369,0.286555,8.554755
259|2.725776,-3.071120,1.356098,0.284952,8.490635
260|2.727356,-3.079108,1.353814,0.283355,8.427010
261|2.728930,-3.087066,1.351519,0.281765,8.363873
262|2.730497,-3.094992,1.349212,0.280181,8.301221
263|2.732058,-3.102887,1.346894,0.278603,8.239047
264|2.733613,-3.110752,1.344563,0.277031,8.177347
265|2.735162,-3.118586,1.342222,0.275465,8.116117
266|2.736704,-3.126389,1.339869,0.273906,8.055350
267|2.738240,-3.134162,1.337505,0.272352,7.995043
268|2.739770,-3.141904,1.335130,0.270805,7.935190
269|2.741295,-3.149616,1.332743,0.269264,7.875787
270|2.742813,-3.157298,1.330346,0.267729,7.816829
271|2.744325,-3.164951,1.327938,0.266199,7.758312
272|2.745831,-3.172573,1.325519,0.264676,7.700231
273|2.747332,-3.180165,1.323089,0.263159,7.642583
274|2.748827,-3.187728,1.320649,0.261648,7.585361
275|2.750316,-3.195262,1.318198,0.260142,7.528563
276|2.751800,-3.202766,1.315737,0.258643,7.472184
277|2.753278,-3.210240,1.313266,0.257149,7.416220
278|2.754750,-3.217686,1.310784,0.255662,7.360666
279|2.756217,-3.225102,1.308292,0.254180,7.305519
280|2.757679,-3.232490,1.305790,0.252704,7.250775
281|2.759135,-3.239848,1.303278,0.251233,7.196430
282|2.760586,-3.247178,1.300756,0.249769,7.142479
283|2.762032,-3.254480,1.298224,0.248310,7.088920
284|2.763472,-3.261752,1.295682,0.246857,7.035747
285|2.764907,-3.268997,1.293131,0.245410,6.982958
286|2.766337,-3.276213,1.290570,0.243968,6.930550
287|2.767762,-3.283400,1.288000,0.242532,6.878517
288|2.769182,-3.290560,1.285420,0.241101,6.826857
289|2.770597,-3.297691,1.282831,0.239677,6.775566
290|2.772007,-3.304795,1.280232,0.238258,6.724640
291|2.773412,-3.311871,1.277624,0.236844,6.674077
292|2.774813,-3.318919,1.275007,0.235436,6.623873
293|2.776208,-3.325940,1.272381,0.234033,6.574024
294|2.777599,-3.332933,1.269746,0.232637,6.524527
295|2.778984,-3.339898,1.267102,0.231245,6.475379
296|2.780366,-3.346836,1.264450,0.229859,6.426577
297|2.781742,-3.353747,1.261788,0.228479,6.378118
298|2.783114,-3.360631,1.259117,0.227104,6.329997
299|2.784481,-3.367488,1.256438,0.225734,6.282213
300|2.785844,-3.374318,1.253751,0.224370,6.234763
301|2.787202,-3.381121,1.251055,0.223011,6.187642
302|2.788556,-3.387897,1.248350,0.221657,6.140849
303|2.789906,-3.394647,1.245637,0.220309,6.094380
304|2.791251,-3.401370,1.242915,0.218966,6.048232
305|2.792591,-3.408066,1.240186,0.217629,6.002403
306|2.793928,-3.414737,1.237448,0.216297,5.956890
307|2.795260,-3.421380,1.234702,0.214970,5.911689
308|2.796588,-3.427998,1.231948,0.213648,5.866799
309|2.797911,-3.434589,1.229186,0.212332,5.822216
310|2.799231,-3.441155,1.226415,0.211020,5.777939
311|2.800546,-3.447694,1.223637,0.209714,5.733963
312|2.801857,-3.454208,1.220852,0.208414,5.690286
313|2.803165,-3.460695,1.218058,0.207118,5.646907
314|2.804468,-3.467157,1.215257,0.205828,5.603822
315|2.805767,-3.473594,1.212448,0.204542,5.561029
316|2.807062,-3.480005,1.209631,0.203262,5.518525
317|2.808354,-3.486390,1.206807,0.201987,5.476309
318|2.809641,-3.492750,1.203975,0.200717,5.434376
319|2.810925,-3.499085,1.201136,0.199452,5.392726
320|2.812204,-3.505394,1.198290,0.198192,5.351356
321|2.813480,-3.511679,1.195436,0.196937,5.310263
322|2.814752,-3.517938,1.192575,0.195687,5.269445
323|2.816021,-3.524172,1.189706,0.194443,5.228899
324|2.817286,-3.530381,1.186831,0.193203,5.188625
325|2.818547,-3.536566,1.183948,0.191968,5.148618
326|2.819804,-3.542726,1.181059,0.190738,5.108878
327|2.821058,-3.548861,1.178162,0.189513,5.069401
328|2.822308,-3.554971,1.175258,0.188293,5.030187
329|2.823555,-3.561057,1.172348,0.187078,4.991232
330|2.824798,-3.567119,1.169430,0.185868,4.952534
331|2.826037,-3.573156,1.166506,0.184663,4.914092
332|2.827273,-3.579169,1.163575,0.183462,4.875904
333|2.828506,-3.585157,1.160638,0.182267,4.837966
334|2.829735,-3.591122,1.157693,0.181076,4.800279
335|2.830961,-3.597062,1.154742,0.179890,4.762838
336|2.832184,-3.602978,1.151785,0.178709,4.725643
337|2.833403,-3.608871,1.148821,0.177533,4.688692
338|2.834619,-3.614739,1.145850,0.176361,4.651982
339|2.835832,-3.620584,1.142873,0.175195,4.615512
340|2.837041,-3.626405,1.139890,0.174033,4.579280
341|2.838247,-3.632202,1.136901,0.172875,4.543284
342|2.839450,-3.637976,1.133905,0.171723,4.507522
343|2.840650,-3.643726,1.130903,0.170575,4.471992
344|2.841846,-3.649453,1.127894,0.169432,4.436693
345|2.843040,-3.655156,1.124880,0.168294,4.401623
346|2.844230,-3.660836,1.121859,0.167160,4.366780
347|2.845417,-3.666493,1.118833,0.166031,4.332162
348|2.846601,-3.672126,1.115800,0.164907,4.297768
349|2.847783,-3.677736,1.112761,0.163787,4.263596
350|2.848961,-3.683324,1.109717,0.162672,4.229644
351|2.850136,-3.688888,1.106666,0.161561,4.195912
352|2.851308,-3.694429,1.103610,0.160456,4.162396
353|2.852477,-3.699948,1.100548,0.159354,4.129095
354|2.853644,-3.705443,1.097480,0.158258,4.096009
355|2.854807,-3.710916,1.094406,0.157165,4.063134
356|2.855968,-3.716366,1.091327,0.156078,4.030471
357|2.857126,-3.721794,1.088242,0.154995,3.998016
358|2.858280,-3.727199,1.085151,0.153916,3.965770
359|2.859433,-3.732581,1.082055,0.152842,3.933729
360|2.860582,-3.737941,1.078953,0.151772,3.901893
361|2.861728,-3.743278,1.075846,0.150707,3.870261
362|2.862872,-3.748594,1.072733,0.149647,3.838830
363|2.864013,-3.753887,1.069615,0.148591,3.807600
364|2.865152,-3.759157,1.066492,0.147539,3.776568
365|2.866287,-3.764406,1.063363,0.146492,3.745734
366|2.867420,-3.769632,1.060228,0.145449,3.715096
367|2.868551,-3.774837,1.057089,0.144411,3.684652
368|2.869679,-3.780019,1.053944,0.143377,3.654403
369|2.870804,-3.785180,1.050795,0.142347,3.624345
370|2.871926,-3.790318,1.047639,0.141322,3.594477
371|2.873046,-3.795435,1.044479,0.140301,3.564799
372|2.874164,-3.800530,1.041314,0.139285,3.535310
373|2.875279,-3.805603,1.038144,0.138273,3.506007
374|2.876391,-3.810655,1.034968,0.137265,3.476889
375|2.877501,-3.815685,1.031788,0.136261,3.447956
376|2.878609,-3.820693,1.028603,0.135262,3.419205
377|2.879714,-3.825680,1.025413,0.134267,3.390637
378|2.880817,-3.830646,1.022217,0.133277,3.362248
379|2.881917,-3.835590,1.019017,0.132291,3.334040
380|2.883015,-3.840513,1.015813,0.131309,3.306009
381|2.884110,-3.845414,1.012603,0.130331,3.278155
382|2.885204,-3.850294,1.009389,0.129358,3.250477
383|2.886294,-3.855153,1.006170,0.128389,3.222974
384|2.887383,-3.859991,1.002946,0.127424,3.195644
385|2.888469,-3.864808,0.999717,0.126463,3.168486
386|2.889553,-3.869604,0.996484,0.125506,3.141499
387|2.890634,-3.874378,0.993247,0.124554,3.114683
388|2.891714,-3.879132,0.990004,0.123606,3.088036
389|2.892791,-3.883865,0.986758,0.122662,3.061556
390|2.893866,-3.888577,0.983506,0.121722,3.035243
391|2.894939,-3.893268,0.980251,0.120787,3.009096
392|2.896009,-3.897939,0.976990,0.119855,2.983114
393|2.897077,-3.902589,0.973726,0.118928,2.957295
394|2.898144,-3.907218,0.970457,0.118005,2.931639
395|2.899208,-3.911826,0.967183,0.117086,2.906144
396|2.900270,-3.916414,0.963905,0.116171,2.880810
397|2.901329,-3.920982,0.960623,0.115260,2.855636
398|2.902387,-3.925529,0.957337,0.114354,2.830620
399|2.903443,-3.930055,0.954047,0.113451,2.805762
400|2.904497,-3.934561,0.950752,0.112553,2.781060
401|2.905548,-3.939047,0.947453,0.111658,2.756514
402|2.906598,-3.943513,0.944150,0.110768,2.732123
403|2.907645,-3.947958,0.940842,0.109882,2.707885
404|2.908691,-3.952383,0.937531,0.108999,2.683800
405|2.909734,-3.956788,0.934215,0.108121,2.659868
406|2.910776,-3.961173,0.930896,0.107247,2.636086
407|2.911815,-3.965537,0.927572,0.106377,2.612454
408|2.912853,-3.969882,0.924245,0.105511,2.588971
409|2.913889,-3.974207,0.920913,0.104649,2.565637
410|2.914923,-3.978511,0.917578,0.103790,2.542450
411|2.915955,-3.982796,0.914238,0.102936,2.519410
412|2.916985,-3.987061,0.910895,0.102086,2.496515
413|2.918013,-3.991306,0.907548,0.101240,2.473766
414|2.919039,-3.995531,0.904197,0.100398,2.451160
415|2.920064,-3.999737,0.900842,0.099559,2.428697
416|2.921086,-4.003923,0.897483,0.098725,2.406377
417|2.922107,-4.008089,0.894121,0.097895,2.384198
418|2.923126,-4.012235,0.890755,0.097068,2.362160
419|2.924144,-4.016362,0.887385,0.096246,2.340262
420|2.925159,-4.020470,0.884011,0.095427,2.318503
421|2.926173,-4.024558,0.880634,0.094612,2.296882
422|2.927185,-4.028626,0.877253,0.093802,2.275399
423|2.928195,-4.032675,0.873869,0.092995,2.254052
424|2.929204,-4.036705,0.870480,0.092192,2.232842
425|2.930210,-4.040715,0.867089,0.091393,2.211767
426|2.931215,-4.044706,0.863694,0.090597,2.190826
427|2.932219,-4.048677,0.860295,0.089806,2.170019
428|2.933221,-4.052630,0.856892,0.089018,2.149345
429|2.934221,-4.056563,0.853487,0.088235,2.128804
430|2.935219,-4.060477,0.850077,0.087455,2.108394
431|2.936216,-4.064371,0.846665,0.086679,2.088114
432|2.937211,-4.068247,0.843248,0.085906,2.067965
433|2.938205,-4.072104,0.839829,0.085138,2.047946
434|2.939197,-4.075941,0.836406,0.084373,2.028055
435|2.940187,-4.079760,0.832980,0.083613,2.008293
436|2.941176,-4.083559,0.829550,0.082856,1.988657
437|2.942163,-4.087340,0.826117,0.082103,1.969149
438|2.943149,-4.091102,0.822681,0.081353,1.949766
439|2.944133,-4.094845,0.819242,0.080608,1.930509
440|2.945116,-4.098569,0.815799,0.079866,1.911377
441|2.946097,-4.102274,0.812353,0.079128,1.892369
442|2.947076,-4.105961,0.808904,0.078393,1.873484
443|2.948054,-4.109628,0.805452,0.077663,1.854723
444|2.949031,-4.113277,0.801996,0.076936,1.836083
445|2.950006,-4.116908,0.798538,0.076213,1.817565
446|2.950980,-4.120520,0.795076,0.075493,1.799168
447|2.951952,-4.124113,0.791611,0.074778,1.780892
448|2.952923,-4.127687,0.788143,0.074066,1.762735
449|2.953892,-4.131243,0.784672,0.073358,1.744697
450|2.954860,-4.134781,0.781198,0.072653,1.726778
451|2.955827,-4.138300,0.777721,0.071952,1.708977
452|2.956792,-4.141801,0.774241,0.071255,1.691293
453|2.957756,-4.145283,0.770758,0.070562,1.673726
454|2.958718,-4.148746,0.767272,0.069872,1.656276
455|2.959679,-4.152192,0.763783,0.069186,1.638941
456|2.960639,-4.155619,0.760291,0.068503,1.621721
457|2.961597,-4.159028,0.756797,0.067825,1.604616
458|2.962554,-4.162418,0.753299,0.067150,1.587625
459|2.963510,-4.165790,0.749799,0.066478,1.570748
460|2.964464,-4.169145,0.746295,0.065810,1.553983
461|2.965417,-4.172480,0.742789,0.065146,1.537331
462|2.966369,-4.175798,0.739280,0.064486,1.520791
463|2.967319,-4.179098,0.735768,0.063829,1.504362
464|2.968269,-4.182379,0.732254,0.063176,1.488044
465|2.969217,-4.185643,0.728737,0.062526,1.471837
466|2.970163,-4.188888,0.725216,0.061880,1.455739
467|2.971109,-4.192115,0.721694,0.061238,1.439751
468|2.972053,-4.195325,0.718168,0.060599,1.423871
469|2.972996,-4.198516,0.714640,0.059964,1.408100
470|2.973938,-4.201689,0.711109,0.059332,1.392437
471|2.974878,-4.204845,0.707576,0.058704,1.376881
472|2.975818,-4.207982,0.704040,0.058080,1.361432
473|2.976756,-4.211102,0.700501,0.057459,1.346090
474|2.977693,-4.214204,0.696960,0.056841,1.330854
475|2.978629,-4.217288,0.693416,0.056228,1.315723
476|2.979563,-4.220355,0.689869,0.055617,1.300697
477|2.980497,-4.223403,0.686320,0.055011,1.285776
478|2.981429,-4.226434,0.682769,0.054408,1.270959
479|2.982360,-4.229447,0.679215,0.053808,1.256245
480|2.983290,-4.232443,0.675658,0.053212,1.241635
481|2.984219,-4.235420,0.672099,0.052620,1.227128
482|2.985147,-4.238380,0.668538,0.052031,1.212723
483|2.986074,-4.241323,0.664974,0.051445,1.198420
484|2.987000,-4.244248,0.661408,0.050864,1.184219
485|2.987924,-4.247155,0.657839,0.050285,1.170118
486|2.988848,-4.250045,0.654268,0.049710,1.156119
487|2.989771,-4.252917,0.650694,0.049139,1.142220
488|2.990692,-4.255772,0.647118,0.048571,1.128420
489|2.991612,-4.258609,0.643540,0.048007,1.114721
490|2.992532,-4.261429,0.639959,0.047446,1.101120
491|2.993450,-4.264232,0.636376,0.046889,1.087618
492|2.994367,-4.267017,0.632791,0.046335,1.074214
493|2.995284,-4.269784,0.629204,0.045784,1.060908
494|2.996199,-4.272535,0.625614,0.045237,1.047700
495|2.997113,-4.275268,0.622022,0.044694,1.034589
496|2.998027,-4.277983,0.618427,0.044154,1.021574
497|2.998939,-4.280682,0.614831,0.043617,1.008656
498|2.999850,-4.283363,0.611232,0.043084,0.995834
499|3.000761,-4.286026,0.607631,0.042555,0.983108
500|3.001670,-4.288673,0.604028,0.042028,0.970476
501|3.002579,-4.291302,0.600423,0.041506,0.957940
502|3.003486,-4.293914,0.596816,0.040986,0.945499
503|3.004393,-4.296509,0.593206,0.040471,0.933151
504|3.005299,-4.299087,0.589594,0.039958,0.920898
505|3.006204,-4.301648,0.585981,0.039449,0.908738
506|3.007108,-4.304191,0.582365,0.038944,0.896671
507|3.008011,-4.306717,0.578747,0.038441,0.884697
508|3.008913,-4.309227,0.575127,0.037943,0.872816
509|3.009814,-4.311719,0.571505,0.037447,0.861027
510|3.010714,-4.314194,0.567881,0.036956,0.849329
511|3.011614,-4.316652,0.564254,0.036467,0.837723
512|3.012513,-4.319094,0.560626,0.035982,0.826209
513|3.013410,-4.321518,0.556996,0.035500,0.814785
514|3.014307,-4.323925,0.553364,0.035022,0.803452
515|3.015203,-4.326315,0.549730,0.034547,0.792209
516|3.016099,-4.328689,0.546094,0.034076,0.781056
517|3.016993,-4.331045,0.542456,0.033608,0.769993
518|3.017887,-4.333385,0.538816,0.033143,0.759019
519|3.018780,-4.335707,0.535174,0.032681,0.748134
520|3.019672,-4.338013,0.531531,0.032223,0.737338
521|3.020563,-4.340302,0.527885,0.031769,0.726631
522|3.021454,-4.342574,0.524238,0.031318,0.716011
523|3.022343,-4.344829,0.520588,0.030870,0.705480
524|3.023232,-4.347068,0.516937,0.030425,0.695036
525|3.024120,-4.349289,0.513284,0.029984,0.684679
526|3.025008,-4.351494,0.509629,0.029546,0.674410
527|3.025894,-4.353682,0.505973,0.029112,0.664227
528|3.026780,-4.355854,0.502315,0.028681,0.654131
529|3.027666,-4.358008,0.498654,0.028253,0.644121
530|3.028550,-4.360146,0.494992,0.027828,0.634197
531|3.029434,-4.362268,0.491329,0.027407,0.624359
532|3.030317,-4.364372,0.487663,0.026990,0.614606
533|3.031199,-4.366460,0.483996,0.026575,0.604938
534|3.032081,-4.368532,0.480327,0.026164,0.595356
535|3.032962,-4.370586,0.476657,0.025756,0.585858
536|3.033842,-4.372624,0.472985,0.025352,0.576444
537|3.034722,-4.374646,0.469311,0.024951,0.567115
538|3.035601,-4.376651,0.465635,0.024553,0.557869
539|3.036479,-4.378639,0.461958,0.024158,0.548708
540|3.037356,-4.380611,0.458279,0.023767,0.539629
541|3.038233,-4.382566,0.454599,0.023379,0.530634
542|3.039110,-4.384504,0.450917,0.022995,0.521722
543|3.039985,-4.386426,0.447233,0.022614,0.512893
544|3.040860,-4.388332,0.443548,0.022236,0.504147
545|3.041735,-4.390221,0.439861,0.021861,0.495482
546|3.042609,-4.392094,0.436172,0.021490,0.486900
547|3.043482,-4.393950,0.432482,0.021122,0.478400
548|3.044354,-4.395790,0.428791,0.020757,0.469981
549|3.045226,-4.397613,0.425098,0.020395,0.461644
550|3.046098,-4.399420,0.421403,0.020037,0.453388
551|3.046969,-4.401210,0.417707,0.019682,0.445213
552|3.047839,-4.402984,0.414010,0.019331,0.437119
553|3.048709,-4.404742,0.410311,0.018982,0.429106
554|3.049578,-4.406483,0.406610,0.018637,0.421173
555|3.050446,-4.408208,0.402908,0.018296,0.413320
556|3.051314,-4.409916,0.399205,0.017957,0.405547
557|3.052182,-4.411608,0.395500,0.017622,0.397854
558|3.053049,-4.413284,0.391794,0.017290,0.390241
559|3.053915,-4.414943,0.388087,0.016961,0.382707
560|3.054781,-4.416586,0.384378,0.016636,0.375252
561|3.055646,-4.418213,0.380667,0.016314,0.367877
562|3.056511,-4.419823,0.376955,0.015995,0.360580
563|3.057375,-4.421418,0.373242,0.015679,0.353362
564|3.058239,-4.422995,0.369528,0.015367,0.346223
565|3.059103,-4.424557,0.365812,0.015057,0.339162
566|3.059965,-4.426102,0.362095,0.014752,0.332179
567|3.060828,-4.427632,0.358376,0.014449,0.325274
568|3.061690,-4.429144,0.354657,0.014150,0.318447
569|3.062551,-4.430641,0.350936,0.013853,0.311698
570|3.063412,-4.432121,0.347213,0.013561,0.305026
571|3.064273,-4.433586,0.343490,0.013271,0.298432
572|3.065133,-4.435034,0.339765,0.012984,0.291915
573|3.065992,-4.436465,0.336039,0.012701,0.285475
574|3.066851,-4.437881,0.332312,0.012421,0.279112
575|3.067710,-4.439280,0.328583,0.012145,0.272825
576|3.068569,-4.440663,0.324853,0.011871,0.266615
577|3.069426,-4.442030,0.321122,0.011601,0.260482
578|3.070284,-4.443381,0.317390,0.011334,0.254425
579|3.071141,-4.444716,0.313657,0.011070,0.248444
580|3.071998,-4.446035,0.309922,0.010810,0.242538
581|3.072854,-4.447337,0.306187,0.010552,0.236709
582|3.073710,-4.448623,0.302450,0.010298,0.230956
583|3.074565,-4.449894,0.298712,0.010047,0.225278
584|3.075420,-4.451148,0.294973,0.009800,0.219676
585|3.076275,-4.452386,0.291233,0.009555,0.214149
586|3.077130,-4.453608,0.287492,0.009314,0.208697
587|3.077984,-4.454813,0.283749,0.009076,0.203320
588|3.078837,-4.456003,0.280006,0.008841,0.198018
589|3.079691,-4.457177,0.276261,0.008610,0.192791
590|3.080544,-4.458334,0.272516,0.008381,0.187639
591|3.081396,-4.459476,0.268769,0.008156,0.182561
592|3.082249,-4.460601,0.265022,0.007934,0.177558
593|3.083101,-4.461710,0.261273,0.007716,0.172629
594|3.083952,-4.462804,0.257523,0.007500,0.167774
595|3.084804,-4.463881,0.253773,0.007288,0.162993
596|3.085655,-4.464942,0.250021,0.007079,0.158287
597|3.086505,-4.465987,0.246268,0.006873,0.153654
598|3.087356,-4.467017,0.242515,0.006670,0.149095
599|3.088206,-4.468030,0.238760,0.006471,0.144610
600|3.089056,-4.469027,0.235004,0.006274,0.140199
601|3.089906,-4.470008,0.231248,0.006081,0.135861
602|3.090755,-4.470973,0.227490,0.005891,0.131596
603|3.091604,-4.471922,0.223732,0.005705,0.127405
604|3.092453,-4.472855,0.219973,0.005521,0.123287
605|3.093301,-4.473772,0.216213,0.005341,0.119242
606|3.094150,-4.474673,0.212452,0.005164,0.115270
607|3.094998,-4.475558,0.208690,0.004990,0.111371
608|3.095845,-4.476427,0.204927,0.004819,0.107545
609|3.096693,-4.477280,0.201163,0.004652,0.103791
610|3.097540,-4.478117,0.197399,0.004488,0.100111
611|3.098388,-4.478938,0.193634,0.004326,0.096503
612|3.099234,-4.479744,0.189867,0.004169,0.092967
613|3.100081,-4.480533,0.186100,0.004014,0.089504
614|3.100928,-4.481306,0.182333,0.003862,0.086114
615|3.101774,-4.482063,0.178564,0.003714,0.082796
616|3.102620,-4.482804,0.174795,0.003569,0.079550
617|3.103466,-4.483530,0.171025,0.003427,0.076376
618|3.104312,-4.484239,0.167254,0.003288,0.073274
619|3.105157,-4.484933,0.163482,0.003153,0.070245
620|3.106003,-4.485610,0.159710,0.003020,0.067287
621|3.106848,-4.486271,0.155937,0.002891,0.064401
622|3.107693,-4.486917,0.152163,0.002765,0.061587
623|3.108538,-4.487547,0.148388,0.002642,0.058845
624|3.109383,-4.488160,0.144613,0.002523,0.056175
625|3.110227,-4.488758,0.140837,0.002406,0.053577
626|3.111072,-4.489340,0.137061,0.002293,0.051050
627|3.111916,-4.489905,0.133283,0.002183,0.048594
628|3.112761,-4.490455,0.129505,0.002076,0.046211
629|3.113605,-4.490989,0.125727,0.001972,0.043899
630|3.114449,-4.491507,0.121947,0.001872,0.041658
631|3.115293,-4.492009,0.118168,0.001775,0.039489
632|3.116136,-4.492495,0.114387,0.001680,0.037391
633|3.116980,-4.492965,0.110606,0.001589,0.035364
634|3.117824,-4.493420,0.106824,0.001502,0.033409
635|3.118667,-4.493858,0.103042,0.001417,0.031525
636|3.119511,-4.494280,0.099259,0.001336,0.029712
637|3.120354,-4.494687,0.095476,0.001258,0.027971
638|3.121197,-4.495077,0.091692,0.001183,0.026300
639|3.122040,-4.495451,0.087907,0.001111,0.024701
640|3.122884,-4.495810,0.084122,0.001042,0.023173
641|3.123727,-4.496153,0.080337,0.000977,0.021716
642|3.124570,-4.496479,0.076551,0.000914,0.020331
643|3.125413,-4.496790,0.072764,0.000855,0.019016
644|3.126256,-4.497085,0.068977,0.000799,0.017772
645|3.127099,-4.497363,0.065189,0.000747,0.016600
646|3.127942,-4.497626,0.061401,0.000697,0.015498
647|3.128784,-4.497873,0.057613,0.000651,0.014467
648|3.129627,-4.498104,0.053824,0.000608,0.013508
649|3.130470,-4.498319,0.050034,0.000568,0.012619
650|3.131313,-4.498518,0.046244,0.000531,0.011801
651|3.132156,-4.498701,0.042454,0.000497,0.011055
652|3.132999,-4.498868,0.038663,0.000467,0.010379
653|3.133842,-4.499020,0.034872,0.000440,0.009774
654|3.134685,-4.499155,0.031081,0.000416,0.009241
655|3.135528,-4.499274,0.027289,0.000395,0.008778
656|3.136371,-4.499377,0.023497,0.000377,0.008386
657|3.137214,-4.499465,0.019704,0.000363,0.008065
658|3.138057,-4.499536,0.015911,0.000352,0.007815
659|3.138900,-4.499591,0.012118,0.000344,0.007636
660|3.139743,-4.499630,0.008324,0.000339,0.007528
661|3.140586,-4.499654,0.004530,0.000337,0.007491
662|3.141429,-4.499661,0.000736,0.000339,0.007526
663|3.142272,-4.499652,-0.003059,0.000343,0.007631
664|3.143116,-4.499628,-0.006854,0.000351,0.007807
665|3.143959,-4.499587,-0.010649,0.000362,0.008054
666|3.144803,-4.499530,-0.014444,0.000377,0.008373
667|3.145646,-4.499458,-0.018240,0.000394,0.008762
668|3.146490,-4.499369,-0.022036,0.000415,0.009223
669|3.147334,-4.499264,-0.025832,0.000439,0.009755
670|3.148178,-4.499144,-0.029629,0.000466,0.010358
671|3.149022,-4.499007,-0.033425,0.000496,0.011032
672|3.149866,-4.498854,-0.037222,0.000530,0.011778
673|3.150710,-4.498685,-0.041019,0.000567,0.012595
674|3.151555,-4.498500,-0.044816,0.000607,0.013483
675|3.152399,-4.498299,-0.048614,0.000650,0.014443
676|3.153244,-4.498082,-0.052411,0.000696,0.015474
677|3.154089,-4.497849,-0.056209,0.000746,0.016576
678|3.154934,-4.497600,-0.060007,0.000798,0.017750
679|3.155779,-4.497335,-0.063805,0.000854,0.018996
680|3.156624,-4.497054,-0.067603,0.000914,0.020313
681|3.157470,-4.496756,-0.071401,0.000976,0.021702
682|3.158315,-4.496443,-0.075200,0.001042,0.023162
683|3.159161,-4.496113,-0.078998,0.001111,0.024694
684|3.160007,-4.495768,-0.082797,0.001183,0.026298
685|3.160853,-4.495406,-0.086595,0.001258,0.027974
686|3.161700,-4.495028,-0.090394,0.001336,0.029722
687|3.162546,-4.494634,-0.094193,0.001418,0.031542
688|3.163393,-4.494224,-0.097992,0.001503,0.033433
689|3.164240,-4.493798,-0.101790,0.001591,0.035397
690|3.165087,-4.493355,-0.105589,0.001683,0.037433
691|3.165935,-4.492896,-0.109388,0.001777,0.039541
692|3.166782,-4.492422,-0.113187,0.001875,0.041722
693|3.167630,-4.491931,-0.116986,0.001976,0.043975
694|3.168478,-4.491424,-0.120784,0.002081,0.046300
695|3.169327,-4.490900,-0.124583,0.002188,0.048698
696|3.170175,-4.490361,-0.128382,0.002299,0.051169
697|3.171024,-4.489805,-0.132180,0.002413,0.053712
698|3.171873,-4.489233,-0.135979,0.002530,0.056328
699|3.172723,-4.488645,-0.139778,0.002651,0.059016
700|3.173573,-4.488041,-0.143576,0.002774,0.061778
701|3.174423,-4.487420,-0.147374,0.002901,0.064613
702|3.175273,-4.486783,-0.151173,0.003032,0.067520
703|3.176123,-4.486130,-0.154971,0.003165,0.070501
704|3.176974,-4.485461,-0.158769,0.003302,0.073556
705|3.177825,-4.484775,-0.162566,0.003442,0.076683
706|3.178677,-4.484073,-0.166364,0.003585,0.079884
707|3.179528,-4.483355,-0.170162,0.003731,0.083159
708|3.180381,-4.482621,-0.173959,0.003881,0.086507
709|3.181233,-4.481870,-0.177756,0.004034,0.089929
710|3.182086,-4.481103,-0.181553,0.004190,0.093425
711|3.182939,-4.480319,-0.185350,0.004350,0.096995
712|3.183792,-4.479519,-0.189146,0.004513,0.100639
713|3.184646,-4.478703,-0.192942,0.004679,0.104357
714|3.185500,-4.477871,-0.196738,0.004848,0.108150
715|3.186355,-4.477022,-0.200534,0.005021,0.112017
716|3.187209,-4.476156,-0.204330,0.005196,0.115958
717|3.188065,-4.475275,-0.208125,0.005376,0.119974
718|3.188920,-4.474376,-0.211920,0.005558,0.124065
719|3.189776,-4.473462,-0.215715,0.005744,0.128231
720|3.190633,-4.472531,-0.219509,0.005933,0.132472
721|3.191489,-4.471583,-0.223303,0.006125,0.136788
722|3.192347,-4.470620,-0.227097,0.006320,0.141179
723|3.193204,-4.469639,-0.230890,0.006519,0.145646
724|3.194062,-4.468642,-0.234683,0.006721,0.150188
725|3.194921,-4.467629,-0.238475,0.006927,0.154806
726|3.195779,-4.466599,-0.242268,0.007136,0.159499
727|3.196639,-4.465553,-0.246060,0.007348,0.164269
728|3.197498,-4.464490,-0.249851,0.007563,0.169115
729|3.198359,-4.463411,-0.253642,0.007782,0.174037
730|3.199219,-4.462315,-0.257433,0.008003,0.179035
731|3.200080,-4.461202,-0.261223,0.008229,0.184110
732|3.200942,-4.460073,-0.265012,0.008457,0.189262
733|3.201804,-4.458927,-0.268802,0.008689,0.194490
734|3.202666,-4.457765,-0.272590,0.008924,0.199795
735|3.203529,-4.456586,-0.276379,0.009163,0.205178
736|3.204393,-4.455390,-0.280167,0.009405,0.210638
737|3.205256,-4.454178,-0.283954,0.009650,0.216175
738|3.206121,-4.452949,-0.287741,0.009898,0.221790
739|3.206986,-4.451703,-0.291527,0.010150,0.227483
740|3.207851,-4.450441,-0.295312,0.010405,0.233254
741|3.208717,-4.449162,-0.299098,0.010664,0.239103
742|3.209584,-4.447866,-0.302882,0.010925,0.245030
743|3.210451,-4.446554,-0.306666,0.011191,0.251035
744|3.211318,-4.445225,-0.310449,0.011459,0.257120
745|3.212186,-4.443879,-0.314232,0.011731,0.263283
746|3.213055,-4.442516,-0.318014,0.012006,0.269525
747|3.213924,-4.441136,-0.321796,0.012285,0.275846
748|3.214794,-4.439740,-0.325577,0.012567,0.282247
749|3.215664,-4.438327,-0.329357,0.012852,0.288727
750|3.216535,-4.436897,-0.333136,0.013140,0.295287
751|3.217407,-4.435450,-0.336915,0.013432,0.301927
752|3.218279,-4.433986,-0.340693,0.013728,0.308648
753|3.219151,-4.432505,-0.344471,0.014027,0.315448
754|3.220025,-4.431008,-0.348248,0.014329,0.322329
755|3.220899,-4.429493,-0.352024,0.014634,0.329291
756|3.221773,-4.427962,-0.355799,0.014943,0.336334
757|3.222648,-4.426413,-0.359573,0.015255,0.343458
758|3.223524,-4.424848,-0.363347,0.015571,0.350663
759|3.224400,-4.423265,-0.367120,0.015890,0.357951
760|3.225277,-4.421666,-0.370892,0.016212,0.365319
761|3.226155,-4.420049,-0.374664,0.016538,0.372770
762|3.227033,-4.418416,-0.378434,0.016868,0.380303
763|3.227912,-4.416765,-0.382204,0.017200,0.387919
764|3.228792,-4.415097,-0.385972,0.017536,0.395617
765|3.229672,-4.413413,-0.389740,0.017876,0.403398
766|3.230553,-4.411711,-0.393507,0.018219,0.411263
767|3.231435,-4.409992,-0.397274,0.018565,0.419211
768|3.232317,-4.408255,-0.401039,0.018915,0.427242
769|3.233201,-4.406502,-0.404803,0.019268,0.435357
770|3.234084,-4.404731,-0.408567,0.019625,0.443557
771|3.234969,-4.402943,-0.412329,0.019985,0.451841
772|3.235854,-4.401138,-0.416091,0.020348,0.460209
773|3.236740,-4.399316,-0.419851,0.020715,0.468662
774|3.237627,-4.397476,-0.423611,0.021085,0.477201
775|3.238514,-4.395619,-0.427369,0.021459,0.485825
776|3.239402,-4.393745,-0.431127,0.021837,0.494534
777|3.240291,-4.391854,-0.434883,0.022217,0.503329
778|3.241181,-4.389945,-0.438639,0.022602,0.512211
779|3.242072,-4.388018,-0.442393,0.022989,0.521179
780|3.242963,-4.386075,-0.446147,0.023380,0.530233
781|3.243855,-4.384114,-0.449899,0.023775,0.539375
782|3.244748,-4.382135,-0.453650,0.024173,0.548604
783|3.245641,-4.380139,-0.457400,0.024575,0.557920
784|3.246536,-4.378125,-0.461149,0.024980,0.567324
785|3.247431,-4.376094,-0.464897,0.025388,0.576817
786|3.248327,-4.374046,-0.468643,0.025801,0.586397
787|3.249224,-4.371980,-0.472389,0.026216,0.596067
788|3.250122,-4.369896,-0.476133,0.026635,0.605825
789|3.251021,-4.367795,-0.479876,0.027058,0.615673
790|3.251920,-4.365676,-0.483618,0.027484,0.625610
791|3.252820,-4.363539,-0.487358,0.027914,0.635637
792|3.253722,-4.361385,-0.491098,0.028347,0.645754
793|3.254624,-4.359213,-0.494836,0.028784,0.655962
794|3.255527,-4.357024,-0.498573,0.029224,0.666260
795|3.256431,-4.354816,-0.502308,0.029668,0.676650
796|3.257335,-4.352591,-0.506042,0.030115,0.687131
797|3.258241,-4.350349,-0.509775,0.030566,0.697704
798|3.259148,-4.348088,-0.513507,0.031020,0.708369
799|3.260055,-4.345809,-0.517237,0.031478,0.719127
800|3.260963,-4.343513,-0.520966,0.031940,0.729977
801|3.261873,-4.341199,-0.524693,0.032405,0.740920
802|3.262783,-4.338867,-0.528419,0.032874,0.751957
803|3.263694,-4.336517,-0.532144,0.033346,0.763087
804|3.264607,-4.334149,-0.535867,0.033822,0.774312
805|3.265520,-4.331763,-0.539588,0.034301,0.785631
806|3.266434,-4.329359,-0.543309,0.034784,0.797045
807|3.267349,-4.326937,-0.547027,0.035271,0.808554
808|3.268265,-4.324497,-0.550745,0.035761,0.820159
809|3.269183,-4.322039,-0.554460,0.036255,0.831859
810|3.270101,-4.319562,-0.558175,0.036752,0.843656
811|3.271020,-4.317068,-0.561887,0.037253,0.855550
812|3.271940,-4.314556,-0.565598,0.037758,0.867541
813|3.272861,-4.312025,-0.569308,0.038266,0.879629
814|3.273784,-4.309476,-0.573016,0.038778,0.891815
815|3.274707,-4.306909,-0.576722,0.039294,0.904099
816|3.275631,-4.304323,-0.580427,0.039813,0.916481
817|3.276557,-4.301720,-0.584130,0.040336,0.928963
818|3.277484,-4.299098,-0.587831,0.040863,0.941544
819|3.278411,-4.296457,-0.591531,0.041393,0.954225
820|3.279340,-4.293798,-0.595228,0.041927,0.967006
821|3.280270,-4.291121,-0.598925,0.042464,0.979887
822|3.281201,-4.288426,-0.602619,0.043005,0.992870
823|3.282133,-4.285712,-0.606312,0.043550,1.005954
824|3.283066,-4.282979,-0.610003,0.044099,1.019140
825|3.284000,-4.280228,-0.613692,0.044651,1.032428
826|3.284936,-4.277458,-0.617379,0.045207,1.045819
827|3.285873,-4.274670,-0.621065,0.045767,1.059314
828|3.286810,-4.271863,-0.624748,0.046330,1.072911
829|3.287749,-4.269038,-0.628430,0.046898,1.086613
830|3.288690,-4.266194,-0.632110,0.047468,1.100420
831|3.289631,-4.263331,-0.635788,0.048043,1.114331
832|3.290574,-4.260450,-0.639464,0.048621,1.128348
833|3.291517,-4.257549,-0.643138,0.049203,1.142470
834|3.292463,-4.254630,-0.646810,0.049789,1.156699
835|3.293409,-4.251692,-0.650481,0.050379,1.171035
836|3.294356,-4.248736,-0.654149,0.050972,1.185478
837|3.295305,-4.245760,-0.657815,0.051569,1.200029
838|3.296255,-4.242765,-0.661479,0.052170,1.214688
839|3.297206,-4.239752,-0.665141,0.052775,1.229456
840|3.298159,-4.236719,-0.668801,0.053383,1.244333
841|3.299113,-4.233668,-0.672459,0.053995,1.259320
842|3.300068,-4.230597,-0.676115,0.054611,1.274417
843|3.301024,-4.227508,-0.679769,0.055231,1.289625
844|3.301982,-4.224399,-0.683420,0.055855,1.304944
845|3.302941,-4.221271,-0.687070,0.056482,1.320376
846|3.303902,-4.218124,-0.690717,0.057114,1.335919
847|3.304864,-4.214958,-0.694362,0.057749,1.351575
848|3.305827,-4.211772,-0.698004,0.058388,1.367345
849|3.306791,-4.208568,-0.701645,0.059031,1.383228
850|3.307757,-4.205344,-0.705283,0.059677,1.399227
851|3.308725,-4.202100,-0.708919,0.060328,1.415340
852|3.309693,-4.198837,-0.712552,0.060982,1.431569
853|3.310664,-4.195555,-0.716183,0.061641,1.447913
854|3.311635,-4.192253,-0.719812,0.062303,1.464375
855|3.312608,-4.188932,-0.723439,0.062969,1.480954
856|3.313583,-4.185591,-0.727063,0.063639,1.497651
857|3.314558,-4.182231,-0.730684,0.064312,1.514466
858|3.315536,-4.178851,-0.734303,0.064990,1.531401
859|3.316515,-4.175452,-0.737920,0.065672,1.548455
860|3.317495,-4.172033,-0.741534,0.066357,1.565629
861|3.318477,-4.168594,-0.745146,0.067047,1.582924
862|3.319460,-4.165135,-0.748755,0.067740,1.600341
863|3.320445,-4.161657,-0.752362,0.068438,1.617880
864|3.321431,-4.158159,-0.755966,0.069139,1.635541
865|3.322419,-4.154640,-0.759567,0.069845,1.653326
866|3.323409,-4.151102,-0.763166,0.070554,1.671235
867|3.324400,-4.147545,-0.766762,0.071267,1.689269
868|3.325393,-4.143967,-0.770355,0.071984,1.707428
869|3.326387,-4.140369,-0.773946,0.072706,1.725713
870|3.327383,-4.136751,-0.777534,0.073431,1.744124
871|3.328380,-4.133113,-0.781119,0.074160,1.762663
872|3.329379,-4.129455,-0.784702,0.074893,1.781330
873|3.330380,-4.125776,-0.788281,0.075631,1.800125
874|3.331382,-4.122078,-0.791858,0.076372,1.819050
875|3.332386,-4.118359,-0.795432,0.077117,1.838105
876|3.333392,-4.114620,-0.799003,0.077867,1.857291
877|3.334399,-4.110860,-0.802571,0.078620,1.876608
878|3.335409,-4.107081,-0.806137,0.079378,1.896057
879|3.336419,-4.103280,-0.809699,0.080139,1.915640
880|3.337432,-4.099460,-0.813258,0.080905,1.935355
881|3.338446,-4.095619,-0.816815,0.081675,1.955206
882|3.339462,-4.091757,-0.820368,0.082449,1.975191
883|3.340480,-4.087875,-0.823919,0.083227,1.995313
884|3.341499,-4.083972,-0.827466,0.084009,2.015571
885|3.342521,-4.080048,-0.831010,0.084795,2.035966
886|3.343544,-4.076104,-0.834551,0.085585,2.056500
887|3.344569,-4.072139,-0.838089,0.086380,2.077172
888|3.345596,-4.068153,-0.841624,0.087178,2.097985
889|3.346624,-4.064146,-0.845155,0.087981,2.118938
890|3.347655,-4.060118,-0.848683,0.088788,2.140032
891|3.348687,-4.056070,-0.852208,0.089599,2.161269
892|3.349721,-4.052000,-0.855730,0.090414,2.182649
893|3.350758,-4.047910,-0.859248,0.091234,2.204172
894|3.351796,-4.043798,-0.862763,0.092058,2.225841
895|3.352836,-4.039665,-0.866275,0.092885,2.247655
896|3.353878,-4.035512,-0.869783,0.093718,2.269615
897|3.354921,-4.031336,-0.873288,0.094554,2.291723
898|3.355967,-4.027140,-0.876789,0.095395,2.313979
899|3.357015,-4.022922,-0.880287,0.096239,2.336384
900|3.358065,-4.018683,-0.883781,0.097089,2.358939
901|3.359117,-4.014423,-0.887272,0.097942,2.381644
902|3.360171,-4.010141,-0.890759,0.098800,2.404502
903|3.361226,-4.005838,-0.894243,0.099662,2.427512
904|3.362284,-4.001513,-0.897723,0.100528,2.450677
905|3.363344,-3.997166,-0.901199,0.101398,2.473995
906|3.364407,-3.992798,-0.904672,0.102273,2.497469
907|3.365471,-3.988408,-0.908141,0.103152,2.521100
908|3.366537,-3.983997,-0.911606,0.104036,2.544888
909|3.367606,-3.979563,-0.915067,0.104924,2.568835
910|3.368676,-3.975108,-0.918525,0.105816,2.592941
911|3.369749,-3.970631,-0.921978,0.106713,2.617208
912|3.370824,-3.966132,-0.925428,0.107614,2.641636
913|3.371901,-3.961611,-0.928874,0.108519,2.666226
914|3.372981,-3.957068,-0.932316,0.109429,2.690980
915|3.374062,-3.952502,-0.935754,0.110343,2.715899
916|3.375146,-3.947915,-0.939188,0.111261,2.740983
917|3.376232,-3.943305,-0.942618,0.112184,2.766234
918|3.377320,-3.938673,-0.946043,0.113112,2.791653
919|3.378411,-3.934019,-0.949465,0.114044,2.817241
920|3.379504,-3.929343,-0.952882,0.114980,2.842999
921|3.380600,-3.924644,-0.956296,0.115921,2.868927
922|3.381697,-3.919922,-0.959705,0.116866,2.895028
923|3.382797,-3.915178,-0.963110,0.117816,2.921303
924|3.383900,-3.910412,-0.966510,0.118770,2.947751
925|3.385005,-3.905623,-0.969906,0.119729,2.974376
926|3.386112,-3.900811,-0.973298,0.120692,3.001177
927|3.387221,-3.895976,-0.976686,0.121660,3.028157
928|3.388334,-3.891118,-0.980069,0.122633,3.055315
929|3.389448,-3.886238,-0.983447,0.123610,3.082654
930|3.390565,-3.881335,-0.986821,0.124591,3.110175
931|3.391685,-3.876408,-0.990191,0.125577,3.137878
932|3.392807,-3.871459,-0.993556,0.126568,3.165766
933|3.393932,-3.866487,-0.996916,0.127564,3.193839
934|3.395059,-3.861491,-1.000272,0.128563,3.222099
935|3.396189,-3.856472,-1.003623,0.129568,3.250546
936|3.397322,-3.851430,-1.006969,0.130577,3.279183
937|3.398457,-3.846365,-1.010311,0.131591,3.308011
938|3.399594,-3.841276,-1.013647,0.132610,3.337031
939|3.400735,-3.836164,-1.016979,0.133633,3.366243
940|3.401878,-3.831028,-1.020306,0.134661,3.395651
941|3.403024,-3.825868,-1.023628,0.135694,3.425254
942|3.404172,-3.820685,-1.026945,0.136731,3.455055
943|3.405324,-3.815478,-1.030257,0.137773,3.485055
944|3.406478,-3.810248,-1.033564,0.138820,3.515255
945|3.407634,-3.804993,-1.036866,0.139871,3.545657
946|3.408794,-3.799715,-1.040163,0.140928,3.576261
947|3.409957,-3.794413,-1.043454,0.141989,3.607071
948|3.411122,-3.789086,-1.046741,0.143055,3.638086
949|3.412290,-3.783736,-1.050022,0.144125,3.669309
950|3.413461,-3.778362,-1.053298,0.145201,3.700742
951|3.414635,-3.772963,-1.056568,0.146281,3.732385
952|3.415812,-3.767540,-1.059833,0.147366,3.764240
953|3.416992,-3.762092,-1.063093,0.148456,3.796309
954|3.418175,-3.756620,-1.066347,0.149551,3.828593
955|3.419361,-3.751124,-1.069596,0.150651,3.861094
956|3.420550,-3.745603,-1.072839,0.151756,3.893814
957|3.421742,-3.740057,-1.076076,0.152866,3.926755
958|3.422938,-3.734487,-1.079308,0.153980,3.959917
959|3.424136,-3.728892,-1.082534,0.155100,3.993302
960|3.425337,-3.723272,-1.085754,0.156224,4.026914
961|3.426542,-3.717627,-1.088969,0.157353,4.060752
962|3.427750,-3.711957,-1.092177,0.158488,4.094819
963|3.428960,-3.706262,-1.095380,0.159627,4.129116
964|3.430175,-3.700542,-1.098577,0.160771,4.163646
965|3.431392,-3.694797,-1.101768,0.161921,4.198410
966|3.432613,-3.689027,-1.104952,0.163075,4.233410
967|3.433837,-3.683231,-1.108131,0.164235,4.268648
968|3.435064,-3.677410,-1.111304,0.165399,4.304125
969|3.436295,-3.671563,-1.114470,0.166569,4.339844
970|3.437529,-3.665691,-1.117630,0.167744,4.375807
971|3.438767,-3.659793,-1.120784,0.168924,4.412015
972|3.440008,-3.653869,-1.123931,0.170108,4.448470
973|3.441252,-3.647920,-1.127072,0.171299,4.485175
974|3.442500,-3.641944,-1.130207,0.172494,4.522131
975|3.443751,-3.635943,-1.133335,0.173694,4.559340
976|3.445007,-3.629916,-1.136457,0.174900,4.596805
977|3.446265,-3.623862,-1.139572,0.176111,4.634527
978|3.447527,-3.617782,-1.142680,0.177327,4.672509
979|3.448793,-3.611677,-1.145781,0.178548,4.710753
980|3.450063,-3.605544,-1.148876,0.179775,4.749261
981|3.451336,-3.599386,-1.151964,0.181006,4.788034
982|3.452613,-3.593201,-1.155045,0.182244,4.827076
983|3.453894,-3.586989,-1.158119,0.183486,4.866388
984|3.455178,-3.580750,-1.161186,0.184734,4.905974
985|3.456467,-3.574485,-1.164246,0.185987,4.945834
986|3.457759,-3.568193,-1.167299,0.187245,4.985971
987|3.459055,-3.561874,-1.170344,0.188509,5.026389
988|3.460355,-3.555528,-1.173383,0.189778,5.067088
989|3.461659,-3.549155,-1.176414,0.191052,5.108072
990|3.462967,-3.542755,-1.179437,0.192332,5.149343
991|3.464279,-3.536327,-1.182454,0.193618,5.190903
992|3.465595,-3.529872,-1.185462,0.194909,5.232755
993|3.466915,-3.523390,-1.188464,0.196205,5.274901
994|3.468239,-3.516880,-1.191457,0.197507,5.317344
995|3.469568,-3.510343,-1.194443,0.198814,5.360087
996|3.470900,-3.503778,-1.197421,0.200127,5.403132
997|3.472237,-3.497185,-1.200391,0.201445,5.446482
998|3.473578,-3.490564,-1.203354,0.202769,5.490139
999|3.474924,-3.483915,-1.206308,0.204099,5.534106
1000|3.476273,-3.477238,-1.209255,0.205434,5.578386
1001|3.477627,-3.470533,-1.212193,0.206774,5.622982
1002|3.478986,-3.463800,-1.215123,0.208121,5.667897
1003|3.480349,-3.457038,-1.218045,0.209473,5.713133
1004|3.481716,-3.450248,-1.220959,0.210830,5.758693
1005|3.483088,-3.443430,-1.223865,0.212194,5.804581
1006|3.484464,-3.436582,-1.226761,0.213563,5.850799
1007|3.485846,-3.429706,-1.229650,0.214937,5.897350
1008|3.487231,-3.422802,-1.232530,0.216318,5.944237
1009|3.488622,-3.415868,-1.235401,0.217704,5.991464
1010|3.490017,-3.408905,-1.238263,0.219096,6.039034
1011|3.491417,-3.401913,-1.241117,0.220494,6.086949
1012|3.492821,-3.394892,-1.243962,0.221898,6.135212
1013|3.494231,-3.387842,-1.246797,0.223307,6.183829
1014|3.495645,-3.380762,-1.249624,0.224723,6.232800
1015|3.497065,-3.373652,-1.252442,0.226144,6.282131
1016|3.498489,-3.366513,-1.255250,0.227571,6.331823
1017|3.499918,-3.359344,-1.258050,0.229004,6.381882
1018|3.501353,-3.352146,-1.260839,0.230443,6.432309
1019|3.502792,-3.344917,-1.263620,0.231888,6.483109
1020|3.504237,-3.337659,-1.266391,0.233339,6.534286
1021|3.505687,-3.330370,-1.269152,0.234796,6.585842
1022|3.507142,-3.323051,-1.271904,0.236259,6.637782
1023|3.508603,-3.315701,-1.274646,0.237728,6.690109
1024|3.510068,-3.308321,-1.277378,0.239203,6.742828
1025|3.511539,-3.300911,-1.280100,0.240685,6.795941
1026|3.513016,-3.293470,-1.282812,0.242172,6.849453
1027|3.514498,-3.285998,-1.285514,0.243666,6.903367
1028|3.515986,-3.278495,-1.288206,0.245165,6.957689
1029|3.517479,-3.270961,-1.290887,0.246671,7.012421
1030|3.518978,-3.263396,-1.293558,0.248183,7.067568
1031|3.520483,-3.255799,-1.296219,0.249702,7.123134
1032|3.521993,-3.248171,-1.298869,0.251226,7.179124
1033|3.523509,-3.240512,-1.301508,0.252757,7.235541
1034|3.525031,-3.232821,-1.304137,0.254294,7.292390
1035|3.526559,-3.225099,-1.306755,0.255837,7.349675
1036|3.528093,-3.217344,-1.309361,0.257387,7.407401
1037|3.529633,-3.209557,-1.311957,0.258943,7.465573
1038|3.531179,-3.201739,-1.314542,0.260506,7.524194
1039|3.532731,-3.193888,-1.317115,0.262075,7.583270
1040|3.534289,-3.186005,-1.319677,0.263650,7.642805
1041|3.535854,-3.178089,-1.322228,0.265232,7.702805
1042|3.537425,-3.170141,-1.324767,0.266821,7.763273
1043|3.539002,-3.162160,-1.327294,0.268416,7.824216
1044|3.540586,-3.154146,-1.329810,0.270017,7.885637
1045|3.542176,-3.146099,-1.332314,0.271625,7.947543
1046|3.543773,-3.138019,-1.334806,0.273240,8.009938
1047|3.545376,-3.129906,-1.337285,0.274861,8.072827
1048|3.546987,-3.121760,-1.339753,0.276489,8.136217
1049|3.548603,-3.113580,-1.342208,0.278123,8.200111
1050|3.550227,-3.105366,-1.344651,0.279765,8.264516
1051|3.551858,-3.097119,-1.347081,0.281413,8.329438
1052|3.553495,-3.088837,-1.349499,0.283067,8.394882
1053|3.555140,-3.080522,-1.351903,0.284729,8.460853
1054|3.556792,-3.072173,-1.354295,0.286397,8.527358
1055|3.558451,-3.063789,-1.356674,0.288072,8.594402
1056|3.560117,-3.055370,-1.359040,0.289754,8.661992
1057|3.561790,-3.046918,-1.361393,0.291443,8.730134
1058|3.563471,-3.038430,-1.363732,0.293139,8.798833
1059|3.565160,-3.029907,-1.366057,0.294842,8.868096
1060|3.566856,-3.021350,-1.368369,0.296552,8.937930
1061|3.568559,-3.012757,-1.370668,0.298269,9.008341
1062|3.570270,-3.004129,-1.372952,0.299992,9.079336
1063|3.571989,-2.995466,-1.375222,0.301723,9.150921
1064|3.573716,-2.986767,-1.377479,0.303461,9.223103
1065|3.575451,-2.978032,-1.379721,0.305206,9.295890
1066|3.577194,-2.969261,-1.381948,0.306958,9.369287
1067|3.578945,-2.960454,-1.384161,0.308718,9.443303
1068|3.580704,-2.951612,-1.386359,0.310484,9.517944
1069|3.582472,-2.942732,-1.388543,0.312258,9.593218
1070|3.584248,-2.933816,-1.390711,0.314039,9.669133
1071|3.586032,-2.924864,-1.392864,0.315828,9.745695
1072|3.587825,-2.915874,-1.395002,0.317624,9.822914
1073|3.589626,-2.906848,-1.397125,0.319427,9.900796
1074|3.591437,-2.897784,-1.399232,0.321237,9.979350
1075|3.593256,-2.888683,-1.401323,0.323055,10.058584
1076|3.595084,-2.879545,-1.403399,0.324881,10.138506
1077|3.596921,-2.870369,-1.405458,0.326714,10.219125
1078|3.598767,-2.861155,-1.407501,0.328554,10.300449
1079|3.600623,-2.851903,-1.409528,0.330402,10.382487
1080|3.602487,-2.842613,-1.411538,0.332258,10.465247
1081|3.604362,-2.833285,-1.413532,0.334121,10.548739
1082|3.606245,-2.823918,-1.415509,0.335992,10.632973
1083|3.608139,-2.814512,-1.417468,0.337871,10.717956
1084|3.610042,-2.805068,-1.419411,0.339757,10.803700
1085|3.611955,-2.795584,-1.421336,0.341652,10.890212
1086|3.613878,-2.786062,-1.423244,0.343554,10.977504
1087|3.615811,-2.776500,-1.425134,0.345464,11.065585
1088|3.617755,-2.766898,-1.427006,0.347381,11.154466
1089|3.619708,-2.757257,-1.428860,0.349307,11.244157
1090|3.621672,-2.747576,-1.430696,0.351240,11.334667
1091|3.623647,-2.737854,-1.432513,0.353182,11.426009
1092|3.625632,-2.728092,-1.434312,0.355132,11.518193
1093|3.627629,-2.718290,-1.436092,0.357089,11.611230
1094|3.629636,-2.708447,-1.437853,0.359055,11.705132
1095|3.631654,-2.698563,-1.439594,0.361029,11.799909
1096|3.633683,-2.688638,-1.441317,0.363011,11.895574
1097|3.635724,-2.678672,-1.443019,0.365002,11.992139
1098|3.637777,-2.668664,-1.444702,0.367000,12.089616
1099|3.639840,-2.658615,-1.446365,0.369007,12.188017
1100|3.641916,-2.648524,-1.448008,0.371022,12.287355
1101|3.644004,-2.638390,-1.449630,0.373046,12.387642
1102|3.646103,-2.628215,-1.451231,0.375078,12.488893
1103|3.648215,-2.617997,-1.452812,0.377119,12.591120
1104|3.650339,-2.607736,-1.454371,0.379168,12.694336
1105|3.652476,-2.597432,-1.455909,0.381225,12.798557
1106|3.654625,-2.587085,-1.457426,0.383291,12.903795
1107|3.656787,-2.576695,-1.458921,0.385366,13.010066
1108|3.658962,-2.566261,-1.460393,0.387450,13.117384
1109|3.661151,-2.555783,-1.461844,0.389542,13.225764
1110|3.663352,-2.545262,-1.463272,0.391643,13.335221
1111|3.665567,-2.534696,-1.464677,0.393752,13.445771
1112|3.667796,-2.524086,-1.466059,0.395871,13.557430
1113|3.670038,-2.513431,-1.467418,0.397999,13.670214
1114|3.672295,-2.502731,-1.468754,0.400135,13.784140
1115|3.674565,-2.491986,-1.470065,0.402281,13.899224
1116|3.676850,-2.481195,-1.471353,0.404435,14.015484
1117|3.679150,-2.470359,-1.472616,0.406599,14.132937
1118|3.681464,-2.459477,-1.473855,0.408771,14.251601
1119|3.683794,-2.448549,-1.475069,0.410953,14.371494
1120|3.686138,-2.437575,-1.476258,0.413144,14.492636
1121|3.688498,-2.426554,-1.477421,0.415345,14.615044
1122|3.690874,-2.415486,-1.478558,0.417554,14.738739
1123|3.693265,-2.404371,-1.479670,0.419774,14.863741
1124|3.695672,-2.393209,-1.480755,0.422002,14.990069
1125|3.698095,-2.381999,-1.481814,0.424240,15.117745
1126|3.700535,-2.370742,-1.482845,0.426488,15.246789
1127|3.702992,-2.359436,-1.483850,0.428745,15.377224
1128|3.705465,-2.348082,-1.484827,0.431012,15.509070
1129|3.707956,-2.336679,-1.485776,0.433288,15.642351
1130|3.710464,-2.325228,-1.486697,0.435574,15.777091
1131|3.712989,-2.313727,-1.487589,0.437870,15.913311
1132|3.715533,-2.302176,-1.488452,0.440176,16.051037
1133|3.718094,-2.290576,-1.489287,0.442492,16.190292
1134|3.720674,-2.278926,-1.490091,0.444817,16.331103
1135|3.723273,-2.267226,-1.490866,0.447153,16.473494
1136|3.725891,-2.255475,-1.491610,0.449499,16.617493
1137|3.728527,-2.243674,-1.492324,0.451855,16.763125
1138|3.731184,-2.231821,-1.493007,0.454221,16.910419
1139|3.733860,-2.219916,-1.493658,0.456597,17.059402
1140|3.736556,-2.207960,-1.494278,0.458984,17.210104
1141|3.739273,-2.195952,-1.494865,0.461381,17.362553
1142|3.742010,-2.183892,-1.495420,0.463788,17.516780
1143|3.744769,-2.171779,-1.495942,0.466206,17.672815
1144|3.747548,-2.159613,-1.496430,0.468635,17.830691
1145|3.750350,-2.147394,-1.496885,0.471074,17.990438
1146|3.753173,-2.135121,-1.497305,0.473523,18.152092
1147|3.756019,-2.122794,-1.497691,0.475984,18.315684
1148|3.758888,-2.110413,-1.498041,0.478455,18.481251
1149|3.761779,-2.097978,-1.498356,0.480937,18.648827
1150|3.764694,-2.085487,-1.498635,0.483430,18.818448
1151|3.767633,-2.072942,-1.498877,0.485935,18.990153
1152|3.770596,-2.060341,-1.499083,0.488450,19.163979
1153|3.773584,-2.047684,-1.499251,0.490976,19.339966
1154|3.776597,-2.034971,-1.499381,0.493513,19.518152
1155|3.779635,-2.022201,-1.499472,0.496062,19.698581
1156|3.782699,-2.009374,-1.499524,0.498622,19.881293
1157|3.785789,-1.996490,-1.499537,0.501194,20.066333
1158|3.788906,-1.983549,-1.499510,0.503776,20.253743
1159|3.792050,-1.970549,-1.499443,0.506371,20.443571
1160|3.795222,-1.957492,-1.499334,0.508977,20.635862
1161|3.798422,-1.944375,-1.499184,0.511595,20.830665
1162|3.801650,-1.931199,-1.498991,0.514224,21.028029
1163|3.804908,-1.917964,-1.498755,0.516866,21.228003
1164|3.808195,-1.904670,-1.498476,0.519519,21.430641
1165|3.811512,-1.891315,-1.498153,0.522185,21.635994
1166|3.814860,-1.877899,-1.497786,0.524862,21.844119
1167|3.818239,-1.864422,-1.497373,0.527551,22.055070
1168|3.821650,-1.850884,-1.496914,0.530253,22.268906
1169|3.825093,-1.837284,-1.496408,0.532967,22.485686
1170|3.828569,-1.823622,-1.495855,0.535694,22.705471
1171|3.832079,-1.809898,-1.495255,0.538433,22.928323
1172|3.835623,-1.796110,-1.494605,0.541184,23.154307
1173|3.839202,-1.782259,-1.493907,0.543948,23.383489
1174|3.842816,-1.768344,-1.493158,0.546725,23.615938
1175|3.846466,-1.754365,-1.492358,0.549515,23.851722
1176|3.850154,-1.740321,-1.491507,0.552318,24.090915
1177|3.853878,-1.726212,-1.490603,0.555133,24.333590
1178|3.857642,-1.712038,-1.489646,0.557962,24.579824
1179|3.861444,-1.697797,-1.488636,0.560804,24.829696
1180|3.865286,-1.683490,-1.487570,0.563659,25.083286
1181|3.869168,-1.669116,-1.486449,0.566527,25.340678
1182|3.873092,-1.654674,-1.485271,0.569409,25.601959
1183|3.877058,-1.640165,-1.484036,0.572304,25.867215
1184|3.881068,-1.625588,-1.482743,0.575213,26.136539
1185|3.885121,-1.610941,-1.481390,0.578136,26.410025
1186|3.889219,-1.596226,-1.479978,0.581072,26.687770
1187|3.893363,-1.581441,-1.478504,0.584023,26.969874
1188|3.897554,-1.566585,-1.476968,0.586987,27.256440
1189|3.901793,-1.551659,-1.475369,0.589966,27.547574
1190|3.906081,-1.536661,-1.473706,0.592958,27.843388
1191|3.910419,-1.521592,-1.471977,0.595965,28.143993
1192|3.914807,-1.506451,-1.470183,0.598987,28.449508
1193|3.919248,-1.491237,-1.468321,0.602023,28.760054
1194|3.923742,-1.475950,-1.466390,0.605073,29.075755
1195|3.928290,-1.460589,-1.464390,0.608138,29.396740
1196|3.932895,-1.445153,-1.462319,0.611218,29.723145
1197|3.937556,-1.429643,-1.460175,0.614313,30.055105
1198|3.942275,-1.414058,-1.457959,0.617423,30.392766
1199|3.947055,-1.398396,-1.455667,0.620548,30.736274
1200|3.951895,-1.382658,-1.453300,0.623689,31.085781
1201|3.956798,-1.366844,-1.450855,0.626844,31.441448
1202|3.961764,-1.350951,-1.448332,0.630016,31.803437
1203|3.966797,-1.334981,-1.445729,0.633202,32.171918
1204|3.971896,-1.318932,-1.443044,0.636405,32.547067
1205|3.977065,-1.302804,-1.440275,0.639623,32.929066
1206|3.982303,-1.286596,-1.437423,0.642857,33.318105
1207|3.987615,-1.270308,-1.434484,0.646108,33.714378
1208|3.993000,-1.253939,-1.431457,0.649374,34.118090
1209|3.998461,-1.237488,-1.428341,0.652657,34.529450
1210|4.004000,-1.220956,-1.425133,0.655956,34.948678
1211|4.009619,-1.204341,-1.421833,0.659271,35.376000
1212|4.015321,-1.187642,-1.418437,0.662604,35.811652
1213|4.021106,-1.170860,-1.414945,0.665953,36.255880
1214|4.026979,-1.153993,-1.411355,0.669318,36.708937
1215|4.032940,-1.137042,-1.407664,0.672701,37.171088
1216|4.038992,-1.120005,-1.403870,0.676101,37.642609
1217|4.045139,-1.102881,-1.399972,0.679518,38.123785
1218|4.051382,-1.085671,-1.395967,0.682953,38.614913
1219|4.057724,-1.068374,-1.391852,0.686405,39.116305
1220|4.064168,-1.050989,-1.387627,0.689874,39.628283
1221|4.070718,-1.033515,-1.383288,0.693361,40.151182
1222|4.077376,-1.015953,-1.378832,0.696866,40.685353
1223|4.084145,-0.998300,-1.374258,0.700389,41.231161
1224|4.091029,-0.980558,-1.369563,0.703931,41.788987
1225|4.098031,-0.962724,-1.364744,0.707490,42.359228
1226|4.105156,-0.944800,-1.359798,0.711067,42.942298
1227|4.112405,-0.926783,-1.354723,0.714663,43.538630
1228|4.119785,-0.908674,-1.349515,0.718278,44.148676
1229|4.127298,-0.890473,-1.344172,0.721911,44.772907
1230|4.134949,-0.872177,-1.338691,0.725563,45.411818
1231|4.142743,-0.853788,-1.333067,0.729234,46.065924
1232|4.150684,-0.835305,-1.327298,0.732923,46.735765
1233|4.158778,-0.816726,-1.321381,0.736632,47.421905
1234|4.167028,-0.798052,-1.315311,0.740360,48.124935
1235|4.175442,-0.779283,-1.309086,0.744107,48.845474
1236|4.184023,-0.760417,-1.302700,0.747874,49.584171
1237|4.192779,-0.741455,-1.296151,0.751659,50.341705
1238|4.201716,-0.722397,-1.289434,0.755465,51.118788
1239|4.210839,-0.703241,-1.282544,0.759290,51.916168
1240|4.220156,-0.683987,-1.275478,0.763134,52.734629
1241|4.229674,-0.664637,-1.268231,0.766999,53.574993
1242|4.239401,-0.645188,-1.260797,0.770882,54.438126
1243|4.249344,-0.625642,-1.253172,0.774786,55.324935
1244|4.259512,-0.605999,-1.245351,0.778710,56.236373
1245|4.269913,-0.586257,-1.237329,0.782653,57.173445
1246|4.280557,-0.566418,-1.229099,0.786616,58.137204
1247|4.291454,-0.546481,-1.220656,0.790599,59.128760
1248|4.302613,-0.526447,-1.211994,0.794601,60.149279
1249|4.314046,-0.506317,-1.203106,0.798623,61.199992
1250|4.325764,-0.486090,-1.193987,0.802665,62.282191
1251|4.337779,-0.465768,-1.184629,0.806726,63.397238
1252|4.350104,-0.445351,-1.175025,0.810807,64.546568
1253|4.362752,-0.424840,-1.165168,0.814907,65.731693
1254|4.375738,-0.404237,-1.155049,0.819026,66.954206
1255|4.389076,-0.383542,-1.144662,0.823163,68.215783
1256|4.402784,-0.362757,-1.133997,0.827320,69.518194
1257|4.416877,-0.341884,-1.123046,0.831494,70.863300
1258|4.431375,-0.320924,-1.111800,0.835686,72.253065
1259|4.446295,-0.299880,-1.100248,0.839896,73.689555
1260|4.461660,-0.278755,-1.088382,0.844123,75.174947
1261|4.477489,-0.257551,-1.076190,0.848367,76.711529
1262|4.493807,-0.236272,-1.063661,0.852626,78.301711
1263|4.510637,-0.214922,-1.050785,0.856901,79.948023
1264|4.528007,-0.193503,-1.037550,0.861190,81.653123
1265|4.545943,-0.172022,-1.023942,0.865493,83.419796
1266|4.564476,-0.150483,-1.009949,0.869808,85.250959
1267|4.583637,-0.128892,-0.995557,0.874135,87.149660
1268|4.603460,-0.107256,-0.980752,0.878473,89.119076
1269|4.623981,-0.085582,-0.965519,0.882820,91.162510
1270|4.645238,-0.063879,-0.949843,0.887174,93.283385
1271|4.667273,-0.042154,-0.933707,0.891534,95.485231
1272|4.690128,-0.020419,-0.917094,0.895898,97.771672
1273|4.713851,0.001316,-0.899988,0.897632,99.853596
1274|4.738492,0.023037,-0.882369,0.858555,97.386837
1275|4.764102,0.044731,-0.864219,0.819529,94.824307
1276|4.790739,0.066383,-0.845518,0.780584,92.162309
1277|4.818463,0.087973,-0.826245,0.741749,89.397255
1278|4.847336,0.109484,-0.806380,0.703061,86.525743
1279|4.877427,0.130894,-0.785902,0.664558,83.544663
1280|4.908806,0.152179,-0.764787,0.626283,80.451314
1281|4.941548,0.173312,-0.743014,0.588285,77.243563
1282|4.975730,0.194265,-0.720560,0.550616,73.920029
1283|5.011436,0.215004,-0.697403,0.513336,70.480305
1284|5.048748,0.235493,-0.673519,0.476509,66.925228
1285|5.087754,0.255693,-0.648887,0.440207,63.257189
1286|5.128543,0.275560,-0.623486,0.404508,59.480506
1287|5.171201,0.295046,-0.597296,0.369500,55.601836
1288|5.215818,0.314099,-0.570298,0.335277,51.630644
1289|5.262475,0.332661,-0.542478,0.301942,47.579715
1290|5.311254,0.350669,-0.513823,0.269608,43.465693
1291|5.362222,0.368058,-0.484324,0.238394,39.309620
1292|5.415438,0.384754,-0.453979,0.208430,35.137451
1293|5.470945,0.400681,-0.422790,0.179852,30.980476
1294|5.528765,0.415759,-0.390766,0.152805,26.875603
1295|5.588895,0.429904,-0.357927,0.127439,22.865411
1296|5.651301,0.443029,-0.324300,0.103906,18.997883
1297|5.715916,0.455048,-0.289922,0.082362,15.325751
1298|5.782633,0.465875,-0.254843,0.062960,11.905354
1299|5.851303,0.475427,-0.219125,0.045846,8.794992
1300|5.921733,0.483625,-0.182840,0.031159,6.052776
1301|5.993688,0.490399,-0.146073,0.019022,3.734065
1302|6.066889,0.495690,-0.108920,0.009542,1.888657
1303|6.141023,0.499449,-0.071485,0.002802,0.557967
1304|6.215750,0.501644,-0.033880,0.001139,0.227525
1305|0.007526,0.502258,0.003780,0.002251,0.450244
