OneBody2_E-0.25_ecc0.8_EU1.txt
initial value : [x, y, v_x, v_y] = [0.40,0.00,0.00,2.12] , numerical interval dt = 0.02000 , [M, m] = [ 1, 1]

num|geodesic|
num|newtonian
num|degree, x, y, simple error, relative error
  1|0.000000,0.400000,0.000000,0.000000,0.000000
  2|0.105671,0.400000,0.042426,0.000994,0.247910
  3|0.210632,0.396257,0.084721,0.007711,1.908733
  4|0.315139,0.390020,0.127148,0.018931,4.629177
  5|0.419420,0.381181,0.169960,0.034846,8.375842
  6|0.523659,0.369564,0.213397,0.055768,13.111607
  7|0.627986,0.354925,0.257687,0.082136,18.792763
  8|0.732465,0.336945,0.303037,0.114516,25.365602
  9|0.837082,0.315235,0.349629,0.153605,32.762723
 10|0.941729,0.289332,0.397604,0.200227,40.899465
 11|1.046192,0.258706,0.447053,0.255324,49.671038
 12|1.150150,0.222776,0.497992,0.319932,58.951080
 13|1.253169,0.180929,0.550341,0.395140,68.592452
 14|1.354718,0.132560,0.603905,0.482026,78.430953
 15|1.454190,0.077118,0.658357,0.581575,88.292240
 16|1.550941,0.014164,0.713231,0.694579,98.001589
 17|1.644331,-0.056571,0.767932,0.708389,92.604669
 18|1.733780,-0.135133,0.821767,0.692273,83.667889
 19|1.818808,-0.221316,0.873990,0.674632,75.298099
 20|1.899072,-0.314665,0.923856,0.655593,67.568920
 21|1.974379,-0.414502,0.970677,0.635326,60.517162
 22|2.044686,-0.519978,1.013862,0.614024,54.146647
 23|2.110080,-0.630142,1.052945,0.591890,48.434922
 24|2.170757,-0.743999,1.087593,0.569122,43.341140
 25|2.226985,-0.860570,1.117601,0.545903,38.813591
 26|2.279080,-0.978928,1.142875,0.522401,34.795910
 27|2.327379,-1.098226,1.163413,0.498767,31.231624
 28|2.372221,-1.217707,1.179288,0.475130,28.067083
 29|2.413934,-1.336712,1.190623,0.451605,25.253095
 30|2.452827,-1.454674,1.197580,0.428293,22.745630
 31|2.489185,-1.571113,1.200348,0.405277,20.505915
 32|2.523267,-1.685623,1.199125,0.382631,18.500176
 33|2.555309,-1.797870,1.194121,0.360416,16.699195
 34|2.585519,-1.907573,1.185545,0.338687,15.077798
 35|2.614083,-2.014505,1.173602,0.317485,13.614342
 36|2.641170,-2.118479,1.158493,0.296849,12.290228
 37|2.666926,-2.219341,1.140411,0.276810,11.089469
 38|2.691482,-2.316971,1.119540,0.257393,9.998302
 39|2.714956,-2.411268,1.096057,0.238619,9.004861
 40|2.737452,-2.502153,1.070127,0.220505,8.098893
 41|2.759063,-2.589565,1.041909,0.203067,7.271521
 42|2.779872,-2.673454,1.011551,0.186315,6.515039
 43|2.799954,-2.753783,0.979194,0.170260,5.822744
 44|2.819376,-2.830522,0.944973,0.154908,5.188789
 45|2.838199,-2.903650,0.909011,0.140266,4.608068
 46|2.856478,-2.973150,0.871429,0.126338,4.076108
 47|2.874263,-3.039012,0.832340,0.113130,3.588987
 48|2.891600,-3.101227,0.791849,0.100643,3.143260
 49|2.908530,-3.159790,0.750059,0.088880,2.735901
 50|2.925092,-3.214700,0.707067,0.077844,2.364246
 51|2.941321,-3.265954,0.662965,0.067535,2.025950
 52|2.957251,-3.313553,0.617841,0.057955,1.718955
 53|2.972911,-3.357496,0.571781,0.049104,1.441451
 54|2.988331,-3.397784,0.524865,0.040985,1.191855
 55|3.003538,-3.434419,0.477171,0.033598,0.968782
 56|3.018558,-3.467399,0.428777,0.026942,0.771032
 57|3.033414,-3.496725,0.379755,0.021021,0.597570
 58|3.048129,-3.522395,0.330177,0.015834,0.447513
 59|3.062727,-3.544408,0.280112,0.011383,0.320117
 60|3.077229,-3.562760,0.229629,0.007668,0.214771
 61|3.091656,-3.577446,0.178795,0.004692,0.130986
 62|3.106028,-3.588461,0.127676,0.002456,0.068391
 63|3.120366,-3.595798,0.076338,0.000961,0.026730
 64|3.134690,-3.599446,0.024844,0.000211,0.005854
 65|3.149021,-3.599397,-0.026739,0.000206,0.005726
 66|3.163379,-3.595636,-0.078347,0.000950,0.026418
 67|3.177784,-3.588150,-0.129915,0.002446,0.068112
 68|3.192257,-3.576921,-0.181377,0.004696,0.131106
 69|3.206820,-3.561932,-0.232666,0.007704,0.215815
 70|3.221496,-3.543161,-0.283715,0.011474,0.322782
 71|3.236308,-3.520585,-0.334453,0.016010,0.452683
 72|3.251280,-3.494178,-0.384810,0.021316,0.606340
 73|3.266437,-3.463912,-0.434711,0.027398,0.784735
 74|3.281808,-3.429756,-0.484081,0.034260,0.989022
 75|3.297421,-3.391677,-0.532839,0.041909,1.220551
 76|3.313307,-3.349639,-0.580902,0.050350,1.480889
 77|3.329501,-3.303603,-0.628184,0.059591,1.771849
 78|3.346037,-3.253527,-0.674592,0.069638,2.095521
 79|3.362958,-3.199369,-0.720028,0.080498,2.454318
 80|3.380305,-3.141080,-0.764390,0.092181,2.851014
 81|3.398128,-3.078612,-0.807565,0.104693,3.288814
 82|3.416479,-3.011914,-0.849436,0.118044,3.771415
 83|3.435417,-2.940933,-0.889876,0.132242,4.303097
 84|3.455010,-2.865614,-0.928745,0.147296,4.888825
 85|3.475332,-2.785902,-0.965896,0.163215,5.534379
 86|3.496468,-2.701742,-1.001166,0.180009,6.246509
 87|3.518513,-2.613080,-1.034378,0.197685,7.033136
 88|3.541578,-2.519864,-1.065339,0.216251,7.903594
 89|3.565790,-2.422048,-1.093837,0.235715,8.868938
 90|3.591294,-2.319592,-1.119637,0.256082,9.942334
 91|3.618261,-2.212467,-1.142482,0.277355,11.139557
 92|3.646891,-2.100658,-1.162088,0.299535,12.479618
 93|3.677417,-1.984174,-1.178140,0.322618,13.985587
 94|3.710120,-1.863049,-1.190287,0.346597,15.685643
 95|3.745329,-1.737360,-1.198145,0.371456,17.614453
 96|3.783443,-1.607234,-1.201286,0.397172,19.814957
 97|3.824944,-1.472870,-1.199238,0.423709,22.340696
 98|3.870411,-1.334563,-1.191487,0.451016,25.258822
 99|3.920554,-1.192731,-1.177474,0.479024,28.653944
100|3.976233,-1.047961,-1.156607,0.507636,32.632870
101|4.038494,-0.901053,-1.128273,0.536724,37.330129
102|4.108595,-0.753086,-1.091870,0.566117,42.913559
103|4.188019,-0.605483,-1.046861,0.595587,49.588010
104|4.278450,-0.460087,-0.992857,0.624836,57.592665
105|4.381674,-0.319201,-0.929739,0.653476,67.183228
106|4.499337,-0.185581,-0.857838,0.681007,78.584883
107|4.632507,-0.062290,-0.778120,0.706807,91.900877
108|4.781076,0.047630,-0.692344,0.634895,93.021476
109|4.943194,0.141712,-0.603049,0.466905,76.715718
110|5.115191,0.218689,-0.513235,0.329424,60.101432
111|5.292306,0.278879,-0.425737,0.221689,44.287503
112|5.469975,0.324014,-0.342558,0.140581,30.258830
113|5.644884,0.356566,-0.264539,0.081793,18.658923
114|5.815293,0.379005,-0.191518,0.041061,9.774887
115|5.980755,0.393344,-0.122724,0.014890,3.647455
116|6.141632,0.401020,-0.057148,0.000766,0.190691
117|0.015511,0.402937,0.006250,0.002915,0.728816
  1|0.000000,0.400000,0.000000,0.000000,0.000000
  2|0.105671,0.400000,0.042426,0.000994,0.247910
  3|0.210632,0.396257,0.084721,0.007711,1.908733
  4|0.313892,0.390066,0.126625,0.018813,4.601109
  5|0.414561,0.381530,0.167898,0.034118,8.208333
  6|0.511897,0.370793,0.208331,0.053371,12.582682
  7|0.605325,0.358028,0.247750,0.076268,17.561284
  8|0.694447,0.343426,0.286019,0.102471,22.980815
  9|0.779029,0.327182,0.323041,0.131628,28.688980
 10|0.858977,0.309494,0.358752,0.163391,34.551961
 11|0.934317,0.290548,0.393118,0.197424,40.458021
 12|1.005160,0.270521,0.426131,0.233412,46.318091
 13|1.071682,0.249572,0.457801,0.271066,52.064288
 14|1.134098,0.227846,0.488150,0.310126,57.647312
 15|1.192650,0.205472,0.517216,0.350359,63.033383
 16|1.247587,0.182564,0.545040,0.391558,68.201195
 17|1.299160,0.159222,0.571670,0.433543,73.139144
 18|1.347614,0.135532,0.597155,0.476157,77.842952
 19|1.393182,0.111571,0.621547,0.519263,82.313709
 20|1.436086,0.087404,0.644896,0.562743,86.556313
 21|1.476531,0.063086,0.667253,0.606494,90.578260
 22|1.514707,0.038667,0.688666,0.650429,94.388721
 23|1.550792,0.014188,0.709182,0.694471,97.997853
 24|1.584947,-0.010314,0.728847,0.717930,98.583706
 25|1.617318,-0.034810,0.747704,0.713012,95.345200
 26|1.648042,-0.059272,0.765792,0.708102,92.276006
 27|1.677241,-0.083678,0.783150,0.703203,89.365807
 28|1.705028,-0.108010,0.799814,0.698318,86.604707
 29|1.731506,-0.132250,0.815819,0.693452,83.983294
 30|1.756767,-0.156385,0.831197,0.688606,81.492680
 31|1.780898,-0.180403,0.845977,0.683784,79.124512
 32|1.803976,-0.204294,0.860189,0.678987,76.870972
 33|1.826072,-0.228050,0.873858,0.674217,74.724758
 34|1.847252,-0.251663,0.887010,0.669475,72.679072
 35|1.867576,-0.275129,0.899669,0.664762,70.727587
 36|1.887098,-0.298441,0.911856,0.660080,68.864425
 37|1.905869,-0.321597,0.923592,0.655430,67.084128
 38|1.923934,-0.344592,0.934897,0.650811,65.381628
 39|1.941337,-0.367426,0.945790,0.646224,63.752222
 40|1.958117,-0.390095,0.956288,0.641671,62.191544
 41|1.974309,-0.412598,0.966406,0.637150,60.695541
 42|1.989948,-0.434935,0.976162,0.632663,59.260447
 43|2.005065,-0.457104,0.985568,0.628210,57.882765
 44|2.019688,-0.479107,0.994640,0.623790,56.559241
 45|2.033843,-0.500941,1.003390,0.619403,55.286850
 46|2.047556,-0.522609,1.011831,0.615050,54.062774
 47|2.060849,-0.544111,1.019973,0.610731,52.884390
 48|2.073744,-0.565446,1.027829,0.606445,51.749251
 49|2.086261,-0.586617,1.035409,0.602192,50.655074
 50|2.098419,-0.607623,1.042722,0.597972,49.599729
 51|2.110234,-0.628466,1.049779,0.593784,48.581224
 52|2.121724,-0.649148,1.056588,0.589630,47.597698
 53|2.132902,-0.669669,1.063157,0.585507,46.647406
 54|2.143785,-0.690031,1.069496,0.581417,45.728718
 55|2.154384,-0.710235,1.075611,0.577358,44.840101
 56|2.164714,-0.730283,1.081510,0.573331,43.980122
 57|2.174784,-0.750176,1.087200,0.569335,43.147431
 58|2.184608,-0.769916,1.092688,0.565370,42.340761
 59|2.194194,-0.789504,1.097981,0.561436,41.558923
 60|2.203553,-0.808941,1.103083,0.557532,40.800794
 61|2.212695,-0.828230,1.108002,0.553658,40.065320
 62|2.221627,-0.847372,1.112743,0.549813,39.351504
 63|2.230359,-0.866368,1.117311,0.545998,38.658408
 64|2.238898,-0.885220,1.121711,0.542212,37.985147
 65|2.247252,-0.903929,1.125948,0.538455,37.330883
 66|2.255428,-0.922498,1.130028,0.534726,36.694825
 67|2.263432,-0.940928,1.133954,0.531025,36.076225
 68|2.271270,-0.959220,1.137731,0.527352,35.474376
 69|2.278950,-0.977375,1.141363,0.523707,34.888605
 70|2.286476,-0.995396,1.144853,0.520088,34.318277
 71|2.293854,-1.013284,1.148207,0.516497,33.762789
 72|2.301089,-1.031040,1.151427,0.512932,33.221570
 73|2.308187,-1.048667,1.154518,0.509393,32.694075
 74|2.315151,-1.066164,1.157482,0.505881,32.179788
 75|2.321986,-1.083534,1.160323,0.502394,31.678219
 76|2.328697,-1.100778,1.163044,0.498932,31.188899
 77|2.335287,-1.117898,1.165648,0.495496,30.711386
 78|2.341761,-1.134895,1.168138,0.492084,30.245256
 79|2.348122,-1.151771,1.170517,0.488697,29.790104
 80|2.354374,-1.168526,1.172787,0.485334,29.345548
 81|2.360520,-1.185162,1.174952,0.481996,28.911219
 82|2.366564,-1.201681,1.177014,0.478681,28.486768
 83|2.372508,-1.218083,1.178975,0.475389,28.071860
 84|2.378355,-1.234370,1.180838,0.472121,27.666177
 85|2.384109,-1.250544,1.182605,0.468875,27.269412
 86|2.389772,-1.266605,1.184279,0.465653,26.881274
 87|2.395347,-1.282554,1.185860,0.462453,26.501483
 88|2.400836,-1.298394,1.187353,0.459275,26.129772
 89|2.406242,-1.314125,1.188757,0.456119,25.765885
 90|2.411567,-1.329748,1.190077,0.452985,25.409577
 91|2.416813,-1.345264,1.191313,0.449872,25.060612
 92|2.421982,-1.360676,1.192467,0.446781,24.718765
 93|2.427078,-1.375982,1.193541,0.443711,24.383820
 94|2.432100,-1.391186,1.194537,0.440661,24.055569
 95|2.437052,-1.406287,1.195456,0.437632,23.733813
 96|2.441936,-1.421288,1.196301,0.434624,23.418360
 97|2.446752,-1.436188,1.197072,0.431636,23.109027
 98|2.451503,-1.450989,1.197771,0.428668,22.805636
 99|2.456191,-1.465693,1.198401,0.425719,22.508018
100|2.460817,-1.480299,1.198961,0.422790,22.216008
101|2.465382,-1.494809,1.199454,0.419881,21.929451
102|2.469889,-1.509224,1.199880,0.416991,21.648193
103|2.474338,-1.523546,1.200242,0.414120,21.372090
104|2.478731,-1.537774,1.200541,0.411267,21.101000
105|2.483069,-1.551910,1.200777,0.408433,20.834788
106|2.487354,-1.565954,1.200953,0.405618,20.573324
107|2.491587,-1.579908,1.201068,0.402821,20.316482
108|2.495768,-1.593773,1.201125,0.400042,20.064140
109|2.499900,-1.607549,1.201124,0.397281,19.816181
110|2.503984,-1.621237,1.201067,0.394537,19.572492
111|2.508019,-1.634838,1.200955,0.391811,19.332963
112|2.512009,-1.648352,1.200788,0.389103,19.097490
113|2.515952,-1.661782,1.200568,0.386412,18.865970
114|2.519852,-1.675127,1.200296,0.383737,18.638305
115|2.523708,-1.688388,1.199972,0.381080,18.414399
116|2.527521,-1.701566,1.199598,0.378440,18.194161
117|2.531293,-1.714662,1.199174,0.375816,17.977501
118|2.535024,-1.727677,1.198702,0.373208,17.764334
119|2.538716,-1.740611,1.198182,0.370617,17.554575
120|2.542368,-1.753464,1.197615,0.368042,17.348145
121|2.545982,-1.766239,1.197002,0.365483,17.144965
122|2.549559,-1.778935,1.196343,0.362940,16.944959
123|2.553099,-1.791553,1.195641,0.360412,16.748054
124|2.556603,-1.804094,1.194894,0.357900,16.554179
125|2.560072,-1.816558,1.194105,0.355404,16.363266
126|2.563506,-1.828947,1.193273,0.352923,16.175246
127|2.566907,-1.841260,1.192400,0.350457,15.990057
128|2.570274,-1.853499,1.191486,0.348006,15.807634
129|2.573609,-1.865664,1.190531,0.345570,15.627917
130|2.576912,-1.877755,1.189538,0.343148,15.450847
131|2.580184,-1.889774,1.188505,0.340742,15.276367
132|2.583425,-1.901721,1.187434,0.338350,15.104420
133|2.586636,-1.913597,1.186326,0.335972,14.934953
134|2.589818,-1.925402,1.185181,0.333609,14.767913
135|2.592970,-1.937136,1.184000,0.331259,14.603249
136|2.596094,-1.948801,1.182782,0.328924,14.440911
137|2.599191,-1.960396,1.181530,0.326603,14.280852
138|2.602260,-1.971924,1.180243,0.324296,14.123024
139|2.605301,-1.983383,1.178921,0.322002,13.967382
140|2.608317,-1.994774,1.177567,0.319722,13.813882
141|2.611307,-2.006099,1.176179,0.317455,13.662480
142|2.614271,-2.017358,1.174759,0.315202,13.513135
143|2.617210,-2.028550,1.173306,0.312962,13.365805
144|2.620124,-2.039677,1.171822,0.310735,13.220452
145|2.623014,-2.050740,1.170307,0.308521,13.077036
146|2.625881,-2.061738,1.168762,0.306321,12.935521
147|2.628724,-2.072672,1.167186,0.304133,12.795868
148|2.631544,-2.083543,1.165581,0.301958,12.658043
149|2.634342,-2.094351,1.163947,0.299795,12.522011
150|2.637117,-2.105097,1.162284,0.297645,12.387738
151|2.639870,-2.115781,1.160592,0.295508,12.255191
152|2.642603,-2.126403,1.158872,0.293383,12.124337
153|2.645314,-2.136964,1.157125,0.291270,11.995147
154|2.648004,-2.147465,1.155351,0.289170,11.867588
155|2.650674,-2.157906,1.153550,0.287081,11.741632
156|2.653323,-2.168287,1.151723,0.285005,11.617249
157|2.655953,-2.178609,1.149870,0.282941,11.494410
158|2.658564,-2.188872,1.147991,0.280888,11.373089
159|2.661155,-2.199076,1.146087,0.278847,11.253258
160|2.663727,-2.209223,1.144158,0.276818,11.134891
161|2.666281,-2.219312,1.142205,0.274800,11.017963
162|2.668817,-2.229344,1.140227,0.272794,10.902447
163|2.671334,-2.239320,1.138226,0.270800,10.788321
164|2.673834,-2.249239,1.136201,0.268816,10.675559
165|2.676317,-2.259102,1.134152,0.266844,10.564138
166|2.678782,-2.268909,1.132081,0.264884,10.454037
167|2.681231,-2.278662,1.129988,0.262934,10.345232
168|2.683662,-2.288359,1.127872,0.260995,10.237701
169|2.686078,-2.298002,1.125734,0.259068,10.131424
170|2.688477,-2.307591,1.123575,0.257151,10.026380
171|2.690860,-2.317126,1.121394,0.255245,9.922548
172|2.693228,-2.326608,1.119192,0.253350,9.819909
173|2.695580,-2.336037,1.116969,0.251465,9.718443
174|2.697917,-2.345414,1.114726,0.249591,9.618131
175|2.700239,-2.354738,1.112462,0.247727,9.518955
176|2.702546,-2.364010,1.110179,0.245875,9.420896
177|2.704838,-2.373231,1.107876,0.244032,9.323937
178|2.707116,-2.382400,1.105553,0.242200,9.228061
179|2.709380,-2.391518,1.103211,0.240378,9.133250
180|2.711630,-2.400586,1.100851,0.238566,9.039488
181|2.713866,-2.409603,1.098471,0.236764,8.946758
182|2.716089,-2.418571,1.096073,0.234972,8.855045
183|2.718298,-2.427488,1.093657,0.233191,8.764334
184|2.720494,-2.436357,1.091223,0.231419,8.674608
185|2.722677,-2.445176,1.088771,0.229657,8.585853
186|2.724847,-2.453947,1.086301,0.227905,8.498055
187|2.727004,-2.462669,1.083814,0.226163,8.411199
188|2.729149,-2.471343,1.081310,0.224430,8.325271
189|2.731282,-2.479969,1.078789,0.222707,8.240257
190|2.733402,-2.488547,1.076252,0.220994,8.156144
191|2.735510,-2.497079,1.073698,0.219290,8.072919
192|2.737607,-2.505563,1.071127,0.217596,7.990568
193|2.739691,-2.514000,1.068541,0.215911,7.909080
194|2.741765,-2.522392,1.065939,0.214235,7.828442
195|2.743827,-2.530737,1.063321,0.212569,7.748641
196|2.745877,-2.539036,1.060687,0.210912,7.669666
197|2.747917,-2.547289,1.058038,0.209264,7.591505
198|2.749945,-2.555497,1.055374,0.207625,7.514147
199|2.751963,-2.563660,1.052695,0.205995,7.437580
200|2.753970,-2.571778,1.050002,0.204375,7.361794
201|2.755967,-2.579851,1.047293,0.202763,7.286777
202|2.757953,-2.587880,1.044571,0.201160,7.212519
203|2.759929,-2.595865,1.041834,0.199566,7.139010
204|2.761894,-2.603807,1.039083,0.197981,7.066240
205|2.763850,-2.611704,1.036318,0.196405,6.994198
206|2.765796,-2.619558,1.033539,0.194837,6.922875
207|2.767732,-2.627369,1.030747,0.193278,6.852261
208|2.769658,-2.635138,1.027941,0.191728,6.782347
209|2.771575,-2.642863,1.025122,0.190186,6.713123
210|2.773483,-2.650546,1.022290,0.188653,6.644581
211|2.775381,-2.658187,1.019445,0.187128,6.576711
212|2.777270,-2.665786,1.016587,0.185612,6.509505
213|2.779150,-2.673343,1.013716,0.184104,6.442954
214|2.781021,-2.680859,1.010833,0.182604,6.377049
215|2.782883,-2.688333,1.007937,0.181113,6.311784
216|2.784737,-2.695766,1.005030,0.179630,6.247148
217|2.786581,-2.703159,1.002110,0.178156,6.183135
218|2.788418,-2.710510,0.999178,0.176689,6.119736
219|2.790245,-2.717822,0.996234,0.175231,6.056944
220|2.792065,-2.725093,0.993279,0.173780,5.994751
221|2.793876,-2.732324,0.990312,0.172338,5.933150
222|2.795679,-2.739515,0.987333,0.170904,5.872134
223|2.797474,-2.746666,0.984343,0.169477,5.811694
224|2.799261,-2.753778,0.981342,0.168059,5.751825
225|2.801041,-2.760851,0.978330,0.166648,5.692520
226|2.802812,-2.767885,0.975307,0.165246,5.633771
227|2.804576,-2.774880,0.972273,0.163851,5.575572
228|2.806332,-2.781836,0.969229,0.162464,5.517916
229|2.808081,-2.788753,0.966173,0.161085,5.460796
230|2.809822,-2.795633,0.963108,0.159713,5.404208
231|2.811556,-2.802474,0.960032,0.158349,5.348143
232|2.813283,-2.809278,0.956945,0.156993,5.292597
233|2.815002,-2.816043,0.953849,0.155644,5.237563
234|2.816715,-2.822771,0.950742,0.154303,5.183035
235|2.818420,-2.829462,0.947626,0.152969,5.129007
236|2.820119,-2.836115,0.944500,0.151643,5.075474
237|2.821811,-2.842732,0.941363,0.150324,5.022429
238|2.823496,-2.849311,0.938218,0.149013,4.969868
239|2.825174,-2.855854,0.935063,0.147709,4.917785
240|2.826846,-2.862360,0.931898,0.146412,4.866175
241|2.828511,-2.868830,0.928724,0.145123,4.815032
242|2.830169,-2.875264,0.925541,0.143841,4.764350
243|2.831821,-2.881662,0.922349,0.142566,4.714126
244|2.833467,-2.888023,0.919147,0.141298,4.664354
245|2.835107,-2.894350,0.915937,0.140038,4.615029
246|2.836740,-2.900640,0.912718,0.138785,4.566146
247|2.838368,-2.906895,0.909490,0.137538,4.517700
248|2.839989,-2.913115,0.906253,0.136299,4.469687
249|2.841604,-2.919300,0.903008,0.135067,4.422102
250|2.843214,-2.925450,0.899754,0.133842,4.374941
251|2.844817,-2.931565,0.896492,0.132624,4.328198
252|2.846415,-2.937645,0.893222,0.131413,4.281870
253|2.848007,-2.943691,0.889943,0.130209,4.235952
254|2.849593,-2.949702,0.886656,0.129012,4.190440
255|2.851174,-2.955680,0.883362,0.127821,4.145330
256|2.852749,-2.961623,0.880059,0.126638,4.100617
257|2.854318,-2.967532,0.876748,0.125461,4.056298
258|2.855883,-2.973408,0.873429,0.124291,4.012368
259|2.857441,-2.979250,0.870103,0.123128,3.968823
260|2.858995,-2.985058,0.866769,0.121971,3.925660
261|2.860543,-2.990833,0.863427,0.120822,3.882875
262|2.862086,-2.996575,0.860078,0.119679,3.840464
263|2.863624,-3.002283,0.856721,0.118542,3.798423
264|2.865157,-3.007959,0.853357,0.117412,3.756748
265|2.866684,-3.013602,0.849986,0.116289,3.715436
266|2.868207,-3.019212,0.846607,0.115172,3.674484
267|2.869725,-3.024790,0.843221,0.114062,3.633887
268|2.871237,-3.030335,0.839829,0.112959,3.593643
269|2.872746,-3.035847,0.836429,0.111862,3.553748
270|2.874249,-3.041328,0.833022,0.110771,3.514198
271|2.875747,-3.046776,0.829608,0.109687,3.474991
272|2.877241,-3.052193,0.826188,0.108609,3.436123
273|2.878730,-3.057577,0.822760,0.107538,3.397591
274|2.880215,-3.062930,0.819326,0.106473,3.359391
275|2.881695,-3.068251,0.815885,0.105414,3.321521
276|2.883170,-3.073541,0.812438,0.104362,3.283977
277|2.884641,-3.078800,0.808985,0.103316,3.246757
278|2.886108,-3.084027,0.805524,0.102276,3.209858
279|2.887570,-3.089223,0.802058,0.101242,3.173275
280|2.889028,-3.094388,0.798585,0.100215,3.137008
281|2.890482,-3.099522,0.795106,0.099194,3.101053
282|2.891932,-3.104625,0.791620,0.098179,3.065406
283|2.893377,-3.109697,0.788129,0.097170,3.030066
284|2.894818,-3.114739,0.784631,0.096168,2.995029
285|2.896255,-3.119751,0.781128,0.095171,2.960293
286|2.897688,-3.124732,0.777618,0.094181,2.925855
287|2.899117,-3.129682,0.774102,0.093196,2.891712
288|2.900542,-3.134603,0.770581,0.092218,2.857863
289|2.901963,-3.139493,0.767054,0.091246,2.824304
290|2.903380,-3.144354,0.763521,0.090280,2.791033
291|2.904794,-3.149184,0.759982,0.089319,2.758047
292|2.906203,-3.153985,0.756438,0.088365,2.725344
293|2.907609,-3.158756,0.752888,0.087417,2.692922
294|2.909011,-3.163498,0.749332,0.086475,2.660778
295|2.910409,-3.168210,0.745771,0.085538,2.628910
296|2.911804,-3.172893,0.742205,0.084608,2.597315
297|2.913195,-3.177546,0.738633,0.083683,2.565992
298|2.914582,-3.182170,0.735056,0.082764,2.534938
299|2.915966,-3.186765,0.731473,0.081851,2.504150
300|2.917347,-3.191331,0.727886,0.080944,2.473627
301|2.918723,-3.195869,0.724293,0.080043,2.443367
302|2.920097,-3.200377,0.720695,0.079147,2.413367
303|2.921467,-3.204857,0.717091,0.078257,2.383626
304|2.922834,-3.209308,0.713483,0.077373,2.354140
305|2.924197,-3.213730,0.709870,0.076495,2.324909
306|2.925557,-3.218124,0.706252,0.075622,2.295930
307|2.926914,-3.222489,0.702628,0.074755,2.267201
308|2.928267,-3.226826,0.699000,0.073894,2.238720
309|2.929617,-3.231135,0.695367,0.073038,2.210486
310|2.930964,-3.235416,0.691730,0.072188,2.182496
311|2.932308,-3.239669,0.688087,0.071344,2.154749
312|2.933649,-3.243894,0.684440,0.070505,2.127242
313|2.934987,-3.248091,0.680788,0.069672,2.099974
314|2.936322,-3.252260,0.677132,0.068845,2.072943
315|2.937653,-3.256401,0.673471,0.068023,2.046148
316|2.938982,-3.260515,0.669805,0.067206,2.019586
317|2.940308,-3.264601,0.666135,0.066395,1.993256
318|2.941631,-3.268659,0.662460,0.065590,1.967156
319|2.942951,-3.272690,0.658781,0.064790,1.941284
320|2.944268,-3.276694,0.655098,0.063996,1.915639
321|2.945582,-3.280670,0.651410,0.063207,1.890220
322|2.946894,-3.284620,0.647718,0.062423,1.865023
323|2.948202,-3.288542,0.644022,0.061645,1.840049
324|2.949508,-3.292437,0.640321,0.060872,1.815295
325|2.950811,-3.296305,0.636616,0.060105,1.790760
326|2.952112,-3.300146,0.632907,0.059343,1.766442
327|2.953410,-3.303960,0.629194,0.058587,1.742339
328|2.954705,-3.307748,0.625477,0.057836,1.718451
329|2.955997,-3.311508,0.621756,0.057090,1.694776
330|2.957287,-3.315242,0.618030,0.056350,1.671312
331|2.958575,-3.318950,0.614301,0.055615,1.648058
332|2.959860,-3.322631,0.610568,0.054885,1.625013
333|2.961142,-3.326285,0.606831,0.054161,1.602174
334|2.962422,-3.329914,0.603090,0.053441,1.579541
335|2.963700,-3.333515,0.599345,0.052728,1.557113
336|2.964975,-3.337091,0.595596,0.052019,1.534888
337|2.966247,-3.340640,0.591844,0.051316,1.512864
338|2.967518,-3.344163,0.588087,0.050618,1.491040
339|2.968786,-3.347661,0.584327,0.049925,1.469416
340|2.970051,-3.351132,0.580564,0.049237,1.447990
341|2.971315,-3.354577,0.576796,0.048555,1.426760
342|2.972576,-3.357996,0.573025,0.047877,1.405725
343|2.973834,-3.361389,0.569251,0.047205,1.384885
344|2.975091,-3.364757,0.565473,0.046538,1.364237
345|2.976345,-3.368099,0.561691,0.045876,1.343782
346|2.977598,-3.371415,0.557906,0.045220,1.323516
347|2.978848,-3.374706,0.554118,0.044568,1.303440
348|2.980095,-3.377971,0.550325,0.043922,1.283553
349|2.981341,-3.381210,0.546530,0.043280,1.263852
350|2.982585,-3.384424,0.542731,0.042644,1.244338
351|2.983827,-3.387613,0.538929,0.042013,1.225008
352|2.985066,-3.390776,0.535124,0.041387,1.205862
353|2.986304,-3.393914,0.531315,0.040766,1.186899
354|2.987539,-3.397027,0.527503,0.040150,1.168118
355|2.988773,-3.400115,0.523687,0.039539,1.149517
356|2.990005,-3.403177,0.519869,0.038934,1.131096
357|2.991234,-3.406215,0.516047,0.038333,1.112854
358|2.992462,-3.409227,0.512222,0.037737,1.094789
359|2.993688,-3.412214,0.508394,0.037146,1.076901
360|2.994912,-3.415177,0.504563,0.036560,1.059188
361|2.996135,-3.418114,0.500729,0.035980,1.041650
362|2.997355,-3.421027,0.496892,0.035404,1.024286
363|2.998574,-3.423915,0.493051,0.034833,1.007095
364|2.999790,-3.426778,0.489208,0.034267,0.990076
365|3.001005,-3.429616,0.485362,0.033706,0.973228
366|3.002219,-3.432430,0.481513,0.033150,0.956550
367|3.003430,-3.435219,0.477661,0.032599,0.940041
368|3.004640,-3.437983,0.473806,0.032053,0.923700
369|3.005849,-3.440723,0.469948,0.031511,0.907527
370|3.007055,-3.443438,0.466087,0.030975,0.891521
371|3.008260,-3.446129,0.462223,0.030444,0.875680
372|3.009463,-3.448796,0.458357,0.029917,0.860005
373|3.010665,-3.451438,0.454488,0.029395,0.844494
374|3.011865,-3.454056,0.450616,0.028879,0.829146
375|3.013064,-3.456649,0.446742,0.028367,0.813960
376|3.014261,-3.459219,0.442864,0.027860,0.798937
377|3.015456,-3.461764,0.438984,0.027357,0.784074
378|3.016650,-3.464285,0.435102,0.026860,0.769372
379|3.017843,-3.466781,0.431216,0.026367,0.754829
380|3.019034,-3.469254,0.427328,0.025880,0.740445
381|3.020224,-3.471702,0.423438,0.025397,0.726220
382|3.021412,-3.474127,0.419545,0.024918,0.712151
383|3.022599,-3.476527,0.415649,0.024445,0.698239
384|3.023784,-3.478904,0.411751,0.023977,0.684484
385|3.024968,-3.481256,0.407851,0.023513,0.670883
386|3.026151,-3.483585,0.403948,0.023054,0.657437
387|3.027332,-3.485890,0.400042,0.022600,0.644145
388|3.028512,-3.488171,0.396134,0.022150,0.631007
389|3.029691,-3.490428,0.392224,0.021706,0.618021
390|3.030868,-3.492661,0.388311,0.021266,0.605187
391|3.032044,-3.494871,0.384396,0.020831,0.592504
392|3.033219,-3.497057,0.380479,0.020400,0.579973
393|3.034393,-3.499219,0.376559,0.019975,0.567591
394|3.035565,-3.501358,0.372637,0.019554,0.555359
395|3.036737,-3.503473,0.368712,0.019137,0.543276
396|3.037907,-3.505564,0.364786,0.018726,0.531341
397|3.039076,-3.507632,0.360857,0.018319,0.519554
398|3.040243,-3.509676,0.356926,0.017917,0.507915
399|3.041410,-3.511697,0.352992,0.017520,0.496422
400|3.042576,-3.513694,0.349057,0.017127,0.485075
401|3.043740,-3.515668,0.345119,0.016739,0.473874
402|3.044903,-3.517619,0.341180,0.016356,0.462819
403|3.046066,-3.519546,0.337238,0.015977,0.451907
404|3.047227,-3.521449,0.333294,0.015603,0.441140
405|3.048387,-3.523330,0.329348,0.015234,0.430516
406|3.049546,-3.525187,0.325399,0.014870,0.420036
407|3.050705,-3.527020,0.321449,0.014510,0.409698
408|3.051862,-3.528831,0.317497,0.014154,0.399502
409|3.053018,-3.530618,0.313543,0.013804,0.389448
410|3.054174,-3.532381,0.309587,0.013458,0.379535
411|3.055328,-3.534122,0.305629,0.013116,0.369763
412|3.056481,-3.535839,0.301668,0.012780,0.360132
413|3.057634,-3.537534,0.297706,0.012448,0.350640
414|3.058786,-3.539205,0.293742,0.012120,0.341287
415|3.059937,-3.540853,0.289777,0.011797,0.332074
416|3.061087,-3.542478,0.285809,0.011479,0.322999
417|3.062236,-3.544079,0.281839,0.011166,0.314063
418|3.063384,-3.545658,0.277868,0.010857,0.305264
419|3.064532,-3.547213,0.273895,0.010552,0.296602
420|3.065678,-3.548746,0.269920,0.010253,0.288078
421|3.066824,-3.550255,0.265943,0.009958,0.279691
422|3.067969,-3.551742,0.261964,0.009667,0.271439
423|3.069114,-3.553205,0.257984,0.009381,0.263324
424|3.070258,-3.554646,0.254002,0.009100,0.255344
425|3.071401,-3.556063,0.250018,0.008823,0.247500
426|3.072543,-3.557458,0.246033,0.008551,0.239790
427|3.073685,-3.558830,0.242046,0.008283,0.232215
428|3.074825,-3.560178,0.238057,0.008020,0.224774
429|3.075966,-3.561504,0.234067,0.007762,0.217467
430|3.077105,-3.562807,0.230075,0.007508,0.210294
431|3.078244,-3.564087,0.226081,0.007259,0.203254
432|3.079383,-3.565344,0.222086,0.007014,0.196347
433|3.080521,-3.566579,0.218089,0.006774,0.189573
434|3.081658,-3.567790,0.214091,0.006539,0.182932
435|3.082795,-3.568979,0.210091,0.006308,0.176422
436|3.083931,-3.570144,0.206089,0.006081,0.170045
437|3.085066,-3.571287,0.202086,0.005859,0.163799
438|3.086202,-3.572407,0.198082,0.005642,0.157684
439|3.087336,-3.573505,0.194076,0.005429,0.151701
440|3.088470,-3.574579,0.190069,0.005221,0.145849
441|3.089604,-3.575631,0.186060,0.005017,0.140127
442|3.090737,-3.576660,0.182050,0.004818,0.134536
443|3.091870,-3.577666,0.178039,0.004624,0.129074
444|3.093002,-3.578650,0.174026,0.004434,0.123743
445|3.094134,-3.579611,0.170011,0.004248,0.118542
446|3.095265,-3.580549,0.165996,0.004067,0.113471
447|3.096396,-3.581464,0.161979,0.003891,0.108528
448|3.097527,-3.582356,0.157961,0.003719,0.103715
449|3.098657,-3.583226,0.153941,0.003552,0.099031
450|3.099787,-3.584073,0.149920,0.003389,0.094476
451|3.100917,-3.584897,0.145898,0.003231,0.090050
452|3.102046,-3.585699,0.141875,0.003077,0.085752
453|3.103176,-3.586478,0.137850,0.002928,0.081582
454|3.104304,-3.587234,0.133824,0.002784,0.077541
455|3.105433,-3.587968,0.129797,0.002644,0.073628
456|3.106561,-3.588678,0.125769,0.002508,0.069843
457|3.107689,-3.589366,0.121740,0.002377,0.066185
458|3.108817,-3.590032,0.117709,0.002251,0.062655
459|3.109944,-3.590674,0.113678,0.002129,0.059253
460|3.111071,-3.591294,0.109645,0.002011,0.055978
461|3.112199,-3.591892,0.105611,0.001899,0.052831
462|3.113325,-3.592466,0.101576,0.001790,0.049811
463|3.114452,-3.593018,0.097540,0.001687,0.046918
464|3.115579,-3.593547,0.093503,0.001587,0.044152
465|3.116705,-3.594054,0.089465,0.001493,0.041513
466|3.117832,-3.594537,0.085426,0.001402,0.039001
467|3.118958,-3.594998,0.081386,0.001317,0.036616
468|3.120084,-3.595437,0.077345,0.001236,0.034357
469|3.121210,-3.595852,0.073303,0.001159,0.032225
470|3.122336,-3.596245,0.069260,0.001087,0.030220
471|3.123462,-3.596615,0.065216,0.001020,0.028342
472|3.124588,-3.596963,0.061171,0.000957,0.026590
473|3.125714,-3.597287,0.057125,0.000898,0.024965
474|3.126840,-3.597589,0.053078,0.000844,0.023466
475|3.127966,-3.597868,0.049031,0.000795,0.022094
476|3.129092,-3.598125,0.044982,0.000750,0.020848
477|3.130218,-3.598359,0.040933,0.000710,0.019729
478|3.131344,-3.598570,0.036883,0.000674,0.018736
479|3.132470,-3.598758,0.032832,0.000643,0.017869
480|3.133596,-3.598923,0.028781,0.000617,0.017130
481|3.134722,-3.599066,0.024728,0.000595,0.016516
482|3.135848,-3.599185,0.020675,0.000577,0.016030
483|3.136975,-3.599282,0.016621,0.000564,0.015669
484|3.138101,-3.599357,0.012566,0.000556,0.015436
485|3.139228,-3.599408,0.008511,0.000552,0.015329
486|3.140355,-3.599436,0.004455,0.000553,0.015348
487|3.141482,-3.599442,0.000398,0.000558,0.015495
488|3.142609,-3.599425,-0.003659,0.000568,0.015768
489|3.143737,-3.599385,-0.007717,0.000582,0.016168
490|3.144864,-3.599322,-0.011776,0.000601,0.016695
491|3.145992,-3.599236,-0.015835,0.000625,0.017349
492|3.147120,-3.599127,-0.019895,0.000653,0.018130
493|3.148249,-3.598996,-0.023955,0.000685,0.019039
494|3.149377,-3.598841,-0.028016,0.000723,0.020074
495|3.150506,-3.598664,-0.032078,0.000764,0.021237
496|3.151635,-3.598463,-0.036140,0.000811,0.022528
497|3.152765,-3.598240,-0.040202,0.000862,0.023946
498|3.153895,-3.597993,-0.044265,0.000917,0.025492
499|3.155025,-3.597724,-0.048329,0.000978,0.027165
500|3.156155,-3.597431,-0.052393,0.001042,0.028967
501|3.157286,-3.597116,-0.056457,0.001112,0.030897
502|3.158418,-3.596777,-0.060522,0.001186,0.032955
503|3.159549,-3.596416,-0.064587,0.001264,0.035141
504|3.160682,-3.596031,-0.068652,0.001347,0.037456
505|3.161814,-3.595623,-0.072718,0.001435,0.039900
506|3.162947,-3.595192,-0.076785,0.001528,0.042473
507|3.164080,-3.594738,-0.080851,0.001625,0.045175
508|3.165214,-3.594261,-0.084918,0.001726,0.048006
509|3.166349,-3.593760,-0.088986,0.001833,0.050967
510|3.167484,-3.593237,-0.093053,0.001943,0.054057
511|3.168619,-3.592690,-0.097121,0.002059,0.057277
512|3.169755,-3.592120,-0.101189,0.002179,0.060628
513|3.170891,-3.591527,-0.105257,0.002304,0.064108
514|3.172028,-3.590910,-0.109326,0.002433,0.067719
515|3.173166,-3.590270,-0.113394,0.002567,0.071461
516|3.174304,-3.589607,-0.117463,0.002706,0.075334
517|3.175443,-3.588920,-0.121532,0.002850,0.079338
518|3.176582,-3.588210,-0.125601,0.002998,0.083474
519|3.177722,-3.587476,-0.129671,0.003150,0.087741
520|3.178863,-3.586720,-0.133740,0.003308,0.092141
521|3.180004,-3.585939,-0.137810,0.003470,0.096672
522|3.181146,-3.585136,-0.141879,0.003637,0.101337
523|3.182289,-3.584308,-0.145949,0.003808,0.106134
524|3.183432,-3.583457,-0.150018,0.003984,0.111064
525|3.184576,-3.582583,-0.154088,0.004165,0.116128
526|3.185721,-3.581685,-0.158157,0.004351,0.121325
527|3.186867,-3.580764,-0.162227,0.004541,0.126657
528|3.188013,-3.579818,-0.166296,0.004736,0.132122
529|3.189160,-3.578849,-0.170366,0.004936,0.137723
530|3.190308,-3.577857,-0.174435,0.005140,0.143459
531|3.191457,-3.576841,-0.178504,0.005349,0.149330
532|3.192606,-3.575801,-0.182574,0.005563,0.155336
533|3.193757,-3.574737,-0.186643,0.005782,0.161479
534|3.194908,-3.573649,-0.190711,0.006005,0.167758
535|3.196060,-3.572538,-0.194780,0.006233,0.174174
536|3.197213,-3.571402,-0.198848,0.006466,0.180728
537|3.198367,-3.570243,-0.202917,0.006704,0.187418
538|3.199522,-3.569060,-0.206985,0.006946,0.194247
539|3.200678,-3.567853,-0.211052,0.007194,0.201214
540|3.201834,-3.566621,-0.215120,0.007446,0.208320
541|3.202992,-3.565366,-0.219187,0.007702,0.215566
542|3.204151,-3.564087,-0.223254,0.007964,0.222950
543|3.205310,-3.562783,-0.227320,0.008230,0.230475
544|3.206471,-3.561456,-0.231386,0.008502,0.238140
545|3.207633,-3.560104,-0.235452,0.008778,0.245947
546|3.208795,-3.558728,-0.239517,0.009058,0.253894
547|3.209959,-3.557328,-0.243582,0.009344,0.261984
548|3.211124,-3.555903,-0.247646,0.009635,0.270216
549|3.212290,-3.554454,-0.251710,0.009930,0.278590
550|3.213457,-3.552981,-0.255774,0.010230,0.287108
551|3.214625,-3.551484,-0.259836,0.010535,0.295770
552|3.215795,-3.549961,-0.263899,0.010845,0.304576
553|3.216965,-3.548415,-0.267961,0.011160,0.313527
554|3.218137,-3.546844,-0.272022,0.011480,0.322623
555|3.219310,-3.545248,-0.276082,0.011805,0.331865
556|3.220484,-3.543628,-0.280142,0.012134,0.341253
557|3.221659,-3.541983,-0.284202,0.012469,0.350789
558|3.222836,-3.540314,-0.288260,0.012808,0.360472
559|3.224014,-3.538619,-0.292318,0.013152,0.370303
560|3.225193,-3.536900,-0.296376,0.013502,0.380282
561|3.226373,-3.535156,-0.300432,0.013856,0.390411
562|3.227555,-3.533387,-0.304488,0.014215,0.400690
563|3.228738,-3.531594,-0.308543,0.014579,0.411119
564|3.229922,-3.529775,-0.312597,0.014948,0.421699
565|3.231108,-3.527932,-0.316650,0.015322,0.432430
566|3.232295,-3.526063,-0.320703,0.015701,0.443314
567|3.233484,-3.524169,-0.324754,0.016085,0.454351
568|3.234674,-3.522250,-0.328805,0.016474,0.465542
569|3.235865,-3.520306,-0.332855,0.016868,0.476887
570|3.237058,-3.518337,-0.336903,0.017267,0.488386
571|3.238252,-3.516343,-0.340951,0.017672,0.500042
572|3.239448,-3.514323,-0.344998,0.018081,0.511853
573|3.240646,-3.512277,-0.349044,0.018495,0.523822
574|3.241844,-3.510207,-0.353088,0.018914,0.535948
575|3.243045,-3.508111,-0.357132,0.019339,0.548232
576|3.244247,-3.505989,-0.361174,0.019768,0.560676
577|3.245451,-3.503842,-0.365216,0.020203,0.573279
578|3.246656,-3.501669,-0.369256,0.020642,0.586044
579|3.247863,-3.499470,-0.373295,0.021087,0.598969
580|3.249071,-3.497246,-0.377333,0.021537,0.612057
581|3.250281,-3.494996,-0.381369,0.021992,0.625308
582|3.251493,-3.492720,-0.385404,0.022452,0.638722
583|3.252707,-3.490418,-0.389438,0.022918,0.652301
584|3.253922,-3.488090,-0.393471,0.023388,0.666045
585|3.255139,-3.485737,-0.397502,0.023864,0.679956
586|3.256358,-3.483357,-0.401532,0.024345,0.694033
587|3.257578,-3.480951,-0.405561,0.024831,0.708279
588|3.258801,-3.478519,-0.409588,0.025322,0.722693
589|3.260025,-3.476060,-0.413613,0.025819,0.737277
590|3.261251,-3.473575,-0.417637,0.026320,0.752031
591|3.262479,-3.471064,-0.421660,0.026827,0.766957
592|3.263709,-3.468527,-0.425681,0.027340,0.782055
593|3.264940,-3.465963,-0.429700,0.027857,0.797326
594|3.266174,-3.463372,-0.433718,0.028380,0.812772
595|3.267410,-3.460755,-0.437734,0.028908,0.828393
596|3.268647,-3.458112,-0.441749,0.029442,0.844189
597|3.269887,-3.455441,-0.445761,0.029980,0.860163
598|3.271128,-3.452744,-0.449772,0.030524,0.876315
599|3.272372,-3.450020,-0.453782,0.031074,0.892647
600|3.273618,-3.447269,-0.457789,0.031629,0.909158
601|3.274866,-3.444491,-0.461795,0.032189,0.925850
602|3.276116,-3.441685,-0.465798,0.032754,0.942725
603|3.277368,-3.438853,-0.469800,0.033325,0.959783
604|3.278622,-3.435994,-0.473800,0.033902,0.977025
605|3.279878,-3.433107,-0.477798,0.034484,0.994453
606|3.281137,-3.430193,-0.481794,0.035071,1.012067
607|3.282397,-3.427252,-0.485788,0.035663,1.029869
608|3.283660,-3.424283,-0.489780,0.036262,1.047859
609|3.284926,-3.421287,-0.493770,0.036865,1.066040
610|3.286193,-3.418263,-0.497757,0.037474,1.084412
611|3.287463,-3.415211,-0.501743,0.038089,1.102976
612|3.288736,-3.412132,-0.505726,0.038709,1.121733
613|3.290010,-3.409025,-0.509707,0.039335,1.140686
614|3.291287,-3.405889,-0.513686,0.039966,1.159834
615|3.292567,-3.402726,-0.517662,0.040603,1.179179
616|3.293848,-3.399535,-0.521636,0.041245,1.198723
617|3.295133,-3.396316,-0.525608,0.041893,1.218467
618|3.296420,-3.393069,-0.529577,0.042547,1.238411
619|3.297709,-3.389793,-0.533544,0.043206,1.258558
620|3.299001,-3.386489,-0.537508,0.043871,1.278909
621|3.300295,-3.383157,-0.541470,0.044542,1.299464
622|3.301592,-3.379796,-0.545429,0.045218,1.320226
623|3.302892,-3.376406,-0.549385,0.045900,1.341196
624|3.304195,-3.372988,-0.553339,0.046587,1.362375
625|3.305500,-3.369541,-0.557291,0.047281,1.383765
626|3.306807,-3.366065,-0.561239,0.047980,1.405367
627|3.308118,-3.362560,-0.565185,0.048685,1.427182
628|3.309431,-3.359027,-0.569127,0.049395,1.449212
629|3.310747,-3.355464,-0.573067,0.050112,1.471459
630|3.312066,-3.351872,-0.577005,0.050834,1.493924
631|3.313388,-3.348251,-0.580939,0.051562,1.516608
632|3.314712,-3.344600,-0.584870,0.052296,1.539514
633|3.316040,-3.340920,-0.588798,0.053035,1.562642
634|3.317370,-3.337211,-0.592723,0.053781,1.585995
635|3.318703,-3.333472,-0.596645,0.054532,1.609574
636|3.320040,-3.329703,-0.600564,0.055290,1.633380
637|3.321379,-3.325904,-0.604479,0.056053,1.657416
638|3.322721,-3.322076,-0.608391,0.056822,1.681683
639|3.324067,-3.318217,-0.612300,0.057598,1.706182
640|3.325416,-3.314329,-0.616206,0.058379,1.730916
641|3.326767,-3.310410,-0.620108,0.059166,1.755886
642|3.328122,-3.306461,-0.624007,0.059959,1.781094
643|3.329481,-3.302482,-0.627903,0.060758,1.806542
644|3.330842,-3.298472,-0.631794,0.061564,1.832232
645|3.332207,-3.294432,-0.635682,0.062375,1.858165
646|3.333575,-3.290361,-0.639567,0.063192,1.884344
647|3.334946,-3.286260,-0.643448,0.064016,1.910770
648|3.336321,-3.282127,-0.647325,0.064846,1.937445
649|3.337699,-3.277964,-0.651198,0.065682,1.964372
650|3.339080,-3.273770,-0.655068,0.066524,1.991552
651|3.340465,-3.269544,-0.658933,0.067372,2.018988
652|3.341854,-3.265287,-0.662795,0.068226,2.046680
653|3.343246,-3.260999,-0.666653,0.069087,2.074632
654|3.344642,-3.256680,-0.670506,0.069954,2.102846
655|3.346041,-3.252329,-0.674356,0.070827,2.131324
656|3.347444,-3.247946,-0.678201,0.071707,2.160067
657|3.348851,-3.243531,-0.682042,0.072593,2.189078
658|3.350261,-3.239085,-0.685879,0.073485,2.218360
659|3.351675,-3.234606,-0.689712,0.074383,2.247914
660|3.353093,-3.230096,-0.693540,0.075288,2.277744
661|3.354515,-3.225553,-0.697364,0.076199,2.307850
662|3.355941,-3.220978,-0.701183,0.077117,2.338236
663|3.357371,-3.216371,-0.704998,0.078041,2.368904
664|3.358804,-3.211731,-0.708808,0.078972,2.399856
665|3.360242,-3.207058,-0.712613,0.079909,2.431095
666|3.361683,-3.202352,-0.716413,0.080853,2.462624
667|3.363129,-3.197614,-0.720209,0.081803,2.494444
668|3.364579,-3.192842,-0.724000,0.082760,2.526559
669|3.366033,-3.188038,-0.727786,0.083723,2.558971
670|3.367491,-3.183200,-0.731567,0.084693,2.591683
671|3.368954,-3.178329,-0.735343,0.085670,2.624697
672|3.370421,-3.173424,-0.739114,0.086653,2.658016
673|3.371892,-3.168486,-0.742879,0.087643,2.691643
674|3.373367,-3.163514,-0.746640,0.088640,2.725580
675|3.374847,-3.158508,-0.750395,0.089644,2.759832
676|3.376331,-3.153468,-0.754144,0.090654,2.794399
677|3.377820,-3.148394,-0.757888,0.091671,2.829286
678|3.379314,-3.143285,-0.761627,0.092694,2.864495
679|3.380812,-3.138142,-0.765360,0.093725,2.900030
680|3.382315,-3.132965,-0.769087,0.094763,2.935893
681|3.383822,-3.127753,-0.772809,0.095807,2.972087
682|3.385334,-3.122506,-0.776524,0.096858,3.008616
683|3.386852,-3.117225,-0.780234,0.097917,3.045483
684|3.388373,-3.111908,-0.783938,0.098982,3.082690
685|3.389900,-3.106556,-0.787636,0.100054,3.120242
686|3.391432,-3.101169,-0.791328,0.101133,3.158142
687|3.392969,-3.095746,-0.795013,0.102220,3.196393
688|3.394511,-3.090287,-0.798692,0.103313,3.234998
689|3.396057,-3.084793,-0.802365,0.104413,3.273962
690|3.397610,-3.079263,-0.806031,0.105521,3.313286
691|3.399167,-3.073697,-0.809691,0.106636,3.352976
692|3.400729,-3.068095,-0.813344,0.107758,3.393035
693|3.402297,-3.062456,-0.816991,0.108887,3.433467
694|3.403871,-3.056781,-0.820630,0.110023,3.474274
695|3.405449,-3.051069,-0.824263,0.111167,3.515462
696|3.407034,-3.045320,-0.827889,0.112318,3.557034
697|3.408624,-3.039535,-0.831508,0.113477,3.598993
698|3.410219,-3.033712,-0.835120,0.114642,3.641345
699|3.411820,-3.027852,-0.838724,0.115816,3.684092
700|3.413427,-3.021955,-0.842321,0.116996,3.727240
701|3.415040,-3.016020,-0.845911,0.118184,3.770792
702|3.416658,-3.010047,-0.849493,0.119380,3.814753
703|3.418283,-3.004037,-0.853068,0.120583,3.859126
704|3.419913,-2.997988,-0.856635,0.121794,3.903917
705|3.421549,-2.991901,-0.860194,0.123012,3.949130
706|3.423192,-2.985776,-0.863745,0.124238,3.994769
707|3.424841,-2.979612,-0.867289,0.125471,4.040839
708|3.426496,-2.973409,-0.870824,0.126713,4.087345
709|3.428157,-2.967168,-0.874351,0.127962,4.134291
710|3.429825,-2.960887,-0.877870,0.129218,4.181683
711|3.431499,-2.954568,-0.881380,0.130483,4.229524
712|3.433180,-2.948209,-0.884882,0.131755,4.277821
713|3.434867,-2.941810,-0.888375,0.133036,4.326578
714|3.436561,-2.935371,-0.891860,0.134324,4.375801
715|3.438262,-2.928893,-0.895335,0.135620,4.425494
716|3.439970,-2.922374,-0.898802,0.136924,4.475663
717|3.441684,-2.915815,-0.902260,0.138236,4.526314
718|3.443406,-2.909216,-0.905708,0.139556,4.577452
719|3.445134,-2.902576,-0.909147,0.140884,4.629082
720|3.446870,-2.895895,-0.912577,0.142221,4.681211
721|3.448613,-2.889172,-0.915997,0.143565,4.733844
722|3.450363,-2.882409,-0.919408,0.144918,4.786986
723|3.452120,-2.875604,-0.922809,0.146279,4.840645
724|3.453885,-2.868758,-0.926200,0.147648,4.894826
725|3.455658,-2.861870,-0.929581,0.149025,4.949535
726|3.457438,-2.854939,-0.932951,0.150411,5.004779
727|3.459226,-2.847967,-0.936312,0.151805,5.060564
728|3.461022,-2.840952,-0.939662,0.153208,5.116896
729|3.462825,-2.833894,-0.943001,0.154619,5.173783
730|3.464637,-2.826793,-0.946330,0.156039,5.231231
731|3.466457,-2.819650,-0.949648,0.157467,5.289247
732|3.468285,-2.812463,-0.952955,0.158904,5.347837
733|3.470121,-2.805232,-0.956251,0.160349,5.407010
734|3.471966,-2.797958,-0.959536,0.161803,5.466772
735|3.473819,-2.790640,-0.962809,0.163266,5.527131
736|3.475680,-2.783278,-0.966071,0.164738,5.588094
737|3.477550,-2.775871,-0.969321,0.166218,5.649668
738|3.479430,-2.768420,-0.972560,0.167708,5.711863
739|3.481318,-2.760924,-0.975786,0.169206,5.774685
740|3.483214,-2.753383,-0.979000,0.170713,5.838143
741|3.485121,-2.745797,-0.982202,0.172229,5.902245
742|3.487036,-2.738165,-0.985392,0.173754,5.966999
743|3.488960,-2.730487,-0.988569,0.175288,6.032414
744|3.490894,-2.722764,-0.991733,0.176832,6.098498
745|3.492838,-2.714994,-0.994884,0.178384,6.165261
746|3.494791,-2.707178,-0.998022,0.179946,6.232711
747|3.496754,-2.699315,-1.001147,0.181517,6.300859
748|3.498727,-2.691405,-1.004258,0.183098,6.369712
749|3.500710,-2.683448,-1.007355,0.184687,6.439280
750|3.502704,-2.675443,-1.010439,0.186286,6.509574
751|3.504707,-2.667391,-1.013509,0.187895,6.580603
752|3.506721,-2.659291,-1.016565,0.189513,6.652378
753|3.508745,-2.651142,-1.019606,0.191141,6.724908
754|3.510781,-2.642946,-1.022633,0.192778,6.798204
755|3.512826,-2.634700,-1.025645,0.194425,6.872277
756|3.514883,-2.626405,-1.028642,0.196082,6.947138
757|3.516951,-2.618061,-1.031624,0.197749,7.022798
758|3.519031,-2.609668,-1.034590,0.199425,7.099269
759|3.521121,-2.601224,-1.037541,0.201111,7.176561
760|3.523224,-2.592731,-1.040476,0.202808,7.254687
761|3.525338,-2.584187,-1.043395,0.204514,7.333658
762|3.527463,-2.575592,-1.046298,0.206230,7.413488
763|3.529601,-2.566947,-1.049185,0.207956,7.494188
764|3.531751,-2.558250,-1.052055,0.209693,7.575772
765|3.533913,-2.549502,-1.054908,0.211440,7.658252
766|3.536088,-2.540702,-1.057744,0.213197,7.741643
767|3.538276,-2.531849,-1.060563,0.214964,7.825956
768|3.540476,-2.522945,-1.063364,0.216742,7.911207
769|3.542689,-2.513987,-1.066148,0.218531,7.997410
770|3.544916,-2.504976,-1.068913,0.220330,8.084579
771|3.547156,-2.495913,-1.071660,0.222139,8.172729
772|3.549409,-2.486795,-1.074389,0.223959,8.261875
773|3.551676,-2.477623,-1.077098,0.225790,8.352032
774|3.553957,-2.468397,-1.079789,0.227632,8.443217
775|3.556253,-2.459117,-1.082461,0.229484,8.535445
776|3.558562,-2.449781,-1.085112,0.231347,8.628733
777|3.560886,-2.440390,-1.087744,0.233222,8.723098
778|3.563225,-2.430943,-1.090356,0.235107,8.818557
779|3.565579,-2.421441,-1.092948,0.237004,8.915128
780|3.567948,-2.411882,-1.095518,0.238911,9.012828
781|3.570333,-2.402266,-1.098068,0.240830,9.111675
782|3.572733,-2.392594,-1.100597,0.242761,9.211690
783|3.575149,-2.382863,-1.103104,0.244702,9.312891
784|3.577581,-2.373076,-1.105588,0.246655,9.415297
785|3.580029,-2.363230,-1.108051,0.248620,9.518929
786|3.582494,-2.353325,-1.110491,0.250596,9.623808
787|3.584975,-2.343362,-1.112909,0.252584,9.729953
788|3.587474,-2.333339,-1.115303,0.254584,9.837388
789|3.589990,-2.323257,-1.117674,0.256596,9.946134
790|3.592524,-2.313115,-1.120020,0.258619,10.056214
791|3.595076,-2.302912,-1.122343,0.260654,10.167650
792|3.597645,-2.292649,-1.124641,0.262702,10.280467
793|3.600234,-2.282324,-1.126914,0.264762,10.394688
794|3.602840,-2.271938,-1.129162,0.266833,10.510339
795|3.605466,-2.261490,-1.131384,0.268918,10.627445
796|3.608112,-2.250979,-1.133580,0.271014,10.746032
797|3.610776,-2.240406,-1.135750,0.273123,10.866126
798|3.613461,-2.229769,-1.137893,0.275245,10.987756
799|3.616166,-2.219069,-1.140008,0.277379,11.110948
800|3.618892,-2.208304,-1.142096,0.279526,11.235733
801|3.621638,-2.197475,-1.144156,0.281686,11.362139
802|3.624406,-2.186581,-1.146188,0.283858,11.490196
803|3.627195,-2.175621,-1.148190,0.286044,11.619936
804|3.630007,-2.164596,-1.150164,0.288243,11.751391
805|3.632840,-2.153504,-1.152107,0.290454,11.884592
806|3.635697,-2.142345,-1.154020,0.292680,12.019574
807|3.638576,-2.131119,-1.155903,0.294918,12.156370
808|3.641479,-2.119826,-1.157754,0.297170,12.295017
809|3.644406,-2.108464,-1.159574,0.299436,12.435550
810|3.647357,-2.097033,-1.161361,0.301715,12.578007
811|3.650333,-2.085533,-1.163116,0.304007,12.722425
812|3.653335,-2.073963,-1.164837,0.306314,12.868844
813|3.656361,-2.062323,-1.166525,0.308635,13.017305
814|3.659414,-2.050612,-1.168178,0.310969,13.167848
815|3.662494,-2.038830,-1.169797,0.313318,13.320516
816|3.665600,-2.026976,-1.171380,0.315681,13.475353
817|3.668734,-2.015050,-1.172928,0.318059,13.632403
818|3.671896,-2.003051,-1.174439,0.320451,13.791714
819|3.675087,-1.990978,-1.175912,0.322857,13.953333
820|3.678306,-1.978831,-1.177348,0.325278,14.117308
821|3.681556,-1.966610,-1.178746,0.327714,14.283691
822|3.684835,-1.954314,-1.180104,0.330165,14.452532
823|3.688145,-1.941942,-1.181423,0.332631,14.623885
824|3.691487,-1.929493,-1.182702,0.335112,14.797806
825|3.694860,-1.916968,-1.183940,0.337608,14.974350
826|3.698267,-1.904366,-1.185136,0.340120,15.153576
827|3.701706,-1.891685,-1.186289,0.342647,15.335544
828|3.705179,-1.878925,-1.187400,0.345190,15.520316
829|3.708687,-1.866086,-1.188466,0.347748,15.707956
830|3.712230,-1.853167,-1.189488,0.350322,15.898529
831|3.715809,-1.840168,-1.190465,0.352913,16.092103
832|3.719424,-1.827087,-1.191396,0.355519,16.288748
833|3.723077,-1.813925,-1.192279,0.358142,16.488537
834|3.726769,-1.800679,-1.193115,0.360781,16.691544
835|3.730499,-1.787351,-1.193902,0.363437,16.897845
836|3.734269,-1.773938,-1.194639,0.366109,17.107520
837|3.738080,-1.760441,-1.195327,0.368798,17.320652
838|3.741933,-1.746859,-1.195962,0.371504,17.537324
839|3.745828,-1.733190,-1.196546,0.374227,17.757624
840|3.749766,-1.719435,-1.197076,0.376968,17.981643
841|3.753749,-1.705592,-1.197552,0.379725,18.209474
842|3.757777,-1.691661,-1.197973,0.382501,18.441215
843|3.761851,-1.677641,-1.198338,0.385293,18.676964
844|3.765973,-1.663531,-1.198645,0.388104,18.916825
845|3.770144,-1.649330,-1.198894,0.390933,19.160907
846|3.774364,-1.635038,-1.199084,0.393780,19.409319
847|3.778634,-1.620654,-1.199212,0.396645,19.662176
848|3.782957,-1.606177,-1.199279,0.399528,19.919599
849|3.787333,-1.591606,-1.199284,0.402431,20.181709
850|3.791764,-1.576940,-1.199223,0.405352,20.448635
851|3.796250,-1.562179,-1.199098,0.408292,20.720509
852|3.800794,-1.547322,-1.198905,0.411251,20.997470
853|3.805396,-1.532367,-1.198644,0.414229,21.279659
854|3.810058,-1.517315,-1.198314,0.417227,21.567226
855|3.814782,-1.502163,-1.197913,0.420244,21.860324
856|3.819569,-1.486911,-1.197440,0.423282,22.159112
857|3.824421,-1.471559,-1.196892,0.426339,22.463757
858|3.829339,-1.456105,-1.196270,0.429417,22.774432
859|3.834326,-1.440548,-1.195570,0.432515,23.091316
860|3.839382,-1.424887,-1.194791,0.435633,23.414596
861|3.844510,-1.409122,-1.193933,0.438773,23.744467
862|3.849713,-1.393251,-1.192992,0.441933,24.081130
863|3.854991,-1.377274,-1.191968,0.445115,24.424797
864|3.860347,-1.361189,-1.190857,0.448318,24.775687
865|3.865783,-1.344995,-1.189660,0.451542,25.134030
866|3.871301,-1.328691,-1.188373,0.454788,25.500063
867|3.876905,-1.312277,-1.186994,0.458057,25.874036
868|3.882596,-1.295751,-1.185522,0.461347,26.256210
869|3.888376,-1.279112,-1.183954,0.464660,26.646854
870|3.894249,-1.262359,-1.182288,0.467996,27.046253
871|3.900217,-1.245491,-1.180522,0.471355,27.454704
872|3.906284,-1.228506,-1.178654,0.474737,27.872516
873|3.912452,-1.211404,-1.176681,0.478142,28.300013
874|3.918724,-1.194184,-1.174600,0.481570,28.737534
875|3.925103,-1.176844,-1.172409,0.485023,29.185436
876|3.931594,-1.159382,-1.170105,0.488500,29.644089
877|3.938199,-1.141799,-1.167686,0.492001,30.113884
878|3.944923,-1.124093,-1.165149,0.495526,30.595230
879|3.951770,-1.106261,-1.162490,0.499076,31.088556
880|3.958742,-1.088305,-1.159706,0.502652,31.594314
881|3.965846,-1.070221,-1.156795,0.506252,32.112976
882|3.973085,-1.052008,-1.153753,0.509879,32.645041
883|3.980464,-1.033667,-1.150576,0.513531,33.191031
884|3.987988,-1.015194,-1.147261,0.517209,33.751497
885|3.995662,-0.996589,-1.143805,0.520913,34.327020
886|4.003492,-0.977851,-1.140202,0.524645,34.918209
887|4.011484,-0.958978,-1.136450,0.528403,35.525710
888|4.019643,-0.939970,-1.132545,0.532188,36.150201
889|4.027977,-0.920823,-1.128481,0.536000,36.792400
890|4.036491,-0.901539,-1.124254,0.539841,37.453064
891|4.045193,-0.882114,-1.119860,0.543709,38.132994
892|4.054090,-0.862549,-1.115294,0.547606,38.833036
893|4.063191,-0.842841,-1.110550,0.551531,39.554087
894|4.072503,-0.822989,-1.105623,0.555485,40.297095
895|4.082036,-0.802992,-1.100508,0.559468,41.063068
896|4.091799,-0.782849,-1.095199,0.563480,41.853072
897|4.101801,-0.762558,-1.089690,0.567522,42.668239
898|4.112054,-0.742119,-1.083974,0.571594,43.509774
899|4.122568,-0.721531,-1.078044,0.575695,44.378954
900|4.133356,-0.700791,-1.071895,0.579828,45.277140
901|4.144430,-0.679900,-1.065518,0.583990,46.205781
902|4.155803,-0.658856,-1.058906,0.588184,47.166420
903|4.167489,-0.637658,-1.052051,0.592409,48.160702
904|4.179505,-0.616305,-1.044944,0.596665,49.190384
905|4.191866,-0.594798,-1.037577,0.600952,50.257340
906|4.204589,-0.573134,-1.029940,0.605271,51.363574
907|4.217694,-0.551314,-1.022023,0.609622,52.511230
908|4.231200,-0.529337,-1.013817,0.614004,53.702601
909|4.245128,-0.507204,-1.005310,0.618419,54.940146
910|4.259502,-0.484914,-0.996491,0.622865,56.226499
911|4.274345,-0.462467,-0.987348,0.627344,57.564483
912|4.289685,-0.439864,-0.977869,0.631855,58.957133
913|4.305551,-0.417106,-0.968039,0.636397,60.407706
914|4.321971,-0.394195,-0.957845,0.640972,61.919700
915|4.338981,-0.371130,-0.947271,0.645578,63.496880
916|4.356616,-0.347916,-0.936302,0.650216,65.143290
917|4.374914,-0.324554,-0.924921,0.654884,66.863286
918|4.393918,-0.301047,-0.913110,0.659584,68.661552
919|4.413673,-0.277399,-0.900851,0.664313,70.543127
920|4.434229,-0.253615,-0.888122,0.669071,72.513432
921|4.455640,-0.229700,-0.874903,0.673858,74.578298
922|4.477965,-0.205660,-0.861170,0.678672,76.743985
923|4.501267,-0.181505,-0.846901,0.683512,79.017214
924|4.525616,-0.157241,-0.832070,0.688377,81.405184
925|4.551088,-0.132881,-0.816648,0.693264,83.915588
926|4.577767,-0.108435,-0.800608,0.698172,86.556626
927|4.605743,-0.083920,-0.783918,0.703099,89.337000
928|4.635117,-0.059351,-0.766547,0.708040,92.265894
929|4.665996,-0.034748,-0.748459,0.712994,95.352937
930|4.698500,-0.010134,-0.729618,0.717955,98.608127
931|4.732759,0.014465,-0.709985,0.693991,97.958287
932|4.768915,0.039017,-0.689520,0.649848,94.335981
933|4.807122,0.063489,-0.668179,0.605859,90.514809
934|4.847549,0.087838,-0.645920,0.562099,86.485167
935|4.890376,0.112017,-0.622694,0.518655,82.238483
936|4.935800,0.135971,-0.598454,0.475626,77.767890
937|4.984028,0.159637,-0.573153,0.433127,73.069112
938|5.035281,0.182941,-0.546742,0.391291,68.141618
939|5.089789,0.205801,-0.519173,0.350268,62.990098
940|5.147785,0.228120,-0.490402,0.310232,57.626290
941|5.209504,0.249789,-0.460389,0.271378,52.071190
942|5.275168,0.270687,-0.429099,0.233927,46.357605
943|5.344979,0.290676,-0.396508,0.198126,40.532943
944|5.419101,0.309604,-0.362607,0.164246,34.662006
945|5.497638,0.327305,-0.327402,0.132583,28.829378
946|5.580619,0.343601,-0.290922,0.103452,23.140820
947|5.667965,0.358307,-0.253222,0.077181,17.722879
948|5.759470,0.371235,-0.214390,0.054102,12.719860
949|5.854782,0.382201,-0.174547,0.034537,8.287430
950|5.953388,0.391036,-0.133851,0.018780,4.582602
951|6.054619,0.397593,-0.092493,0.007084,1.750640
952|6.157668,0.401763,-0.050695,0.000359,0.089497
953|6.261628,0.403476,-0.008699,0.003435,0.858698
954|0.082350,0.402716,0.033239,0.002113,0.527396
